/* Number of Operations */
375
/* List of Operations. */
/* Start	End	Fly	#Internal	Locations...*/
0	20	-1	0
20	285	-1	0
285	322	-1	0
322	372	-1	0
372	121	-1	0
121	3	-1	0
3	40	-1	0
40	338	-1	0
338	225	-1	0
225	89	-1	0
89	319	-1	0
319	116	-1	0
116	351	-1	0
351	257	-1	0
257	187	-1	0
187	279	-1	0
279	92	-1	0
92	31	-1	0
31	192	-1	0
192	244	-1	0
244	137	-1	0
137	47	-1	0
47	142	-1	0
142	191	-1	0
191	356	-1	0
356	86	-1	0
86	317	-1	0
317	155	-1	0
155	220	-1	0
220	179	-1	0
179	312	-1	0
312	298	-1	0
298	83	-1	0
83	333	-1	0
333	194	-1	0
194	353	-1	0
353	145	-1	0
145	208	-1	0
208	201	-1	0
201	325	-1	0
325	29	-1	0
29	302	-1	0
302	200	-1	0
200	114	-1	0
114	245	-1	0
245	74	-1	0
74	374	-1	0
374	129	-1	0
129	361	-1	0
361	97	-1	0
97	357	-1	0
357	124	-1	0
124	136	-1	0
136	212	-1	0
212	243	-1	0
243	150	-1	0
150	209	-1	0
209	34	-1	0
34	82	-1	0
82	22	-1	0
22	91	-1	0
91	226	-1	0
226	224	-1	0
224	218	-1	0
218	49	-1	0
49	277	-1	0
277	177	-1	0
177	26	-1	0
26	215	-1	0
215	195	-1	0
195	53	-1	0
53	234	-1	0
234	56	-1	0
56	106	-1	0
106	174	-1	0
174	156	-1	0
156	183	-1	0
183	346	-1	0
346	126	-1	0
126	21	-1	0
21	172	-1	0
172	247	-1	0
247	6	-1	0
6	296	-1	0
296	204	-1	0
204	318	-1	0
318	260	-1	0
260	193	-1	0
193	27	-1	0
27	246	-1	0
246	309	-1	0
309	273	-1	0
273	362	-1	0
362	196	-1	0
196	229	-1	0
229	180	-1	0
180	118	-1	0
118	1	-1	0
1	42	-1	0
42	171	-1	0
171	99	-1	0
99	57	-1	0
57	299	-1	0
299	235	-1	0
235	59	-1	0
59	140	-1	0
140	368	-1	0
368	62	-1	0
62	16	-1	0
16	11	-1	0
11	80	-1	0
80	213	-1	0
213	161	-1	0
161	369	-1	0
369	214	-1	0
214	202	-1	0
202	32	-1	0
32	352	-1	0
352	227	-1	0
227	147	-1	0
147	348	-1	0
348	105	-1	0
105	241	-1	0
241	182	-1	0
182	132	-1	0
132	326	-1	0
326	135	-1	0
135	164	-1	0
164	58	-1	0
58	262	-1	0
262	334	-1	0
334	44	-1	0
44	55	-1	0
55	251	-1	0
251	350	-1	0
350	324	-1	0
324	81	-1	0
81	117	-1	0
117	100	-1	0
100	255	-1	0
255	65	-1	0
65	169	-1	0
169	108	-1	0
108	219	-1	0
219	111	-1	0
111	9	-1	0
9	308	-1	0
308	163	-1	0
163	323	-1	0
323	358	-1	0
358	152	-1	0
152	198	-1	0
198	24	-1	0
24	88	-1	0
88	278	-1	0
278	359	-1	0
359	104	-1	0
104	207	-1	0
207	272	-1	0
272	176	-1	0
176	370	-1	0
370	238	-1	0
238	7	-1	0
7	38	-1	0
38	306	-1	0
306	264	-1	0
264	25	-1	0
25	271	-1	0
271	36	-1	0
36	341	-1	0
341	13	-1	0
13	269	-1	0
269	72	-1	0
72	188	-1	0
188	12	-1	0
12	281	-1	0
281	276	-1	0
276	165	-1	0
165	73	-1	0
73	347	-1	0
347	50	-1	0
50	303	-1	0
303	330	-1	0
330	349	-1	0
349	170	-1	0
170	283	-1	0
283	344	-1	0
344	158	-1	0
158	304	-1	0
304	239	-1	0
239	148	-1	0
148	197	-1	0
197	120	-1	0
120	119	-1	0
119	17	-1	0
17	250	-1	0
250	367	-1	0
367	19	-1	0
19	249	-1	0
249	39	-1	0
39	354	-1	0
354	151	-1	0
151	265	-1	0
265	127	-1	0
127	252	-1	0
252	205	-1	0
205	154	-1	0
154	287	-1	0
287	295	-1	0
295	345	-1	0
345	335	-1	0
335	365	-1	0
365	284	-1	0
284	355	-1	0
355	270	-1	0
270	292	-1	0
292	41	-1	0
41	248	-1	0
248	28	-1	0
28	46	-1	0
46	77	-1	0
77	364	-1	0
364	315	-1	0
315	178	-1	0
178	236	-1	0
236	313	-1	0
313	14	-1	0
14	125	-1	0
125	87	-1	0
87	160	-1	0
160	340	-1	0
340	206	-1	0
206	153	-1	0
153	130	-1	0
130	203	-1	0
203	282	-1	0
282	221	-1	0
221	146	-1	0
146	261	-1	0
261	274	-1	0
274	366	-1	0
366	288	-1	0
288	332	-1	0
332	139	-1	0
139	143	-1	0
143	314	-1	0
314	339	-1	0
339	52	-1	0
52	327	-1	0
327	316	-1	0
316	210	-1	0
210	300	-1	0
300	8	-1	0
8	190	-1	0
190	371	-1	0
371	199	-1	0
199	109	-1	0
109	305	-1	0
305	373	-1	0
373	84	-1	0
84	217	-1	0
217	311	-1	0
311	141	-1	0
141	232	-1	0
232	167	-1	0
167	331	-1	0
331	85	-1	0
85	134	-1	0
134	162	-1	0
162	149	-1	0
149	321	-1	0
321	166	-1	0
166	67	-1	0
67	101	-1	0
101	107	-1	0
107	64	-1	0
64	185	-1	0
185	253	-1	0
253	63	-1	0
63	133	-1	0
133	66	-1	0
66	113	-1	0
113	123	-1	0
123	256	-1	0
256	320	-1	0
320	168	-1	0
168	336	-1	0
336	240	-1	0
240	69	-1	0
69	266	-1	0
266	79	-1	0
79	128	-1	0
128	71	-1	0
71	181	-1	0
181	94	-1	0
94	222	-1	0
222	173	-1	0
173	30	-1	0
30	157	-1	0
157	360	-1	0
360	290	-1	0
290	112	-1	0
112	35	-1	0
35	289	-1	0
289	237	-1	0
237	230	-1	0
230	37	-1	0
37	242	-1	0
242	60	-1	0
60	363	-1	0
363	15	-1	0
15	18	-1	0
18	110	-1	0
110	61	-1	0
61	68	-1	0
68	328	-1	0
328	96	-1	0
96	102	-1	0
102	258	-1	0
258	231	-1	0
231	186	-1	0
186	175	-1	0
175	10	-1	0
10	263	-1	0
263	138	-1	0
138	54	-1	0
54	2	-1	0
2	343	-1	0
343	293	-1	0
293	95	-1	0
95	115	-1	0
115	70	-1	0
70	211	-1	0
211	4	-1	0
4	337	-1	0
337	291	-1	0
291	259	-1	0
259	280	-1	0
280	23	-1	0
23	103	-1	0
103	301	-1	0
301	98	-1	0
98	75	-1	0
75	268	-1	0
268	33	-1	0
33	131	-1	0
131	93	-1	0
93	233	-1	0
233	78	-1	0
78	216	-1	0
216	90	-1	0
90	228	-1	0
228	310	-1	0
310	5	-1	0
5	342	-1	0
342	45	-1	0
45	223	-1	0
223	286	-1	0
286	294	-1	0
294	329	-1	0
329	48	-1	0
48	43	-1	0
43	189	-1	0
189	76	-1	0
76	254	-1	0
254	184	-1	0
184	297	-1	0
297	267	-1	0
267	159	-1	0
159	144	-1	0
144	307	-1	0
307	122	-1	0
122	275	-1	0
275	51	-1	0
51	0	-1	0
