/* Number of Operations */
50
/* List of Operations. */
/* Start	End	Fly	#Internal	Locations...*/
0	44	-1	0
44	11	-1	0
11	2	-1	0
2	40	-1	0
40	33	-1	0
33	9	-1	0
9	28	-1	0
28	12	-1	0
12	18	-1	0
18	25	-1	0
25	15	-1	0
15	32	-1	0
32	19	-1	0
19	24	-1	0
24	6	-1	0
6	3	-1	0
3	29	-1	0
29	10	-1	0
10	5	-1	0
5	21	-1	0
21	35	-1	0
35	45	-1	0
45	8	-1	0
8	37	-1	0
37	41	-1	0
41	22	-1	0
22	23	-1	0
23	48	-1	0
48	46	-1	0
46	34	-1	0
34	43	-1	0
43	26	-1	0
26	13	-1	0
13	42	-1	0
42	7	-1	0
7	39	-1	0
39	47	-1	0
47	20	-1	0
20	27	-1	0
27	38	-1	0
38	17	-1	0
17	30	-1	0
30	31	-1	0
31	16	-1	0
16	49	-1	0
49	14	-1	0
14	36	-1	0
36	4	-1	0
4	1	-1	0
1	0	-1	0
