/* Number of Operations */
250
/* List of Operations. */
/* Start	End	Fly	#Internal	Locations...*/
0	28	-1	0
28	159	-1	0
159	230	-1	0
230	85	-1	0
85	38	-1	0
38	176	-1	0
176	2	-1	0
2	87	-1	0
87	62	-1	0
62	70	-1	0
70	39	-1	0
39	117	-1	0
117	67	-1	0
67	162	-1	0
162	245	-1	0
245	248	-1	0
248	78	-1	0
78	24	-1	0
24	65	-1	0
65	118	-1	0
118	1	-1	0
1	4	-1	0
4	137	-1	0
137	48	-1	0
48	61	-1	0
61	56	-1	0
56	102	-1	0
102	90	-1	0
90	148	-1	0
148	208	-1	0
208	83	-1	0
83	233	-1	0
233	244	-1	0
244	185	-1	0
185	35	-1	0
35	22	-1	0
22	128	-1	0
128	178	-1	0
178	81	-1	0
81	154	-1	0
154	156	-1	0
156	152	-1	0
152	142	-1	0
142	112	-1	0
112	52	-1	0
52	134	-1	0
134	80	-1	0
80	58	-1	0
58	26	-1	0
26	229	-1	0
229	53	-1	0
53	7	-1	0
7	37	-1	0
37	96	-1	0
96	129	-1	0
129	92	-1	0
92	172	-1	0
172	63	-1	0
63	27	-1	0
27	203	-1	0
203	150	-1	0
150	101	-1	0
101	111	-1	0
111	181	-1	0
181	184	-1	0
184	234	-1	0
234	16	-1	0
16	17	-1	0
17	216	-1	0
216	15	-1	0
15	55	-1	0
55	132	-1	0
132	21	-1	0
21	144	-1	0
144	71	-1	0
71	109	-1	0
109	120	-1	0
120	122	-1	0
122	60	-1	0
60	40	-1	0
40	166	-1	0
166	226	-1	0
226	222	-1	0
222	149	-1	0
149	175	-1	0
175	206	-1	0
206	116	-1	0
116	228	-1	0
228	249	-1	0
249	240	-1	0
240	246	-1	0
246	235	-1	0
235	207	-1	0
207	170	-1	0
170	68	-1	0
68	11	-1	0
11	173	-1	0
173	167	-1	0
167	163	-1	0
163	182	-1	0
182	43	-1	0
43	31	-1	0
31	192	-1	0
192	50	-1	0
50	100	-1	0
100	30	-1	0
30	74	-1	0
74	189	-1	0
189	218	-1	0
218	57	-1	0
57	188	-1	0
188	174	-1	0
174	195	-1	0
195	146	-1	0
146	84	-1	0
84	51	-1	0
51	143	-1	0
143	108	-1	0
108	180	-1	0
180	104	-1	0
104	214	-1	0
214	177	-1	0
177	232	-1	0
232	191	-1	0
191	169	-1	0
169	59	-1	0
59	64	-1	0
64	8	-1	0
8	145	-1	0
145	114	-1	0
114	224	-1	0
224	211	-1	0
211	19	-1	0
19	6	-1	0
6	110	-1	0
110	29	-1	0
29	12	-1	0
12	82	-1	0
82	168	-1	0
168	241	-1	0
241	165	-1	0
165	91	-1	0
91	130	-1	0
130	198	-1	0
198	231	-1	0
231	196	-1	0
196	98	-1	0
98	47	-1	0
47	239	-1	0
239	215	-1	0
215	247	-1	0
247	133	-1	0
133	72	-1	0
72	77	-1	0
77	210	-1	0
210	106	-1	0
106	227	-1	0
227	217	-1	0
217	41	-1	0
41	93	-1	0
93	36	-1	0
36	94	-1	0
94	79	-1	0
79	5	-1	0
5	200	-1	0
200	25	-1	0
25	3	-1	0
3	212	-1	0
212	141	-1	0
141	66	-1	0
66	187	-1	0
187	194	-1	0
194	69	-1	0
69	202	-1	0
202	201	-1	0
201	199	-1	0
199	213	-1	0
213	95	-1	0
95	20	-1	0
20	103	-1	0
103	193	-1	0
193	23	-1	0
23	14	-1	0
14	220	-1	0
220	76	-1	0
76	127	-1	0
127	238	-1	0
238	113	-1	0
113	136	-1	0
136	135	-1	0
135	107	-1	0
107	54	-1	0
54	44	-1	0
44	209	-1	0
209	42	-1	0
42	32	-1	0
32	126	-1	0
126	105	-1	0
105	140	-1	0
140	97	-1	0
97	237	-1	0
237	46	-1	0
46	45	-1	0
45	86	-1	0
86	190	-1	0
190	34	-1	0
34	223	-1	0
223	243	-1	0
243	147	-1	0
147	179	-1	0
179	242	-1	0
242	153	-1	0
153	139	-1	0
139	9	-1	0
9	225	-1	0
225	219	-1	0
219	160	-1	0
160	73	-1	0
73	49	-1	0
49	186	-1	0
186	125	-1	0
125	75	-1	0
75	164	-1	0
164	158	-1	0
158	138	-1	0
138	205	-1	0
205	183	-1	0
183	131	-1	0
131	157	-1	0
157	99	-1	0
99	89	-1	0
89	197	-1	0
197	151	-1	0
151	171	-1	0
171	10	-1	0
10	18	-1	0
18	121	-1	0
121	88	-1	0
88	13	-1	0
13	221	-1	0
221	161	-1	0
161	204	-1	0
204	236	-1	0
236	123	-1	0
123	155	-1	0
155	119	-1	0
119	115	-1	0
115	33	-1	0
33	124	-1	0
124	0	-1	0
