/* Number of Operations */
375
/* List of Operations. */
/* Start	End	Fly	#Internal	Locations...*/
0	130	-1	0
130	220	-1	0
220	14	-1	0
14	203	-1	0
203	29	-1	0
29	10	-1	0
10	310	-1	0
310	238	-1	0
238	1	-1	0
1	244	-1	0
244	200	-1	0
200	35	-1	0
35	72	-1	0
72	131	-1	0
131	356	-1	0
356	114	-1	0
114	363	-1	0
363	54	-1	0
54	128	-1	0
128	138	-1	0
138	311	-1	0
311	199	-1	0
199	195	-1	0
195	33	-1	0
33	36	-1	0
36	251	-1	0
251	104	-1	0
104	107	-1	0
107	178	-1	0
178	237	-1	0
237	157	-1	0
157	188	-1	0
188	19	-1	0
19	163	-1	0
163	219	-1	0
219	7	-1	0
7	282	-1	0
282	217	-1	0
217	103	-1	0
103	252	-1	0
252	96	-1	0
96	62	-1	0
62	369	-1	0
369	323	-1	0
323	143	-1	0
143	334	-1	0
334	366	-1	0
366	262	-1	0
262	112	-1	0
112	98	-1	0
98	153	-1	0
153	142	-1	0
142	285	-1	0
285	324	-1	0
324	145	-1	0
145	185	-1	0
185	345	-1	0
345	308	-1	0
308	229	-1	0
229	370	-1	0
370	347	-1	0
347	68	-1	0
68	213	-1	0
213	144	-1	0
144	236	-1	0
236	365	-1	0
365	105	-1	0
105	257	-1	0
257	201	-1	0
201	136	-1	0
136	119	-1	0
119	156	-1	0
156	23	-1	0
23	11	-1	0
11	335	-1	0
335	332	-1	0
332	92	-1	0
92	81	-1	0
81	307	-1	0
307	222	-1	0
222	294	-1	0
294	46	-1	0
46	39	-1	0
39	207	-1	0
207	331	-1	0
331	126	-1	0
126	117	-1	0
117	41	-1	0
41	42	-1	0
42	161	-1	0
161	162	-1	0
162	181	-1	0
181	208	-1	0
208	151	-1	0
151	110	-1	0
110	63	-1	0
63	321	-1	0
321	191	-1	0
191	292	-1	0
292	76	-1	0
76	264	-1	0
264	270	-1	0
270	372	-1	0
372	231	-1	0
231	2	-1	0
2	134	-1	0
134	20	-1	0
20	56	-1	0
56	90	-1	0
90	135	-1	0
135	93	-1	0
93	239	-1	0
239	333	-1	0
333	121	-1	0
121	240	-1	0
240	86	-1	0
86	241	-1	0
241	167	-1	0
167	218	-1	0
218	154	-1	0
154	48	-1	0
48	216	-1	0
216	85	-1	0
85	16	-1	0
16	337	-1	0
337	52	-1	0
52	305	-1	0
305	202	-1	0
202	235	-1	0
235	160	-1	0
160	109	-1	0
109	318	-1	0
318	312	-1	0
312	97	-1	0
97	49	-1	0
49	100	-1	0
100	267	-1	0
267	139	-1	0
139	44	-1	0
44	170	-1	0
170	51	-1	0
51	309	-1	0
309	184	-1	0
184	328	-1	0
328	146	-1	0
146	152	-1	0
152	215	-1	0
215	273	-1	0
273	83	-1	0
83	254	-1	0
254	166	-1	0
166	123	-1	0
123	227	-1	0
227	287	-1	0
287	315	-1	0
315	15	-1	0
15	95	-1	0
95	101	-1	0
101	339	-1	0
339	176	-1	0
176	279	-1	0
279	341	-1	0
341	234	-1	0
234	127	-1	0
127	77	-1	0
77	189	-1	0
189	343	-1	0
343	278	-1	0
278	186	-1	0
186	346	-1	0
346	303	-1	0
303	168	-1	0
168	45	-1	0
45	224	-1	0
224	361	-1	0
361	40	-1	0
40	8	-1	0
8	248	-1	0
248	66	-1	0
66	299	-1	0
299	149	-1	0
149	102	-1	0
102	204	-1	0
204	99	-1	0
99	177	-1	0
177	174	-1	0
174	89	-1	0
89	183	-1	0
183	329	-1	0
329	155	-1	0
155	296	-1	0
296	283	-1	0
283	290	-1	0
290	371	-1	0
371	255	-1	0
255	281	-1	0
281	132	-1	0
132	373	-1	0
373	243	-1	0
243	198	-1	0
198	87	-1	0
87	247	-1	0
247	302	-1	0
302	269	-1	0
269	169	-1	0
169	73	-1	0
73	357	-1	0
357	4	-1	0
4	280	-1	0
280	275	-1	0
275	210	-1	0
210	125	-1	0
125	245	-1	0
245	319	-1	0
319	172	-1	0
172	175	-1	0
175	47	-1	0
47	353	-1	0
353	288	-1	0
288	322	-1	0
322	301	-1	0
301	179	-1	0
179	362	-1	0
362	338	-1	0
338	354	-1	0
354	284	-1	0
284	148	-1	0
148	225	-1	0
225	193	-1	0
193	187	-1	0
187	80	-1	0
80	18	-1	0
18	65	-1	0
65	348	-1	0
348	120	-1	0
120	122	-1	0
122	67	-1	0
67	9	-1	0
9	141	-1	0
141	250	-1	0
250	291	-1	0
291	38	-1	0
38	6	-1	0
6	205	-1	0
205	196	-1	0
196	79	-1	0
79	320	-1	0
320	3	-1	0
3	344	-1	0
344	221	-1	0
221	360	-1	0
360	297	-1	0
297	50	-1	0
50	192	-1	0
192	129	-1	0
129	326	-1	0
326	304	-1	0
304	111	-1	0
111	27	-1	0
27	59	-1	0
59	258	-1	0
258	118	-1	0
118	266	-1	0
266	232	-1	0
232	88	-1	0
88	43	-1	0
43	165	-1	0
165	265	-1	0
265	374	-1	0
374	70	-1	0
70	60	-1	0
60	298	-1	0
298	314	-1	0
314	260	-1	0
260	180	-1	0
180	12	-1	0
12	253	-1	0
253	182	-1	0
182	355	-1	0
355	367	-1	0
367	5	-1	0
5	274	-1	0
274	84	-1	0
84	75	-1	0
75	140	-1	0
140	91	-1	0
91	133	-1	0
133	295	-1	0
295	313	-1	0
313	226	-1	0
226	317	-1	0
317	276	-1	0
276	349	-1	0
349	223	-1	0
223	271	-1	0
271	115	-1	0
115	306	-1	0
306	259	-1	0
259	78	-1	0
78	197	-1	0
197	214	-1	0
214	26	-1	0
26	300	-1	0
300	350	-1	0
350	124	-1	0
124	69	-1	0
69	194	-1	0
194	212	-1	0
212	57	-1	0
57	327	-1	0
327	150	-1	0
150	21	-1	0
21	352	-1	0
352	359	-1	0
359	147	-1	0
147	137	-1	0
137	24	-1	0
24	325	-1	0
325	64	-1	0
64	286	-1	0
286	159	-1	0
159	13	-1	0
13	108	-1	0
108	30	-1	0
30	358	-1	0
358	25	-1	0
25	242	-1	0
242	330	-1	0
330	206	-1	0
206	263	-1	0
263	351	-1	0
351	268	-1	0
268	55	-1	0
55	61	-1	0
61	158	-1	0
158	164	-1	0
164	277	-1	0
277	228	-1	0
228	289	-1	0
289	53	-1	0
53	17	-1	0
17	116	-1	0
116	293	-1	0
293	74	-1	0
74	171	-1	0
171	58	-1	0
58	364	-1	0
364	230	-1	0
230	106	-1	0
106	209	-1	0
209	28	-1	0
28	256	-1	0
256	34	-1	0
34	261	-1	0
261	190	-1	0
190	340	-1	0
340	342	-1	0
342	211	-1	0
211	37	-1	0
37	71	-1	0
71	272	-1	0
272	31	-1	0
31	22	-1	0
22	336	-1	0
336	368	-1	0
368	246	-1	0
246	173	-1	0
173	82	-1	0
82	94	-1	0
94	32	-1	0
32	233	-1	0
233	249	-1	0
249	316	-1	0
316	113	-1	0
113	0	-1	0
