/* Number of Operations */
375
/* List of Operations. */
/* Start	End	Fly	#Internal	Locations...*/
0	252	-1	0
252	171	-1	0
171	328	-1	0
328	51	-1	0
51	150	-1	0
150	160	-1	0
160	346	-1	0
346	91	-1	0
91	267	-1	0
267	161	-1	0
161	178	-1	0
178	244	-1	0
244	50	-1	0
50	48	-1	0
48	374	-1	0
374	57	-1	0
57	60	-1	0
60	162	-1	0
162	255	-1	0
255	112	-1	0
112	231	-1	0
231	367	-1	0
367	68	-1	0
68	90	-1	0
90	364	-1	0
364	197	-1	0
197	191	-1	0
191	8	-1	0
8	230	-1	0
230	350	-1	0
350	315	-1	0
315	281	-1	0
281	46	-1	0
46	271	-1	0
271	205	-1	0
205	49	-1	0
49	246	-1	0
246	31	-1	0
31	78	-1	0
78	240	-1	0
240	131	-1	0
131	119	-1	0
119	54	-1	0
54	138	-1	0
138	69	-1	0
69	193	-1	0
193	59	-1	0
59	308	-1	0
308	152	-1	0
152	141	-1	0
141	4	-1	0
4	195	-1	0
195	257	-1	0
257	215	-1	0
215	338	-1	0
338	199	-1	0
199	2	-1	0
2	217	-1	0
217	223	-1	0
223	9	-1	0
9	96	-1	0
96	1	-1	0
1	45	-1	0
45	187	-1	0
187	228	-1	0
228	214	-1	0
214	64	-1	0
64	349	-1	0
349	127	-1	0
127	251	-1	0
251	166	-1	0
166	75	-1	0
75	16	-1	0
16	243	-1	0
243	83	-1	0
83	17	-1	0
17	268	-1	0
268	309	-1	0
309	263	-1	0
263	7	-1	0
7	109	-1	0
109	299	-1	0
299	275	-1	0
275	181	-1	0
181	274	-1	0
274	300	-1	0
300	229	-1	0
229	256	-1	0
256	36	-1	0
36	289	-1	0
289	357	-1	0
357	94	-1	0
94	25	-1	0
25	359	-1	0
359	198	-1	0
198	333	-1	0
333	248	-1	0
248	136	-1	0
136	15	-1	0
15	288	-1	0
288	373	-1	0
373	286	-1	0
286	242	-1	0
242	89	-1	0
89	326	-1	0
326	303	-1	0
303	165	-1	0
165	196	-1	0
196	368	-1	0
368	66	-1	0
66	363	-1	0
363	265	-1	0
265	254	-1	0
254	332	-1	0
332	135	-1	0
135	227	-1	0
227	188	-1	0
188	71	-1	0
71	320	-1	0
320	13	-1	0
13	264	-1	0
264	168	-1	0
168	262	-1	0
262	148	-1	0
148	324	-1	0
324	32	-1	0
32	218	-1	0
218	128	-1	0
128	122	-1	0
122	219	-1	0
219	342	-1	0
342	5	-1	0
5	115	-1	0
115	365	-1	0
365	155	-1	0
155	33	-1	0
33	180	-1	0
180	142	-1	0
142	93	-1	0
93	156	-1	0
156	334	-1	0
334	345	-1	0
345	293	-1	0
293	114	-1	0
114	111	-1	0
111	147	-1	0
147	291	-1	0
291	151	-1	0
151	221	-1	0
221	329	-1	0
329	339	-1	0
339	200	-1	0
200	154	-1	0
154	18	-1	0
18	163	-1	0
163	95	-1	0
95	232	-1	0
232	296	-1	0
296	133	-1	0
133	260	-1	0
260	204	-1	0
204	247	-1	0
247	140	-1	0
140	12	-1	0
12	237	-1	0
237	157	-1	0
157	10	-1	0
10	290	-1	0
290	355	-1	0
355	272	-1	0
272	241	-1	0
241	86	-1	0
86	323	-1	0
323	99	-1	0
99	159	-1	0
159	102	-1	0
102	285	-1	0
285	331	-1	0
331	304	-1	0
304	335	-1	0
335	53	-1	0
53	314	-1	0
314	61	-1	0
61	74	-1	0
74	79	-1	0
79	322	-1	0
322	167	-1	0
167	177	-1	0
177	327	-1	0
327	145	-1	0
145	108	-1	0
108	348	-1	0
348	294	-1	0
294	73	-1	0
73	19	-1	0
19	42	-1	0
42	234	-1	0
234	305	-1	0
305	362	-1	0
362	337	-1	0
337	370	-1	0
370	273	-1	0
273	39	-1	0
39	143	-1	0
143	123	-1	0
123	85	-1	0
85	321	-1	0
321	20	-1	0
20	126	-1	0
126	88	-1	0
88	80	-1	0
80	107	-1	0
107	28	-1	0
28	194	-1	0
194	344	-1	0
344	38	-1	0
38	189	-1	0
189	172	-1	0
172	124	-1	0
124	235	-1	0
235	100	-1	0
100	82	-1	0
82	233	-1	0
233	222	-1	0
222	41	-1	0
41	179	-1	0
179	280	-1	0
280	129	-1	0
129	186	-1	0
186	117	-1	0
117	224	-1	0
224	203	-1	0
203	202	-1	0
202	92	-1	0
92	132	-1	0
132	213	-1	0
213	190	-1	0
190	210	-1	0
210	209	-1	0
209	307	-1	0
307	361	-1	0
361	298	-1	0
298	340	-1	0
340	81	-1	0
81	352	-1	0
352	84	-1	0
84	325	-1	0
325	6	-1	0
6	336	-1	0
336	313	-1	0
313	144	-1	0
144	14	-1	0
14	206	-1	0
206	302	-1	0
302	130	-1	0
130	72	-1	0
72	347	-1	0
347	113	-1	0
113	236	-1	0
236	270	-1	0
270	87	-1	0
87	23	-1	0
23	319	-1	0
319	226	-1	0
226	30	-1	0
30	58	-1	0
58	369	-1	0
369	104	-1	0
104	176	-1	0
176	238	-1	0
238	21	-1	0
21	330	-1	0
330	134	-1	0
134	261	-1	0
261	70	-1	0
70	173	-1	0
173	52	-1	0
52	279	-1	0
279	258	-1	0
258	170	-1	0
170	158	-1	0
158	297	-1	0
297	65	-1	0
65	301	-1	0
301	354	-1	0
354	343	-1	0
343	137	-1	0
137	120	-1	0
120	360	-1	0
360	121	-1	0
121	56	-1	0
56	287	-1	0
287	306	-1	0
306	249	-1	0
249	149	-1	0
149	366	-1	0
366	192	-1	0
192	174	-1	0
174	27	-1	0
27	269	-1	0
269	356	-1	0
356	284	-1	0
284	110	-1	0
110	259	-1	0
259	67	-1	0
67	211	-1	0
211	97	-1	0
97	310	-1	0
310	283	-1	0
283	153	-1	0
153	353	-1	0
353	34	-1	0
34	317	-1	0
317	98	-1	0
98	311	-1	0
311	175	-1	0
175	29	-1	0
29	295	-1	0
295	358	-1	0
358	278	-1	0
278	169	-1	0
169	201	-1	0
201	3	-1	0
3	37	-1	0
37	239	-1	0
239	371	-1	0
371	40	-1	0
40	47	-1	0
47	250	-1	0
250	183	-1	0
183	118	-1	0
118	216	-1	0
216	22	-1	0
22	62	-1	0
62	182	-1	0
182	282	-1	0
282	105	-1	0
105	316	-1	0
316	35	-1	0
35	208	-1	0
208	55	-1	0
55	225	-1	0
225	106	-1	0
106	44	-1	0
44	351	-1	0
351	139	-1	0
139	76	-1	0
76	245	-1	0
245	125	-1	0
125	43	-1	0
43	341	-1	0
341	253	-1	0
253	277	-1	0
277	77	-1	0
77	11	-1	0
11	103	-1	0
103	220	-1	0
220	207	-1	0
207	372	-1	0
372	318	-1	0
318	276	-1	0
276	312	-1	0
312	266	-1	0
266	146	-1	0
146	185	-1	0
185	164	-1	0
164	184	-1	0
184	24	-1	0
24	212	-1	0
212	292	-1	0
292	116	-1	0
116	63	-1	0
63	26	-1	0
26	101	-1	0
101	0	-1	0
