/* Number of Operations */
250
/* List of Operations. */
/* Start	End	Fly	#Internal	Locations...*/
0	171	-1	0
171	89	-1	0
89	87	-1	0
87	72	-1	0
72	186	-1	0
186	97	-1	0
97	222	-1	0
222	12	-1	0
12	102	-1	0
102	47	-1	0
47	183	-1	0
183	189	-1	0
189	110	-1	0
110	116	-1	0
116	51	-1	0
51	44	-1	0
44	3	-1	0
3	211	-1	0
211	7	-1	0
7	178	-1	0
178	219	-1	0
219	125	-1	0
125	11	-1	0
11	168	-1	0
168	134	-1	0
134	209	-1	0
209	4	-1	0
4	142	-1	0
142	50	-1	0
50	84	-1	0
84	22	-1	0
22	237	-1	0
237	196	-1	0
196	172	-1	0
172	49	-1	0
49	8	-1	0
8	52	-1	0
52	107	-1	0
107	63	-1	0
63	118	-1	0
118	198	-1	0
198	223	-1	0
223	190	-1	0
190	228	-1	0
228	247	-1	0
247	225	-1	0
225	243	-1	0
243	99	-1	0
99	132	-1	0
132	64	-1	0
64	175	-1	0
175	141	-1	0
141	217	-1	0
217	38	-1	0
38	233	-1	0
233	96	-1	0
96	194	-1	0
194	239	-1	0
239	31	-1	0
31	150	-1	0
150	147	-1	0
147	242	-1	0
242	67	-1	0
67	203	-1	0
203	215	-1	0
215	185	-1	0
185	166	-1	0
166	143	-1	0
143	95	-1	0
95	14	-1	0
14	33	-1	0
33	234	-1	0
234	108	-1	0
108	94	-1	0
94	130	-1	0
130	75	-1	0
75	32	-1	0
32	179	-1	0
179	100	-1	0
100	229	-1	0
229	42	-1	0
42	238	-1	0
238	59	-1	0
59	201	-1	0
201	164	-1	0
164	139	-1	0
139	193	-1	0
193	77	-1	0
77	54	-1	0
54	151	-1	0
151	210	-1	0
210	65	-1	0
65	106	-1	0
106	136	-1	0
136	19	-1	0
19	187	-1	0
187	127	-1	0
127	73	-1	0
73	46	-1	0
46	155	-1	0
155	103	-1	0
103	165	-1	0
165	10	-1	0
10	181	-1	0
181	34	-1	0
34	214	-1	0
214	144	-1	0
144	191	-1	0
191	202	-1	0
202	145	-1	0
145	241	-1	0
241	83	-1	0
83	25	-1	0
25	128	-1	0
128	207	-1	0
207	126	-1	0
126	58	-1	0
58	159	-1	0
159	29	-1	0
29	13	-1	0
13	5	-1	0
5	188	-1	0
188	129	-1	0
129	173	-1	0
173	6	-1	0
6	231	-1	0
231	170	-1	0
170	55	-1	0
55	146	-1	0
146	235	-1	0
235	17	-1	0
17	157	-1	0
157	81	-1	0
81	112	-1	0
112	117	-1	0
117	197	-1	0
197	2	-1	0
2	206	-1	0
206	216	-1	0
216	174	-1	0
174	246	-1	0
246	21	-1	0
21	131	-1	0
131	39	-1	0
39	37	-1	0
37	74	-1	0
74	180	-1	0
180	208	-1	0
208	82	-1	0
82	93	-1	0
93	177	-1	0
177	154	-1	0
154	161	-1	0
161	213	-1	0
213	53	-1	0
53	133	-1	0
133	45	-1	0
45	114	-1	0
114	48	-1	0
48	135	-1	0
135	56	-1	0
56	123	-1	0
123	26	-1	0
26	248	-1	0
248	232	-1	0
232	160	-1	0
160	226	-1	0
226	78	-1	0
78	62	-1	0
62	111	-1	0
111	30	-1	0
30	163	-1	0
163	36	-1	0
36	79	-1	0
79	121	-1	0
121	218	-1	0
218	23	-1	0
23	240	-1	0
240	85	-1	0
85	20	-1	0
20	124	-1	0
124	71	-1	0
71	195	-1	0
195	149	-1	0
149	140	-1	0
140	1	-1	0
1	244	-1	0
244	109	-1	0
109	148	-1	0
148	88	-1	0
88	245	-1	0
245	224	-1	0
224	92	-1	0
92	153	-1	0
153	184	-1	0
184	113	-1	0
113	230	-1	0
230	57	-1	0
57	41	-1	0
41	227	-1	0
227	105	-1	0
105	28	-1	0
28	212	-1	0
212	199	-1	0
199	176	-1	0
176	221	-1	0
221	249	-1	0
249	182	-1	0
182	35	-1	0
35	101	-1	0
101	27	-1	0
27	66	-1	0
66	69	-1	0
69	86	-1	0
86	205	-1	0
205	24	-1	0
24	169	-1	0
169	98	-1	0
98	40	-1	0
40	167	-1	0
167	162	-1	0
162	18	-1	0
18	16	-1	0
16	192	-1	0
192	70	-1	0
70	76	-1	0
76	60	-1	0
60	204	-1	0
204	104	-1	0
104	119	-1	0
119	9	-1	0
9	43	-1	0
43	236	-1	0
236	200	-1	0
200	80	-1	0
80	138	-1	0
138	220	-1	0
220	68	-1	0
68	156	-1	0
156	120	-1	0
120	115	-1	0
115	152	-1	0
152	61	-1	0
61	15	-1	0
15	91	-1	0
91	90	-1	0
90	137	-1	0
137	158	-1	0
158	122	-1	0
122	0	-1	0
