/* Number of Operations */
375
/* List of Operations. */
/* Start	End	Fly	#Internal	Locations...*/
0	18	-1	0
18	165	-1	0
165	243	-1	0
243	106	-1	0
106	85	-1	0
85	320	-1	0
320	238	-1	0
238	333	-1	0
333	170	-1	0
170	137	-1	0
137	281	-1	0
281	202	-1	0
202	127	-1	0
127	150	-1	0
150	70	-1	0
70	159	-1	0
159	6	-1	0
6	3	-1	0
3	96	-1	0
96	237	-1	0
237	194	-1	0
194	371	-1	0
371	177	-1	0
177	146	-1	0
146	250	-1	0
250	248	-1	0
248	122	-1	0
122	193	-1	0
193	55	-1	0
55	353	-1	0
353	274	-1	0
274	287	-1	0
287	295	-1	0
295	303	-1	0
303	47	-1	0
47	364	-1	0
364	139	-1	0
139	19	-1	0
19	291	-1	0
291	184	-1	0
184	156	-1	0
156	121	-1	0
121	209	-1	0
209	239	-1	0
239	328	-1	0
328	183	-1	0
183	56	-1	0
56	69	-1	0
69	60	-1	0
60	362	-1	0
362	153	-1	0
153	16	-1	0
16	226	-1	0
226	22	-1	0
22	247	-1	0
247	105	-1	0
105	173	-1	0
173	223	-1	0
223	151	-1	0
151	370	-1	0
370	206	-1	0
206	228	-1	0
228	204	-1	0
204	200	-1	0
200	74	-1	0
74	76	-1	0
76	191	-1	0
191	1	-1	0
1	124	-1	0
124	363	-1	0
363	113	-1	0
113	346	-1	0
346	327	-1	0
327	160	-1	0
160	293	-1	0
293	93	-1	0
93	57	-1	0
57	68	-1	0
68	358	-1	0
358	345	-1	0
345	201	-1	0
201	59	-1	0
59	267	-1	0
267	337	-1	0
337	40	-1	0
40	119	-1	0
119	329	-1	0
329	357	-1	0
357	176	-1	0
176	272	-1	0
272	143	-1	0
143	332	-1	0
332	336	-1	0
336	331	-1	0
331	324	-1	0
324	99	-1	0
99	186	-1	0
186	134	-1	0
134	2	-1	0
2	296	-1	0
296	305	-1	0
305	24	-1	0
24	317	-1	0
317	94	-1	0
94	254	-1	0
254	268	-1	0
268	28	-1	0
28	142	-1	0
142	51	-1	0
51	195	-1	0
195	49	-1	0
49	249	-1	0
249	75	-1	0
75	338	-1	0
338	354	-1	0
354	175	-1	0
175	368	-1	0
368	168	-1	0
168	86	-1	0
86	54	-1	0
54	20	-1	0
20	246	-1	0
246	62	-1	0
62	264	-1	0
264	44	-1	0
44	234	-1	0
234	81	-1	0
81	231	-1	0
231	164	-1	0
164	109	-1	0
109	242	-1	0
242	220	-1	0
220	348	-1	0
348	180	-1	0
180	39	-1	0
39	214	-1	0
214	163	-1	0
163	80	-1	0
80	132	-1	0
132	31	-1	0
31	89	-1	0
89	294	-1	0
294	118	-1	0
118	112	-1	0
112	140	-1	0
140	179	-1	0
179	355	-1	0
355	322	-1	0
322	286	-1	0
286	145	-1	0
145	129	-1	0
129	266	-1	0
266	23	-1	0
23	265	-1	0
265	360	-1	0
360	78	-1	0
78	330	-1	0
330	335	-1	0
335	308	-1	0
308	198	-1	0
198	117	-1	0
117	43	-1	0
43	352	-1	0
352	108	-1	0
108	210	-1	0
210	285	-1	0
285	41	-1	0
41	115	-1	0
115	290	-1	0
290	307	-1	0
307	256	-1	0
256	301	-1	0
301	340	-1	0
340	205	-1	0
205	299	-1	0
299	100	-1	0
100	288	-1	0
288	17	-1	0
17	199	-1	0
199	87	-1	0
87	235	-1	0
235	351	-1	0
351	148	-1	0
148	171	-1	0
171	155	-1	0
155	98	-1	0
98	222	-1	0
222	67	-1	0
67	241	-1	0
241	341	-1	0
341	32	-1	0
32	289	-1	0
289	58	-1	0
58	125	-1	0
125	347	-1	0
347	63	-1	0
63	284	-1	0
284	13	-1	0
13	263	-1	0
263	11	-1	0
11	208	-1	0
208	253	-1	0
253	167	-1	0
167	116	-1	0
116	369	-1	0
369	188	-1	0
188	323	-1	0
323	114	-1	0
114	27	-1	0
27	104	-1	0
104	197	-1	0
197	304	-1	0
304	244	-1	0
244	252	-1	0
252	282	-1	0
282	14	-1	0
14	30	-1	0
30	374	-1	0
374	72	-1	0
72	190	-1	0
190	227	-1	0
227	157	-1	0
157	260	-1	0
260	46	-1	0
46	236	-1	0
236	367	-1	0
367	219	-1	0
219	34	-1	0
34	262	-1	0
262	306	-1	0
306	8	-1	0
8	321	-1	0
321	181	-1	0
181	326	-1	0
326	273	-1	0
273	319	-1	0
319	278	-1	0
278	269	-1	0
269	311	-1	0
311	48	-1	0
48	107	-1	0
107	174	-1	0
174	141	-1	0
141	277	-1	0
277	136	-1	0
136	211	-1	0
211	38	-1	0
38	120	-1	0
120	149	-1	0
149	12	-1	0
12	9	-1	0
9	65	-1	0
65	84	-1	0
84	73	-1	0
73	138	-1	0
138	26	-1	0
26	169	-1	0
169	123	-1	0
123	92	-1	0
92	110	-1	0
110	372	-1	0
372	349	-1	0
349	166	-1	0
166	232	-1	0
232	189	-1	0
189	251	-1	0
251	91	-1	0
91	161	-1	0
161	135	-1	0
135	373	-1	0
373	35	-1	0
35	229	-1	0
229	350	-1	0
350	103	-1	0
103	259	-1	0
259	356	-1	0
356	172	-1	0
172	144	-1	0
144	83	-1	0
83	359	-1	0
359	25	-1	0
25	280	-1	0
280	111	-1	0
111	187	-1	0
187	101	-1	0
101	192	-1	0
192	334	-1	0
334	233	-1	0
233	302	-1	0
302	257	-1	0
257	21	-1	0
21	361	-1	0
361	215	-1	0
215	325	-1	0
325	261	-1	0
261	207	-1	0
207	95	-1	0
95	216	-1	0
216	77	-1	0
77	300	-1	0
300	275	-1	0
275	312	-1	0
312	152	-1	0
152	97	-1	0
97	314	-1	0
314	279	-1	0
279	225	-1	0
225	90	-1	0
90	196	-1	0
196	131	-1	0
131	213	-1	0
213	128	-1	0
128	339	-1	0
339	45	-1	0
45	297	-1	0
297	221	-1	0
221	298	-1	0
298	158	-1	0
158	255	-1	0
255	82	-1	0
82	52	-1	0
52	365	-1	0
365	182	-1	0
182	36	-1	0
36	5	-1	0
5	37	-1	0
37	343	-1	0
343	344	-1	0
344	292	-1	0
292	88	-1	0
88	147	-1	0
147	318	-1	0
318	342	-1	0
342	29	-1	0
29	271	-1	0
271	185	-1	0
185	162	-1	0
162	240	-1	0
240	154	-1	0
154	316	-1	0
316	230	-1	0
230	218	-1	0
218	212	-1	0
212	42	-1	0
42	133	-1	0
133	245	-1	0
245	71	-1	0
71	178	-1	0
178	4	-1	0
4	53	-1	0
53	15	-1	0
15	61	-1	0
61	126	-1	0
126	270	-1	0
270	33	-1	0
33	258	-1	0
258	283	-1	0
283	315	-1	0
315	64	-1	0
64	309	-1	0
309	102	-1	0
102	310	-1	0
310	313	-1	0
313	79	-1	0
79	224	-1	0
224	203	-1	0
203	130	-1	0
130	366	-1	0
366	217	-1	0
217	7	-1	0
7	10	-1	0
10	276	-1	0
276	66	-1	0
66	50	-1	0
50	0	-1	0
