/* Number of Operations */
250
/* List of Operations. */
/* Start	End	Fly	#Internal	Locations...*/
0	87	-1	0
87	121	-1	0
121	74	-1	0
74	152	-1	0
152	153	-1	0
153	30	-1	0
30	231	-1	0
231	3	-1	0
3	26	-1	0
26	185	-1	0
185	20	-1	0
20	224	-1	0
224	144	-1	0
144	90	-1	0
90	96	-1	0
96	208	-1	0
208	223	-1	0
223	210	-1	0
210	216	-1	0
216	4	-1	0
4	233	-1	0
233	226	-1	0
226	57	-1	0
57	35	-1	0
35	209	-1	0
209	160	-1	0
160	70	-1	0
70	84	-1	0
84	23	-1	0
23	164	-1	0
164	110	-1	0
110	27	-1	0
27	83	-1	0
83	67	-1	0
67	2	-1	0
2	225	-1	0
225	59	-1	0
59	180	-1	0
180	138	-1	0
138	94	-1	0
94	89	-1	0
89	148	-1	0
148	220	-1	0
220	239	-1	0
239	166	-1	0
166	99	-1	0
99	71	-1	0
71	235	-1	0
235	76	-1	0
76	168	-1	0
168	246	-1	0
246	114	-1	0
114	212	-1	0
212	48	-1	0
48	124	-1	0
124	165	-1	0
165	22	-1	0
22	234	-1	0
234	95	-1	0
95	123	-1	0
123	215	-1	0
215	9	-1	0
9	161	-1	0
161	113	-1	0
113	92	-1	0
92	170	-1	0
170	163	-1	0
163	75	-1	0
75	5	-1	0
5	55	-1	0
55	188	-1	0
188	80	-1	0
80	135	-1	0
135	82	-1	0
82	6	-1	0
6	195	-1	0
195	119	-1	0
119	104	-1	0
104	197	-1	0
197	147	-1	0
147	247	-1	0
247	58	-1	0
58	16	-1	0
16	133	-1	0
133	37	-1	0
37	175	-1	0
175	14	-1	0
14	187	-1	0
187	176	-1	0
176	192	-1	0
192	204	-1	0
204	62	-1	0
62	85	-1	0
85	181	-1	0
181	249	-1	0
249	211	-1	0
211	122	-1	0
122	50	-1	0
50	140	-1	0
140	169	-1	0
169	108	-1	0
108	213	-1	0
213	146	-1	0
146	32	-1	0
32	248	-1	0
248	189	-1	0
189	53	-1	0
53	174	-1	0
174	31	-1	0
31	172	-1	0
172	131	-1	0
131	106	-1	0
106	194	-1	0
194	45	-1	0
45	206	-1	0
206	217	-1	0
217	107	-1	0
107	46	-1	0
46	34	-1	0
34	117	-1	0
117	132	-1	0
132	151	-1	0
151	102	-1	0
102	237	-1	0
237	183	-1	0
183	8	-1	0
8	111	-1	0
111	130	-1	0
130	19	-1	0
19	244	-1	0
244	230	-1	0
230	115	-1	0
115	179	-1	0
179	238	-1	0
238	17	-1	0
17	157	-1	0
157	29	-1	0
29	98	-1	0
98	145	-1	0
145	232	-1	0
232	77	-1	0
77	13	-1	0
13	101	-1	0
101	236	-1	0
236	199	-1	0
199	21	-1	0
21	196	-1	0
196	214	-1	0
214	125	-1	0
125	240	-1	0
240	103	-1	0
103	136	-1	0
136	245	-1	0
245	221	-1	0
221	156	-1	0
156	24	-1	0
24	10	-1	0
10	190	-1	0
190	227	-1	0
227	222	-1	0
222	116	-1	0
116	44	-1	0
44	184	-1	0
184	167	-1	0
167	97	-1	0
97	91	-1	0
91	28	-1	0
28	60	-1	0
60	86	-1	0
86	12	-1	0
12	93	-1	0
93	186	-1	0
186	162	-1	0
162	105	-1	0
105	137	-1	0
137	241	-1	0
241	68	-1	0
68	61	-1	0
61	69	-1	0
69	15	-1	0
15	100	-1	0
100	201	-1	0
201	7	-1	0
7	52	-1	0
52	229	-1	0
229	200	-1	0
200	11	-1	0
11	81	-1	0
81	155	-1	0
155	63	-1	0
63	66	-1	0
66	49	-1	0
49	171	-1	0
171	198	-1	0
198	56	-1	0
56	112	-1	0
112	88	-1	0
88	228	-1	0
228	40	-1	0
40	79	-1	0
79	134	-1	0
134	242	-1	0
242	78	-1	0
78	18	-1	0
18	120	-1	0
120	54	-1	0
54	141	-1	0
141	203	-1	0
203	126	-1	0
126	191	-1	0
191	202	-1	0
202	142	-1	0
142	154	-1	0
154	143	-1	0
143	182	-1	0
182	219	-1	0
219	73	-1	0
73	205	-1	0
205	42	-1	0
42	25	-1	0
25	109	-1	0
109	38	-1	0
38	43	-1	0
43	173	-1	0
173	158	-1	0
158	127	-1	0
127	178	-1	0
178	41	-1	0
41	177	-1	0
177	33	-1	0
33	39	-1	0
39	218	-1	0
218	65	-1	0
65	150	-1	0
150	1	-1	0
1	243	-1	0
243	159	-1	0
159	118	-1	0
118	139	-1	0
139	36	-1	0
36	128	-1	0
128	193	-1	0
193	207	-1	0
207	47	-1	0
47	72	-1	0
72	129	-1	0
129	64	-1	0
64	51	-1	0
51	149	-1	0
149	0	-1	0
