/* Number of Operations */
250
/* List of Operations. */
/* Start	End	Fly	#Internal	Locations...*/
0	148	-1	0
148	61	-1	0
61	197	-1	0
197	189	-1	0
189	137	-1	0
137	244	-1	0
244	46	-1	0
46	147	-1	0
147	166	-1	0
166	235	-1	0
235	225	-1	0
225	176	-1	0
176	145	-1	0
145	75	-1	0
75	103	-1	0
103	129	-1	0
129	27	-1	0
27	92	-1	0
92	12	-1	0
12	18	-1	0
18	157	-1	0
157	19	-1	0
19	77	-1	0
77	219	-1	0
219	196	-1	0
196	154	-1	0
154	124	-1	0
124	131	-1	0
131	2	-1	0
2	159	-1	0
159	59	-1	0
59	172	-1	0
172	15	-1	0
15	105	-1	0
105	242	-1	0
242	54	-1	0
54	85	-1	0
85	187	-1	0
187	70	-1	0
70	3	-1	0
3	81	-1	0
81	73	-1	0
73	119	-1	0
119	233	-1	0
233	78	-1	0
78	169	-1	0
169	173	-1	0
173	175	-1	0
175	72	-1	0
72	200	-1	0
200	30	-1	0
30	127	-1	0
127	38	-1	0
38	35	-1	0
35	84	-1	0
84	57	-1	0
57	186	-1	0
186	115	-1	0
115	132	-1	0
132	143	-1	0
143	185	-1	0
185	198	-1	0
198	107	-1	0
107	37	-1	0
37	55	-1	0
55	97	-1	0
97	114	-1	0
114	120	-1	0
120	234	-1	0
234	182	-1	0
182	236	-1	0
236	220	-1	0
220	10	-1	0
10	87	-1	0
87	110	-1	0
110	149	-1	0
149	4	-1	0
4	121	-1	0
121	90	-1	0
90	170	-1	0
170	237	-1	0
237	214	-1	0
214	194	-1	0
194	23	-1	0
23	215	-1	0
215	66	-1	0
66	7	-1	0
7	109	-1	0
109	228	-1	0
228	204	-1	0
204	111	-1	0
111	144	-1	0
144	50	-1	0
50	171	-1	0
171	82	-1	0
82	6	-1	0
6	106	-1	0
106	158	-1	0
158	22	-1	0
22	122	-1	0
122	205	-1	0
205	163	-1	0
163	101	-1	0
101	94	-1	0
94	117	-1	0
117	245	-1	0
245	29	-1	0
29	5	-1	0
5	108	-1	0
108	13	-1	0
13	178	-1	0
178	165	-1	0
165	58	-1	0
58	65	-1	0
65	116	-1	0
116	209	-1	0
209	64	-1	0
64	227	-1	0
227	31	-1	0
31	151	-1	0
151	232	-1	0
232	79	-1	0
79	202	-1	0
202	156	-1	0
156	126	-1	0
126	41	-1	0
41	201	-1	0
201	1	-1	0
1	63	-1	0
63	89	-1	0
89	229	-1	0
229	142	-1	0
142	246	-1	0
246	86	-1	0
86	179	-1	0
179	33	-1	0
33	128	-1	0
128	28	-1	0
28	168	-1	0
168	231	-1	0
231	174	-1	0
174	42	-1	0
42	135	-1	0
135	181	-1	0
181	177	-1	0
177	222	-1	0
222	140	-1	0
140	239	-1	0
239	133	-1	0
133	51	-1	0
51	123	-1	0
123	164	-1	0
164	67	-1	0
67	241	-1	0
241	44	-1	0
44	91	-1	0
91	125	-1	0
125	26	-1	0
26	224	-1	0
224	162	-1	0
162	190	-1	0
190	36	-1	0
36	221	-1	0
221	62	-1	0
62	71	-1	0
71	11	-1	0
11	80	-1	0
80	180	-1	0
180	141	-1	0
141	130	-1	0
130	102	-1	0
102	32	-1	0
32	25	-1	0
25	68	-1	0
68	183	-1	0
183	226	-1	0
226	69	-1	0
69	206	-1	0
206	74	-1	0
74	247	-1	0
247	213	-1	0
213	43	-1	0
43	212	-1	0
212	139	-1	0
139	40	-1	0
40	138	-1	0
138	152	-1	0
152	53	-1	0
53	210	-1	0
210	208	-1	0
208	195	-1	0
195	243	-1	0
243	238	-1	0
238	60	-1	0
60	249	-1	0
249	153	-1	0
153	161	-1	0
161	24	-1	0
24	47	-1	0
47	100	-1	0
100	76	-1	0
76	21	-1	0
21	98	-1	0
98	112	-1	0
112	193	-1	0
193	14	-1	0
14	211	-1	0
211	96	-1	0
96	49	-1	0
49	150	-1	0
150	199	-1	0
199	160	-1	0
160	93	-1	0
93	8	-1	0
8	240	-1	0
240	113	-1	0
113	95	-1	0
95	218	-1	0
218	136	-1	0
136	248	-1	0
248	17	-1	0
17	118	-1	0
118	191	-1	0
191	9	-1	0
9	99	-1	0
99	45	-1	0
45	184	-1	0
184	155	-1	0
155	207	-1	0
207	48	-1	0
48	52	-1	0
52	217	-1	0
217	104	-1	0
104	16	-1	0
16	192	-1	0
192	83	-1	0
83	88	-1	0
88	216	-1	0
216	39	-1	0
39	134	-1	0
134	146	-1	0
146	230	-1	0
230	188	-1	0
188	56	-1	0
56	223	-1	0
223	203	-1	0
203	167	-1	0
167	34	-1	0
34	20	-1	0
20	0	-1	0
