/* Number of Operations */
250
/* List of Operations. */
/* Start	End	Fly	#Internal	Locations...*/
0	33	-1	0
33	246	-1	0
246	243	-1	0
243	58	-1	0
58	181	-1	0
181	245	-1	0
245	60	-1	0
60	12	-1	0
12	34	-1	0
34	68	-1	0
68	170	-1	0
170	122	-1	0
122	76	-1	0
76	126	-1	0
126	1	-1	0
1	57	-1	0
57	207	-1	0
207	228	-1	0
228	195	-1	0
195	55	-1	0
55	229	-1	0
229	102	-1	0
102	160	-1	0
160	38	-1	0
38	8	-1	0
8	226	-1	0
226	238	-1	0
238	88	-1	0
88	80	-1	0
80	103	-1	0
103	233	-1	0
233	137	-1	0
137	91	-1	0
91	192	-1	0
192	133	-1	0
133	242	-1	0
242	99	-1	0
99	196	-1	0
196	49	-1	0
49	162	-1	0
162	24	-1	0
24	199	-1	0
199	64	-1	0
64	31	-1	0
31	241	-1	0
241	15	-1	0
15	42	-1	0
42	201	-1	0
201	54	-1	0
54	67	-1	0
67	116	-1	0
116	161	-1	0
161	63	-1	0
63	50	-1	0
50	29	-1	0
29	139	-1	0
139	187	-1	0
187	14	-1	0
14	172	-1	0
172	150	-1	0
150	188	-1	0
188	127	-1	0
127	83	-1	0
83	211	-1	0
211	125	-1	0
125	173	-1	0
173	149	-1	0
149	123	-1	0
123	156	-1	0
156	41	-1	0
41	70	-1	0
70	171	-1	0
171	7	-1	0
7	174	-1	0
174	209	-1	0
209	166	-1	0
166	140	-1	0
140	154	-1	0
154	167	-1	0
167	213	-1	0
213	66	-1	0
66	169	-1	0
169	164	-1	0
164	148	-1	0
148	81	-1	0
81	113	-1	0
113	19	-1	0
19	224	-1	0
224	23	-1	0
23	56	-1	0
56	180	-1	0
180	179	-1	0
179	143	-1	0
143	176	-1	0
176	216	-1	0
216	147	-1	0
147	65	-1	0
65	177	-1	0
177	45	-1	0
45	108	-1	0
108	4	-1	0
4	130	-1	0
130	35	-1	0
35	237	-1	0
237	107	-1	0
107	142	-1	0
142	235	-1	0
235	69	-1	0
69	92	-1	0
92	223	-1	0
223	248	-1	0
248	129	-1	0
129	141	-1	0
141	210	-1	0
210	17	-1	0
17	89	-1	0
89	220	-1	0
220	239	-1	0
239	151	-1	0
151	157	-1	0
157	98	-1	0
98	117	-1	0
117	175	-1	0
175	104	-1	0
104	165	-1	0
165	75	-1	0
75	178	-1	0
178	96	-1	0
96	21	-1	0
21	135	-1	0
135	90	-1	0
90	236	-1	0
236	221	-1	0
221	234	-1	0
234	114	-1	0
114	59	-1	0
59	78	-1	0
78	197	-1	0
197	22	-1	0
22	118	-1	0
118	77	-1	0
77	44	-1	0
44	128	-1	0
128	191	-1	0
191	11	-1	0
11	26	-1	0
26	61	-1	0
61	146	-1	0
146	85	-1	0
85	208	-1	0
208	203	-1	0
203	94	-1	0
94	13	-1	0
13	71	-1	0
71	16	-1	0
16	186	-1	0
186	134	-1	0
134	9	-1	0
9	182	-1	0
182	27	-1	0
27	20	-1	0
20	112	-1	0
112	136	-1	0
136	6	-1	0
6	87	-1	0
87	100	-1	0
100	247	-1	0
247	10	-1	0
10	219	-1	0
219	132	-1	0
132	158	-1	0
158	2	-1	0
2	111	-1	0
111	40	-1	0
40	39	-1	0
39	105	-1	0
105	46	-1	0
46	51	-1	0
51	155	-1	0
155	131	-1	0
131	115	-1	0
115	227	-1	0
227	194	-1	0
194	43	-1	0
43	225	-1	0
225	18	-1	0
18	109	-1	0
109	5	-1	0
5	153	-1	0
153	48	-1	0
48	73	-1	0
73	244	-1	0
244	101	-1	0
101	72	-1	0
72	232	-1	0
232	183	-1	0
183	119	-1	0
119	205	-1	0
205	95	-1	0
95	168	-1	0
168	184	-1	0
184	138	-1	0
138	163	-1	0
163	84	-1	0
84	82	-1	0
82	106	-1	0
106	124	-1	0
124	231	-1	0
231	79	-1	0
79	215	-1	0
215	47	-1	0
47	32	-1	0
32	200	-1	0
200	30	-1	0
30	28	-1	0
28	198	-1	0
198	152	-1	0
152	193	-1	0
193	86	-1	0
86	93	-1	0
93	222	-1	0
222	240	-1	0
240	97	-1	0
97	144	-1	0
144	214	-1	0
214	110	-1	0
110	185	-1	0
185	159	-1	0
159	230	-1	0
230	37	-1	0
37	145	-1	0
145	53	-1	0
53	74	-1	0
74	190	-1	0
190	3	-1	0
3	120	-1	0
120	62	-1	0
62	52	-1	0
52	249	-1	0
249	189	-1	0
189	36	-1	0
36	217	-1	0
217	218	-1	0
218	202	-1	0
202	121	-1	0
121	206	-1	0
206	25	-1	0
25	204	-1	0
204	212	-1	0
212	0	-1	0
