/* Number of Operations */
250
/* List of Operations. */
/* Start	End	Fly	#Internal	Locations...*/
0	26	-1	0
26	205	-1	0
205	217	-1	0
217	189	-1	0
189	159	-1	0
159	185	-1	0
185	100	-1	0
100	215	-1	0
215	162	-1	0
162	115	-1	0
115	98	-1	0
98	201	-1	0
201	170	-1	0
170	248	-1	0
248	49	-1	0
49	242	-1	0
242	212	-1	0
212	25	-1	0
25	181	-1	0
181	70	-1	0
70	210	-1	0
210	142	-1	0
142	134	-1	0
134	27	-1	0
27	41	-1	0
41	8	-1	0
8	247	-1	0
247	228	-1	0
228	137	-1	0
137	207	-1	0
207	132	-1	0
132	239	-1	0
239	240	-1	0
240	14	-1	0
14	6	-1	0
6	131	-1	0
131	166	-1	0
166	73	-1	0
73	141	-1	0
141	23	-1	0
23	18	-1	0
18	129	-1	0
129	36	-1	0
36	24	-1	0
24	31	-1	0
31	194	-1	0
194	139	-1	0
139	245	-1	0
245	56	-1	0
56	209	-1	0
209	133	-1	0
133	35	-1	0
35	238	-1	0
238	153	-1	0
153	90	-1	0
90	140	-1	0
140	87	-1	0
87	107	-1	0
107	101	-1	0
101	147	-1	0
147	249	-1	0
249	233	-1	0
233	30	-1	0
30	121	-1	0
121	244	-1	0
244	79	-1	0
79	65	-1	0
65	122	-1	0
122	183	-1	0
183	196	-1	0
196	108	-1	0
108	93	-1	0
93	67	-1	0
67	117	-1	0
117	227	-1	0
227	174	-1	0
174	4	-1	0
4	66	-1	0
66	81	-1	0
81	17	-1	0
17	111	-1	0
111	168	-1	0
168	237	-1	0
237	63	-1	0
63	68	-1	0
68	232	-1	0
232	169	-1	0
169	167	-1	0
167	243	-1	0
243	226	-1	0
226	57	-1	0
57	74	-1	0
74	86	-1	0
86	106	-1	0
106	43	-1	0
43	37	-1	0
37	188	-1	0
188	148	-1	0
148	151	-1	0
151	176	-1	0
176	218	-1	0
218	84	-1	0
84	102	-1	0
102	126	-1	0
126	72	-1	0
72	179	-1	0
179	83	-1	0
83	120	-1	0
120	32	-1	0
32	175	-1	0
175	202	-1	0
202	234	-1	0
234	180	-1	0
180	152	-1	0
152	158	-1	0
158	178	-1	0
178	246	-1	0
246	222	-1	0
222	128	-1	0
128	160	-1	0
160	231	-1	0
231	5	-1	0
5	12	-1	0
12	127	-1	0
127	113	-1	0
113	51	-1	0
51	163	-1	0
163	60	-1	0
60	156	-1	0
156	118	-1	0
118	172	-1	0
172	119	-1	0
119	136	-1	0
136	135	-1	0
135	193	-1	0
193	203	-1	0
203	38	-1	0
38	216	-1	0
216	145	-1	0
145	89	-1	0
89	198	-1	0
198	7	-1	0
7	149	-1	0
149	69	-1	0
69	204	-1	0
204	75	-1	0
75	206	-1	0
206	62	-1	0
62	241	-1	0
241	211	-1	0
211	150	-1	0
150	125	-1	0
125	33	-1	0
33	104	-1	0
104	40	-1	0
40	11	-1	0
11	88	-1	0
88	192	-1	0
192	20	-1	0
20	182	-1	0
182	22	-1	0
22	114	-1	0
114	64	-1	0
64	144	-1	0
144	103	-1	0
103	220	-1	0
220	55	-1	0
55	224	-1	0
224	3	-1	0
3	214	-1	0
214	39	-1	0
39	45	-1	0
45	190	-1	0
190	97	-1	0
97	9	-1	0
9	219	-1	0
219	80	-1	0
80	164	-1	0
164	173	-1	0
173	54	-1	0
54	77	-1	0
77	213	-1	0
213	236	-1	0
236	48	-1	0
48	76	-1	0
76	105	-1	0
105	52	-1	0
52	165	-1	0
165	94	-1	0
94	225	-1	0
225	197	-1	0
197	177	-1	0
177	58	-1	0
58	53	-1	0
53	95	-1	0
95	112	-1	0
112	19	-1	0
19	154	-1	0
154	46	-1	0
46	138	-1	0
138	50	-1	0
50	91	-1	0
91	78	-1	0
78	195	-1	0
195	143	-1	0
143	123	-1	0
123	10	-1	0
10	191	-1	0
191	230	-1	0
230	187	-1	0
187	171	-1	0
171	157	-1	0
157	99	-1	0
99	21	-1	0
21	186	-1	0
186	28	-1	0
28	85	-1	0
85	1	-1	0
1	44	-1	0
44	82	-1	0
82	208	-1	0
208	200	-1	0
200	34	-1	0
34	47	-1	0
47	229	-1	0
229	61	-1	0
61	110	-1	0
110	42	-1	0
42	29	-1	0
29	184	-1	0
184	13	-1	0
13	2	-1	0
2	146	-1	0
146	59	-1	0
59	109	-1	0
109	92	-1	0
92	161	-1	0
161	235	-1	0
235	223	-1	0
223	15	-1	0
15	116	-1	0
116	16	-1	0
16	221	-1	0
221	130	-1	0
130	71	-1	0
71	199	-1	0
199	155	-1	0
155	124	-1	0
124	96	-1	0
96	0	-1	0
