/* Number of Operations */
250
/* List of Operations. */
/* Start	End	Fly	#Internal	Locations...*/
0	226	-1	0
226	113	-1	0
113	168	-1	0
168	80	-1	0
80	19	-1	0
19	191	-1	0
191	161	-1	0
161	57	-1	0
57	58	-1	0
58	98	-1	0
98	156	-1	0
156	74	-1	0
74	206	-1	0
206	249	-1	0
249	234	-1	0
234	142	-1	0
142	14	-1	0
14	92	-1	0
92	195	-1	0
195	245	-1	0
245	200	-1	0
200	178	-1	0
178	147	-1	0
147	78	-1	0
78	41	-1	0
41	231	-1	0
231	69	-1	0
69	225	-1	0
225	47	-1	0
47	91	-1	0
91	188	-1	0
188	81	-1	0
81	129	-1	0
129	134	-1	0
134	77	-1	0
77	62	-1	0
62	222	-1	0
222	167	-1	0
167	89	-1	0
89	30	-1	0
30	17	-1	0
17	125	-1	0
125	35	-1	0
35	76	-1	0
76	66	-1	0
66	166	-1	0
166	43	-1	0
43	120	-1	0
120	162	-1	0
162	149	-1	0
149	154	-1	0
154	65	-1	0
65	9	-1	0
9	115	-1	0
115	25	-1	0
25	164	-1	0
164	181	-1	0
181	37	-1	0
37	105	-1	0
105	202	-1	0
202	244	-1	0
244	157	-1	0
157	171	-1	0
171	153	-1	0
153	71	-1	0
71	159	-1	0
159	100	-1	0
100	21	-1	0
21	93	-1	0
93	24	-1	0
24	227	-1	0
227	243	-1	0
243	112	-1	0
112	75	-1	0
75	190	-1	0
190	95	-1	0
95	196	-1	0
196	114	-1	0
114	135	-1	0
135	187	-1	0
187	20	-1	0
20	109	-1	0
109	177	-1	0
177	1	-1	0
1	51	-1	0
51	163	-1	0
163	104	-1	0
104	189	-1	0
189	64	-1	0
64	170	-1	0
170	123	-1	0
123	118	-1	0
118	15	-1	0
15	46	-1	0
46	223	-1	0
223	8	-1	0
8	152	-1	0
152	208	-1	0
208	45	-1	0
45	212	-1	0
212	140	-1	0
140	239	-1	0
239	56	-1	0
56	53	-1	0
53	22	-1	0
22	165	-1	0
165	192	-1	0
192	117	-1	0
117	103	-1	0
103	173	-1	0
173	83	-1	0
83	87	-1	0
87	137	-1	0
137	197	-1	0
197	150	-1	0
150	127	-1	0
127	50	-1	0
50	54	-1	0
54	72	-1	0
72	151	-1	0
151	5	-1	0
5	101	-1	0
101	201	-1	0
201	158	-1	0
158	63	-1	0
63	183	-1	0
183	28	-1	0
28	49	-1	0
49	185	-1	0
185	73	-1	0
73	242	-1	0
242	108	-1	0
108	79	-1	0
79	229	-1	0
229	84	-1	0
84	213	-1	0
213	4	-1	0
4	107	-1	0
107	67	-1	0
67	139	-1	0
139	124	-1	0
124	128	-1	0
128	182	-1	0
182	141	-1	0
141	119	-1	0
119	11	-1	0
11	16	-1	0
16	3	-1	0
3	211	-1	0
211	174	-1	0
174	44	-1	0
44	215	-1	0
215	179	-1	0
179	155	-1	0
155	55	-1	0
55	237	-1	0
237	221	-1	0
221	111	-1	0
111	228	-1	0
228	97	-1	0
97	143	-1	0
143	31	-1	0
31	52	-1	0
52	203	-1	0
203	236	-1	0
236	184	-1	0
184	131	-1	0
131	220	-1	0
220	198	-1	0
198	39	-1	0
39	94	-1	0
94	29	-1	0
29	48	-1	0
48	217	-1	0
217	122	-1	0
122	34	-1	0
34	102	-1	0
102	132	-1	0
132	210	-1	0
210	68	-1	0
68	42	-1	0
42	193	-1	0
193	38	-1	0
38	144	-1	0
144	146	-1	0
146	85	-1	0
85	205	-1	0
205	214	-1	0
214	204	-1	0
204	145	-1	0
145	7	-1	0
7	216	-1	0
216	207	-1	0
207	121	-1	0
121	175	-1	0
175	126	-1	0
126	88	-1	0
88	238	-1	0
238	27	-1	0
27	218	-1	0
218	99	-1	0
99	160	-1	0
160	33	-1	0
33	172	-1	0
172	138	-1	0
138	230	-1	0
230	148	-1	0
148	116	-1	0
116	199	-1	0
199	96	-1	0
96	246	-1	0
246	106	-1	0
106	26	-1	0
26	232	-1	0
232	59	-1	0
59	70	-1	0
70	180	-1	0
180	209	-1	0
209	86	-1	0
86	176	-1	0
176	136	-1	0
136	224	-1	0
224	110	-1	0
110	13	-1	0
13	32	-1	0
32	247	-1	0
247	18	-1	0
18	248	-1	0
248	219	-1	0
219	90	-1	0
90	194	-1	0
194	60	-1	0
60	82	-1	0
82	6	-1	0
6	23	-1	0
23	61	-1	0
61	2	-1	0
2	235	-1	0
235	241	-1	0
241	12	-1	0
12	169	-1	0
169	233	-1	0
233	240	-1	0
240	130	-1	0
130	36	-1	0
36	186	-1	0
186	133	-1	0
133	40	-1	0
40	10	-1	0
10	0	-1	0
