/* Number of Operations */
500
/* List of Operations. */
/* Start	End	Fly	#Internal	Locations...*/
0	213	-1	0
213	35	-1	0
35	176	-1	0
176	481	-1	0
481	477	-1	0
477	324	-1	0
324	430	-1	0
430	5	-1	0
5	459	-1	0
459	307	-1	0
307	159	-1	0
159	15	-1	0
15	476	-1	0
476	236	-1	0
236	283	-1	0
283	436	-1	0
436	275	-1	0
275	143	-1	0
143	268	-1	0
268	16	-1	0
16	242	-1	0
242	496	-1	0
496	369	-1	0
369	326	-1	0
326	480	-1	0
480	355	-1	0
355	52	-1	0
52	482	-1	0
482	160	-1	0
160	142	-1	0
142	308	-1	0
308	301	-1	0
301	114	-1	0
114	13	-1	0
13	388	-1	0
388	84	-1	0
84	171	-1	0
171	193	-1	0
193	69	-1	0
69	356	-1	0
356	351	-1	0
351	434	-1	0
434	30	-1	0
30	382	-1	0
382	288	-1	0
288	254	-1	0
254	390	-1	0
390	435	-1	0
435	371	-1	0
371	150	-1	0
150	348	-1	0
348	315	-1	0
315	181	-1	0
181	399	-1	0
399	489	-1	0
489	203	-1	0
203	331	-1	0
331	200	-1	0
200	10	-1	0
10	381	-1	0
381	314	-1	0
314	73	-1	0
73	177	-1	0
177	386	-1	0
386	130	-1	0
130	385	-1	0
385	72	-1	0
72	442	-1	0
442	289	-1	0
289	40	-1	0
40	469	-1	0
469	402	-1	0
402	4	-1	0
4	409	-1	0
409	413	-1	0
413	24	-1	0
24	281	-1	0
281	219	-1	0
219	303	-1	0
303	327	-1	0
327	33	-1	0
33	62	-1	0
62	49	-1	0
49	131	-1	0
131	170	-1	0
170	341	-1	0
341	111	-1	0
111	137	-1	0
137	325	-1	0
325	116	-1	0
116	88	-1	0
88	276	-1	0
276	282	-1	0
282	366	-1	0
366	247	-1	0
247	448	-1	0
448	464	-1	0
464	449	-1	0
449	440	-1	0
440	135	-1	0
135	453	-1	0
453	58	-1	0
58	274	-1	0
274	499	-1	0
499	63	-1	0
63	465	-1	0
465	174	-1	0
174	468	-1	0
468	258	-1	0
258	405	-1	0
405	31	-1	0
31	238	-1	0
238	304	-1	0
304	483	-1	0
483	158	-1	0
158	56	-1	0
56	26	-1	0
26	210	-1	0
210	128	-1	0
128	233	-1	0
233	271	-1	0
271	490	-1	0
490	427	-1	0
427	395	-1	0
395	346	-1	0
346	302	-1	0
302	484	-1	0
484	349	-1	0
349	317	-1	0
317	134	-1	0
134	296	-1	0
296	76	-1	0
76	357	-1	0
357	360	-1	0
360	1	-1	0
1	2	-1	0
2	305	-1	0
305	363	-1	0
363	387	-1	0
387	432	-1	0
432	108	-1	0
108	344	-1	0
344	471	-1	0
471	414	-1	0
414	122	-1	0
122	259	-1	0
259	255	-1	0
255	401	-1	0
401	60	-1	0
60	310	-1	0
310	12	-1	0
12	384	-1	0
384	444	-1	0
444	208	-1	0
208	192	-1	0
192	38	-1	0
38	488	-1	0
488	425	-1	0
425	249	-1	0
249	235	-1	0
235	431	-1	0
431	472	-1	0
472	145	-1	0
145	191	-1	0
191	168	-1	0
168	316	-1	0
316	20	-1	0
20	333	-1	0
333	61	-1	0
61	39	-1	0
39	263	-1	0
263	225	-1	0
225	439	-1	0
439	443	-1	0
443	262	-1	0
262	17	-1	0
17	229	-1	0
229	79	-1	0
79	172	-1	0
172	373	-1	0
373	278	-1	0
278	80	-1	0
80	422	-1	0
422	27	-1	0
27	161	-1	0
161	332	-1	0
332	297	-1	0
297	462	-1	0
462	466	-1	0
466	104	-1	0
104	216	-1	0
216	105	-1	0
105	418	-1	0
418	14	-1	0
14	394	-1	0
394	100	-1	0
100	334	-1	0
334	497	-1	0
497	211	-1	0
211	312	-1	0
312	123	-1	0
123	450	-1	0
450	330	-1	0
330	217	-1	0
217	411	-1	0
411	250	-1	0
250	421	-1	0
421	277	-1	0
277	107	-1	0
107	433	-1	0
433	169	-1	0
169	19	-1	0
19	85	-1	0
85	403	-1	0
403	83	-1	0
83	265	-1	0
265	478	-1	0
478	113	-1	0
113	199	-1	0
199	44	-1	0
44	494	-1	0
494	437	-1	0
437	455	-1	0
455	152	-1	0
152	119	-1	0
119	101	-1	0
101	359	-1	0
359	64	-1	0
64	417	-1	0
417	11	-1	0
11	139	-1	0
139	406	-1	0
406	221	-1	0
221	457	-1	0
457	41	-1	0
41	279	-1	0
279	495	-1	0
495	441	-1	0
441	396	-1	0
396	230	-1	0
230	280	-1	0
280	337	-1	0
337	329	-1	0
329	336	-1	0
336	372	-1	0
372	197	-1	0
197	251	-1	0
251	400	-1	0
400	299	-1	0
299	180	-1	0
180	198	-1	0
198	321	-1	0
321	118	-1	0
118	328	-1	0
328	8	-1	0
8	112	-1	0
112	165	-1	0
165	124	-1	0
124	87	-1	0
87	110	-1	0
110	345	-1	0
345	295	-1	0
295	376	-1	0
376	456	-1	0
456	267	-1	0
267	90	-1	0
90	70	-1	0
70	228	-1	0
228	182	-1	0
182	89	-1	0
89	377	-1	0
377	252	-1	0
252	121	-1	0
121	347	-1	0
347	23	-1	0
23	270	-1	0
270	36	-1	0
36	246	-1	0
246	91	-1	0
91	7	-1	0
7	189	-1	0
189	75	-1	0
75	261	-1	0
261	185	-1	0
185	306	-1	0
306	273	-1	0
273	37	-1	0
37	340	-1	0
340	227	-1	0
227	155	-1	0
155	498	-1	0
498	43	-1	0
43	95	-1	0
95	173	-1	0
173	115	-1	0
115	46	-1	0
46	223	-1	0
223	285	-1	0
285	320	-1	0
320	54	-1	0
54	319	-1	0
319	392	-1	0
392	215	-1	0
215	206	-1	0
206	151	-1	0
151	153	-1	0
153	460	-1	0
460	243	-1	0
243	318	-1	0
318	463	-1	0
463	218	-1	0
218	28	-1	0
28	493	-1	0
493	94	-1	0
94	335	-1	0
335	438	-1	0
438	132	-1	0
132	154	-1	0
154	416	-1	0
416	92	-1	0
92	370	-1	0
370	45	-1	0
45	419	-1	0
419	264	-1	0
264	141	-1	0
141	205	-1	0
205	323	-1	0
323	451	-1	0
451	404	-1	0
404	423	-1	0
423	358	-1	0
358	67	-1	0
67	96	-1	0
96	226	-1	0
226	375	-1	0
375	194	-1	0
194	102	-1	0
102	311	-1	0
311	103	-1	0
103	287	-1	0
287	196	-1	0
196	245	-1	0
245	82	-1	0
82	397	-1	0
397	486	-1	0
486	147	-1	0
147	391	-1	0
391	66	-1	0
66	467	-1	0
467	410	-1	0
410	187	-1	0
187	237	-1	0
237	186	-1	0
186	25	-1	0
25	408	-1	0
408	234	-1	0
234	350	-1	0
350	461	-1	0
461	6	-1	0
6	133	-1	0
133	224	-1	0
224	474	-1	0
474	240	-1	0
240	374	-1	0
374	452	-1	0
452	445	-1	0
445	127	-1	0
127	231	-1	0
231	148	-1	0
148	77	-1	0
77	120	-1	0
120	98	-1	0
98	18	-1	0
18	129	-1	0
129	140	-1	0
140	183	-1	0
183	426	-1	0
426	343	-1	0
343	447	-1	0
447	195	-1	0
195	256	-1	0
256	298	-1	0
298	207	-1	0
207	368	-1	0
368	202	-1	0
202	428	-1	0
428	65	-1	0
65	178	-1	0
178	293	-1	0
293	232	-1	0
232	175	-1	0
175	71	-1	0
71	74	-1	0
74	138	-1	0
138	167	-1	0
167	222	-1	0
222	50	-1	0
50	239	-1	0
239	492	-1	0
492	68	-1	0
68	342	-1	0
342	149	-1	0
149	393	-1	0
393	412	-1	0
412	162	-1	0
162	294	-1	0
294	190	-1	0
190	204	-1	0
204	378	-1	0
378	125	-1	0
125	81	-1	0
81	59	-1	0
59	354	-1	0
354	309	-1	0
309	475	-1	0
475	99	-1	0
99	126	-1	0
126	144	-1	0
144	473	-1	0
473	244	-1	0
244	34	-1	0
34	166	-1	0
166	313	-1	0
313	407	-1	0
407	257	-1	0
257	272	-1	0
272	241	-1	0
241	479	-1	0
479	266	-1	0
266	424	-1	0
424	214	-1	0
214	322	-1	0
322	420	-1	0
420	383	-1	0
383	253	-1	0
253	364	-1	0
364	93	-1	0
93	286	-1	0
286	446	-1	0
446	458	-1	0
458	106	-1	0
106	367	-1	0
367	365	-1	0
365	284	-1	0
284	398	-1	0
398	209	-1	0
209	86	-1	0
86	51	-1	0
51	47	-1	0
47	248	-1	0
248	380	-1	0
380	339	-1	0
339	55	-1	0
55	291	-1	0
291	300	-1	0
300	201	-1	0
201	146	-1	0
146	184	-1	0
184	29	-1	0
29	454	-1	0
454	57	-1	0
57	97	-1	0
97	352	-1	0
352	179	-1	0
179	117	-1	0
117	353	-1	0
353	22	-1	0
22	362	-1	0
362	379	-1	0
379	487	-1	0
487	136	-1	0
136	220	-1	0
220	109	-1	0
109	3	-1	0
3	164	-1	0
164	429	-1	0
429	485	-1	0
485	48	-1	0
48	53	-1	0
53	78	-1	0
78	290	-1	0
290	470	-1	0
470	32	-1	0
32	361	-1	0
361	163	-1	0
163	156	-1	0
156	9	-1	0
9	415	-1	0
415	389	-1	0
389	21	-1	0
21	157	-1	0
157	42	-1	0
42	338	-1	0
338	491	-1	0
491	260	-1	0
260	269	-1	0
269	212	-1	0
212	292	-1	0
292	188	-1	0
188	0	-1	0
