/* Number of Operations */
375
/* List of Operations. */
/* Start	End	Fly	#Internal	Locations...*/
0	51	-1	0
51	275	-1	0
275	122	-1	0
122	307	-1	0
307	144	-1	0
144	159	-1	0
159	267	-1	0
267	297	-1	0
297	184	-1	0
184	254	-1	0
254	76	-1	0
76	189	-1	0
189	43	-1	0
43	48	-1	0
48	329	-1	0
329	294	-1	0
294	286	-1	0
286	223	-1	0
223	45	-1	0
45	5	-1	0
5	310	-1	0
310	228	-1	0
228	90	-1	0
90	216	-1	0
216	78	-1	0
78	233	-1	0
233	93	-1	0
93	131	-1	0
131	33	-1	0
33	268	-1	0
268	75	-1	0
75	98	-1	0
98	301	-1	0
301	103	-1	0
103	23	-1	0
23	280	-1	0
280	259	-1	0
259	291	-1	0
291	337	-1	0
337	4	-1	0
4	211	-1	0
211	70	-1	0
70	115	-1	0
115	95	-1	0
95	293	-1	0
293	343	-1	0
343	2	-1	0
2	54	-1	0
54	138	-1	0
138	263	-1	0
263	10	-1	0
10	175	-1	0
175	186	-1	0
186	231	-1	0
231	258	-1	0
258	102	-1	0
102	96	-1	0
96	328	-1	0
328	68	-1	0
68	61	-1	0
61	110	-1	0
110	15	-1	0
15	18	-1	0
18	363	-1	0
363	60	-1	0
60	242	-1	0
242	37	-1	0
37	230	-1	0
230	237	-1	0
237	289	-1	0
289	35	-1	0
35	112	-1	0
112	290	-1	0
290	360	-1	0
360	154	-1	0
154	205	-1	0
205	365	-1	0
365	335	-1	0
335	345	-1	0
345	287	-1	0
287	295	-1	0
295	157	-1	0
157	30	-1	0
30	173	-1	0
173	222	-1	0
222	94	-1	0
94	181	-1	0
181	71	-1	0
71	284	-1	0
284	355	-1	0
355	270	-1	0
270	236	-1	0
236	315	-1	0
315	178	-1	0
178	364	-1	0
364	77	-1	0
77	46	-1	0
46	28	-1	0
28	248	-1	0
248	292	-1	0
292	41	-1	0
41	305	-1	0
305	373	-1	0
373	84	-1	0
84	217	-1	0
217	311	-1	0
311	141	-1	0
141	162	-1	0
162	149	-1	0
149	134	-1	0
134	232	-1	0
232	167	-1	0
167	85	-1	0
85	331	-1	0
331	266	-1	0
266	79	-1	0
79	128	-1	0
128	69	-1	0
69	240	-1	0
240	336	-1	0
336	168	-1	0
168	320	-1	0
320	256	-1	0
256	123	-1	0
123	113	-1	0
113	66	-1	0
66	133	-1	0
133	63	-1	0
63	253	-1	0
253	321	-1	0
321	166	-1	0
166	67	-1	0
67	185	-1	0
185	64	-1	0
64	107	-1	0
107	101	-1	0
101	374	-1	0
374	74	-1	0
74	245	-1	0
245	114	-1	0
114	361	-1	0
361	129	-1	0
129	97	-1	0
97	357	-1	0
357	124	-1	0
124	136	-1	0
136	212	-1	0
212	199	-1	0
199	109	-1	0
109	371	-1	0
371	190	-1	0
190	8	-1	0
8	300	-1	0
300	210	-1	0
210	316	-1	0
316	243	-1	0
243	34	-1	0
34	82	-1	0
82	209	-1	0
209	150	-1	0
150	327	-1	0
327	52	-1	0
52	339	-1	0
339	314	-1	0
314	143	-1	0
143	139	-1	0
139	332	-1	0
332	288	-1	0
288	366	-1	0
366	274	-1	0
274	261	-1	0
261	146	-1	0
146	221	-1	0
221	282	-1	0
282	203	-1	0
203	130	-1	0
130	153	-1	0
153	206	-1	0
206	340	-1	0
340	87	-1	0
87	160	-1	0
160	125	-1	0
125	313	-1	0
313	14	-1	0
14	249	-1	0
249	19	-1	0
19	367	-1	0
367	250	-1	0
250	119	-1	0
119	17	-1	0
17	120	-1	0
120	197	-1	0
197	148	-1	0
148	239	-1	0
239	158	-1	0
158	283	-1	0
283	344	-1	0
344	170	-1	0
170	349	-1	0
349	330	-1	0
330	303	-1	0
303	304	-1	0
304	50	-1	0
50	347	-1	0
347	73	-1	0
73	165	-1	0
165	276	-1	0
276	12	-1	0
12	281	-1	0
281	188	-1	0
188	72	-1	0
72	269	-1	0
269	151	-1	0
151	354	-1	0
354	39	-1	0
39	265	-1	0
265	252	-1	0
252	127	-1	0
127	13	-1	0
13	341	-1	0
341	36	-1	0
36	271	-1	0
271	25	-1	0
25	264	-1	0
264	306	-1	0
306	38	-1	0
38	7	-1	0
7	238	-1	0
238	370	-1	0
370	176	-1	0
176	272	-1	0
272	207	-1	0
207	104	-1	0
104	359	-1	0
359	278	-1	0
278	88	-1	0
88	24	-1	0
24	198	-1	0
198	152	-1	0
152	358	-1	0
358	323	-1	0
323	163	-1	0
163	308	-1	0
308	9	-1	0
9	111	-1	0
111	219	-1	0
219	108	-1	0
108	169	-1	0
169	65	-1	0
65	255	-1	0
255	100	-1	0
100	117	-1	0
117	81	-1	0
81	324	-1	0
324	350	-1	0
350	251	-1	0
251	55	-1	0
55	44	-1	0
44	334	-1	0
334	262	-1	0
262	58	-1	0
58	164	-1	0
164	135	-1	0
135	326	-1	0
326	132	-1	0
132	182	-1	0
182	241	-1	0
241	105	-1	0
105	348	-1	0
348	227	-1	0
227	147	-1	0
147	32	-1	0
32	352	-1	0
352	202	-1	0
202	214	-1	0
214	369	-1	0
369	161	-1	0
161	213	-1	0
213	80	-1	0
80	11	-1	0
11	16	-1	0
16	62	-1	0
62	368	-1	0
368	140	-1	0
140	59	-1	0
59	235	-1	0
235	299	-1	0
299	57	-1	0
57	342	-1	0
342	99	-1	0
99	171	-1	0
171	42	-1	0
42	1	-1	0
1	118	-1	0
118	180	-1	0
180	229	-1	0
229	196	-1	0
196	362	-1	0
362	273	-1	0
273	246	-1	0
246	309	-1	0
309	27	-1	0
27	193	-1	0
193	260	-1	0
260	318	-1	0
318	204	-1	0
204	296	-1	0
296	6	-1	0
6	247	-1	0
247	172	-1	0
172	21	-1	0
21	126	-1	0
126	346	-1	0
346	183	-1	0
183	156	-1	0
156	174	-1	0
174	106	-1	0
106	56	-1	0
56	234	-1	0
234	53	-1	0
53	195	-1	0
195	215	-1	0
215	26	-1	0
26	177	-1	0
177	277	-1	0
277	49	-1	0
49	218	-1	0
218	224	-1	0
224	226	-1	0
226	91	-1	0
91	22	-1	0
22	200	-1	0
200	302	-1	0
302	29	-1	0
29	325	-1	0
325	201	-1	0
201	208	-1	0
208	145	-1	0
145	353	-1	0
353	194	-1	0
194	333	-1	0
333	83	-1	0
83	298	-1	0
298	312	-1	0
312	179	-1	0
179	220	-1	0
220	155	-1	0
155	317	-1	0
317	86	-1	0
86	356	-1	0
356	191	-1	0
191	142	-1	0
142	47	-1	0
47	137	-1	0
137	244	-1	0
244	192	-1	0
192	92	-1	0
92	31	-1	0
31	279	-1	0
279	187	-1	0
187	257	-1	0
257	351	-1	0
351	116	-1	0
116	319	-1	0
319	89	-1	0
89	225	-1	0
225	338	-1	0
338	40	-1	0
40	3	-1	0
3	121	-1	0
121	372	-1	0
372	322	-1	0
322	285	-1	0
285	20	-1	0
20	0	-1	0
