/* Number of Operations */
375
/* List of Operations. */
/* Start	End	Fly	#Internal	Locations...*/
0	45	-1	0
45	125	-1	0
125	267	-1	0
267	72	-1	0
72	78	-1	0
78	266	-1	0
266	304	-1	0
304	105	-1	0
105	216	-1	0
216	209	-1	0
209	273	-1	0
273	70	-1	0
70	82	-1	0
82	81	-1	0
81	262	-1	0
262	236	-1	0
236	215	-1	0
215	55	-1	0
55	74	-1	0
74	254	-1	0
254	364	-1	0
364	195	-1	0
195	163	-1	0
163	295	-1	0
295	69	-1	0
69	357	-1	0
357	128	-1	0
128	6	-1	0
6	306	-1	0
306	200	-1	0
200	186	-1	0
186	114	-1	0
114	162	-1	0
162	113	-1	0
113	334	-1	0
334	201	-1	0
201	224	-1	0
224	190	-1	0
190	28	-1	0
28	223	-1	0
223	31	-1	0
31	158	-1	0
158	309	-1	0
309	323	-1	0
323	135	-1	0
135	249	-1	0
249	217	-1	0
217	66	-1	0
66	160	-1	0
160	373	-1	0
373	34	-1	0
34	259	-1	0
259	181	-1	0
181	283	-1	0
283	317	-1	0
317	67	-1	0
67	4	-1	0
4	239	-1	0
239	275	-1	0
275	94	-1	0
94	37	-1	0
37	241	-1	0
241	243	-1	0
243	319	-1	0
319	348	-1	0
348	237	-1	0
237	9	-1	0
9	182	-1	0
182	352	-1	0
352	60	-1	0
60	16	-1	0
16	116	-1	0
116	12	-1	0
12	175	-1	0
175	56	-1	0
56	58	-1	0
58	100	-1	0
100	179	-1	0
179	297	-1	0
297	296	-1	0
296	278	-1	0
278	141	-1	0
141	353	-1	0
353	27	-1	0
27	256	-1	0
256	177	-1	0
177	57	-1	0
57	194	-1	0
194	96	-1	0
96	1	-1	0
1	240	-1	0
240	189	-1	0
189	170	-1	0
170	258	-1	0
258	87	-1	0
87	271	-1	0
271	242	-1	0
242	368	-1	0
368	233	-1	0
233	316	-1	0
316	213	-1	0
213	281	-1	0
281	315	-1	0
315	287	-1	0
287	161	-1	0
161	85	-1	0
85	374	-1	0
374	65	-1	0
65	335	-1	0
335	169	-1	0
169	61	-1	0
61	184	-1	0
184	294	-1	0
294	337	-1	0
337	197	-1	0
197	77	-1	0
77	35	-1	0
35	157	-1	0
157	261	-1	0
261	279	-1	0
279	371	-1	0
371	155	-1	0
155	130	-1	0
130	153	-1	0
153	231	-1	0
231	127	-1	0
127	203	-1	0
203	84	-1	0
84	300	-1	0
300	338	-1	0
338	102	-1	0
102	42	-1	0
42	95	-1	0
95	255	-1	0
255	123	-1	0
123	109	-1	0
109	112	-1	0
112	80	-1	0
80	318	-1	0
318	188	-1	0
188	147	-1	0
147	21	-1	0
21	291	-1	0
291	260	-1	0
260	346	-1	0
346	137	-1	0
137	310	-1	0
310	119	-1	0
119	174	-1	0
174	62	-1	0
62	97	-1	0
97	126	-1	0
126	167	-1	0
167	10	-1	0
10	312	-1	0
312	121	-1	0
121	327	-1	0
327	111	-1	0
111	253	-1	0
253	218	-1	0
218	25	-1	0
25	314	-1	0
314	64	-1	0
64	280	-1	0
280	151	-1	0
151	298	-1	0
298	238	-1	0
238	156	-1	0
156	369	-1	0
369	214	-1	0
214	358	-1	0
358	88	-1	0
88	51	-1	0
51	322	-1	0
322	285	-1	0
285	118	-1	0
118	49	-1	0
49	18	-1	0
18	30	-1	0
30	289	-1	0
289	8	-1	0
8	222	-1	0
222	248	-1	0
248	205	-1	0
205	354	-1	0
354	48	-1	0
48	277	-1	0
277	136	-1	0
136	183	-1	0
183	33	-1	0
33	344	-1	0
344	166	-1	0
166	221	-1	0
221	211	-1	0
211	132	-1	0
132	38	-1	0
38	140	-1	0
140	362	-1	0
362	139	-1	0
139	268	-1	0
268	341	-1	0
341	292	-1	0
292	46	-1	0
46	331	-1	0
331	152	-1	0
152	343	-1	0
343	89	-1	0
89	178	-1	0
178	41	-1	0
41	196	-1	0
196	339	-1	0
339	299	-1	0
299	108	-1	0
108	73	-1	0
73	361	-1	0
361	124	-1	0
124	349	-1	0
349	5	-1	0
5	115	-1	0
115	47	-1	0
47	53	-1	0
53	148	-1	0
148	171	-1	0
171	365	-1	0
365	76	-1	0
76	313	-1	0
313	360	-1	0
360	75	-1	0
75	44	-1	0
44	206	-1	0
206	227	-1	0
227	26	-1	0
26	103	-1	0
103	193	-1	0
193	347	-1	0
347	250	-1	0
250	22	-1	0
22	36	-1	0
36	101	-1	0
101	129	-1	0
129	133	-1	0
133	172	-1	0
172	83	-1	0
83	131	-1	0
131	92	-1	0
92	52	-1	0
52	120	-1	0
120	307	-1	0
307	187	-1	0
187	372	-1	0
372	288	-1	0
288	192	-1	0
192	90	-1	0
90	143	-1	0
143	117	-1	0
117	32	-1	0
32	54	-1	0
54	272	-1	0
272	207	-1	0
207	134	-1	0
134	50	-1	0
50	342	-1	0
342	367	-1	0
367	235	-1	0
235	24	-1	0
24	219	-1	0
219	180	-1	0
180	59	-1	0
59	351	-1	0
351	23	-1	0
23	210	-1	0
210	305	-1	0
305	168	-1	0
168	355	-1	0
355	11	-1	0
11	356	-1	0
356	274	-1	0
274	2	-1	0
2	308	-1	0
308	328	-1	0
328	269	-1	0
269	146	-1	0
146	43	-1	0
43	145	-1	0
145	230	-1	0
230	220	-1	0
220	176	-1	0
176	265	-1	0
265	340	-1	0
340	311	-1	0
311	263	-1	0
263	149	-1	0
149	228	-1	0
228	363	-1	0
363	225	-1	0
225	244	-1	0
244	63	-1	0
63	336	-1	0
336	366	-1	0
366	202	-1	0
202	86	-1	0
86	212	-1	0
212	325	-1	0
325	185	-1	0
185	14	-1	0
14	247	-1	0
247	93	-1	0
93	138	-1	0
138	159	-1	0
159	330	-1	0
330	333	-1	0
333	173	-1	0
173	104	-1	0
104	302	-1	0
302	144	-1	0
144	204	-1	0
204	252	-1	0
252	150	-1	0
150	17	-1	0
17	71	-1	0
71	326	-1	0
326	122	-1	0
122	110	-1	0
110	293	-1	0
293	40	-1	0
40	99	-1	0
99	359	-1	0
359	79	-1	0
79	276	-1	0
276	282	-1	0
282	91	-1	0
91	68	-1	0
68	191	-1	0
191	251	-1	0
251	142	-1	0
142	257	-1	0
257	106	-1	0
106	98	-1	0
98	332	-1	0
332	264	-1	0
264	303	-1	0
303	20	-1	0
20	232	-1	0
232	270	-1	0
270	329	-1	0
329	301	-1	0
301	234	-1	0
234	286	-1	0
286	350	-1	0
350	15	-1	0
15	320	-1	0
320	154	-1	0
154	7	-1	0
7	324	-1	0
324	321	-1	0
321	199	-1	0
199	198	-1	0
198	246	-1	0
246	208	-1	0
208	284	-1	0
284	13	-1	0
13	165	-1	0
165	39	-1	0
39	29	-1	0
29	345	-1	0
345	3	-1	0
3	107	-1	0
107	370	-1	0
370	226	-1	0
226	229	-1	0
229	164	-1	0
164	290	-1	0
290	19	-1	0
19	245	-1	0
245	0	-1	0
