/* Number of Operations */
75
/* List of Operations. */
/* Start	End	Fly	#Internal	Locations...*/
0	6	-1	0
6	58	-1	0
58	37	-1	0
37	47	-1	0
47	43	-1	0
43	23	-1	0
23	3	-1	0
3	31	-1	0
31	73	-1	0
73	54	-1	0
54	70	-1	0
70	14	-1	0
14	24	-1	0
24	65	-1	0
65	16	-1	0
16	71	-1	0
71	52	-1	0
52	50	-1	0
50	64	-1	0
64	69	-1	0
69	8	-1	0
8	55	-1	0
55	5	-1	0
5	46	-1	0
46	44	-1	0
44	32	-1	0
32	7	-1	0
7	18	-1	0
18	51	-1	0
51	33	-1	0
33	9	-1	0
9	17	-1	0
17	25	-1	0
25	21	-1	0
21	42	-1	0
42	56	-1	0
56	15	-1	0
15	30	-1	0
30	10	-1	0
10	57	-1	0
57	61	-1	0
61	4	-1	0
4	28	-1	0
28	63	-1	0
63	13	-1	0
13	19	-1	0
19	74	-1	0
74	40	-1	0
40	41	-1	0
41	36	-1	0
36	39	-1	0
39	26	-1	0
26	49	-1	0
49	20	-1	0
20	53	-1	0
53	2	-1	0
2	29	-1	0
29	60	-1	0
60	34	-1	0
34	59	-1	0
59	38	-1	0
38	72	-1	0
72	12	-1	0
12	35	-1	0
35	48	-1	0
48	11	-1	0
11	45	-1	0
45	27	-1	0
27	62	-1	0
62	1	-1	0
1	22	-1	0
22	67	-1	0
67	68	-1	0
68	66	-1	0
66	0	-1	0
