/* Number of Operations */
375
/* List of Operations. */
/* Start	End	Fly	#Internal	Locations...*/
0	50	-1	0
50	66	-1	0
66	276	-1	0
276	10	-1	0
10	7	-1	0
7	217	-1	0
217	366	-1	0
366	130	-1	0
130	203	-1	0
203	79	-1	0
79	224	-1	0
224	313	-1	0
313	310	-1	0
310	102	-1	0
102	309	-1	0
309	64	-1	0
64	315	-1	0
315	258	-1	0
258	283	-1	0
283	212	-1	0
212	42	-1	0
42	218	-1	0
218	230	-1	0
230	154	-1	0
154	316	-1	0
316	240	-1	0
240	162	-1	0
162	185	-1	0
185	271	-1	0
271	29	-1	0
29	342	-1	0
342	318	-1	0
318	147	-1	0
147	88	-1	0
88	344	-1	0
344	292	-1	0
292	343	-1	0
343	37	-1	0
37	5	-1	0
5	36	-1	0
36	182	-1	0
182	365	-1	0
365	52	-1	0
52	82	-1	0
82	255	-1	0
255	158	-1	0
158	298	-1	0
298	221	-1	0
221	297	-1	0
297	45	-1	0
45	339	-1	0
339	178	-1	0
178	4	-1	0
4	71	-1	0
71	245	-1	0
245	133	-1	0
133	53	-1	0
53	33	-1	0
33	270	-1	0
270	126	-1	0
126	61	-1	0
61	15	-1	0
15	359	-1	0
359	83	-1	0
83	280	-1	0
280	25	-1	0
25	111	-1	0
111	187	-1	0
187	101	-1	0
101	128	-1	0
128	213	-1	0
213	196	-1	0
196	90	-1	0
90	131	-1	0
131	279	-1	0
279	314	-1	0
314	225	-1	0
225	152	-1	0
152	97	-1	0
97	312	-1	0
312	300	-1	0
300	95	-1	0
95	216	-1	0
216	77	-1	0
77	207	-1	0
207	261	-1	0
261	325	-1	0
325	215	-1	0
215	361	-1	0
361	21	-1	0
21	257	-1	0
257	302	-1	0
302	275	-1	0
275	233	-1	0
233	334	-1	0
334	192	-1	0
192	144	-1	0
144	172	-1	0
172	356	-1	0
356	259	-1	0
259	103	-1	0
103	350	-1	0
350	229	-1	0
229	35	-1	0
35	373	-1	0
373	135	-1	0
135	161	-1	0
161	91	-1	0
91	251	-1	0
251	189	-1	0
189	232	-1	0
232	166	-1	0
166	349	-1	0
349	372	-1	0
372	110	-1	0
110	92	-1	0
92	123	-1	0
123	169	-1	0
169	26	-1	0
26	138	-1	0
138	73	-1	0
73	84	-1	0
84	65	-1	0
65	9	-1	0
9	12	-1	0
12	149	-1	0
149	120	-1	0
120	38	-1	0
38	211	-1	0
211	136	-1	0
136	277	-1	0
277	141	-1	0
141	174	-1	0
174	107	-1	0
107	311	-1	0
311	48	-1	0
48	269	-1	0
269	278	-1	0
278	319	-1	0
319	273	-1	0
273	326	-1	0
326	181	-1	0
181	321	-1	0
321	8	-1	0
8	306	-1	0
306	262	-1	0
262	34	-1	0
34	219	-1	0
219	367	-1	0
367	236	-1	0
236	46	-1	0
46	260	-1	0
260	157	-1	0
157	227	-1	0
227	190	-1	0
190	72	-1	0
72	374	-1	0
374	30	-1	0
30	14	-1	0
14	282	-1	0
282	252	-1	0
252	244	-1	0
244	304	-1	0
304	197	-1	0
197	104	-1	0
104	27	-1	0
27	114	-1	0
114	323	-1	0
323	188	-1	0
188	369	-1	0
369	116	-1	0
116	167	-1	0
167	253	-1	0
253	208	-1	0
208	11	-1	0
11	263	-1	0
263	13	-1	0
13	284	-1	0
284	63	-1	0
63	347	-1	0
347	125	-1	0
125	58	-1	0
58	289	-1	0
289	32	-1	0
32	341	-1	0
341	241	-1	0
241	67	-1	0
67	222	-1	0
222	98	-1	0
98	155	-1	0
155	171	-1	0
171	148	-1	0
148	351	-1	0
351	235	-1	0
235	87	-1	0
87	199	-1	0
199	17	-1	0
17	288	-1	0
288	100	-1	0
100	299	-1	0
299	205	-1	0
205	340	-1	0
340	301	-1	0
301	256	-1	0
256	307	-1	0
307	290	-1	0
290	115	-1	0
115	41	-1	0
41	285	-1	0
285	210	-1	0
210	108	-1	0
108	352	-1	0
352	43	-1	0
43	117	-1	0
117	198	-1	0
198	308	-1	0
308	335	-1	0
335	330	-1	0
330	78	-1	0
78	360	-1	0
360	265	-1	0
265	23	-1	0
23	266	-1	0
266	129	-1	0
129	145	-1	0
145	286	-1	0
286	322	-1	0
322	355	-1	0
355	179	-1	0
179	140	-1	0
140	112	-1	0
112	118	-1	0
118	294	-1	0
294	89	-1	0
89	31	-1	0
31	132	-1	0
132	80	-1	0
80	163	-1	0
163	214	-1	0
214	39	-1	0
39	180	-1	0
180	348	-1	0
348	220	-1	0
220	242	-1	0
242	109	-1	0
109	164	-1	0
164	231	-1	0
231	81	-1	0
81	234	-1	0
234	44	-1	0
44	264	-1	0
264	62	-1	0
62	246	-1	0
246	20	-1	0
20	54	-1	0
54	86	-1	0
86	168	-1	0
168	368	-1	0
368	175	-1	0
175	354	-1	0
354	338	-1	0
338	75	-1	0
75	249	-1	0
249	49	-1	0
49	195	-1	0
195	51	-1	0
51	142	-1	0
142	28	-1	0
28	268	-1	0
268	254	-1	0
254	94	-1	0
94	317	-1	0
317	24	-1	0
24	305	-1	0
305	296	-1	0
296	2	-1	0
2	134	-1	0
134	186	-1	0
186	99	-1	0
99	324	-1	0
324	331	-1	0
331	336	-1	0
336	332	-1	0
332	143	-1	0
143	272	-1	0
272	176	-1	0
176	357	-1	0
357	329	-1	0
329	119	-1	0
119	40	-1	0
40	337	-1	0
337	267	-1	0
267	59	-1	0
59	201	-1	0
201	345	-1	0
345	358	-1	0
358	68	-1	0
68	93	-1	0
93	57	-1	0
57	293	-1	0
293	160	-1	0
160	327	-1	0
327	346	-1	0
346	113	-1	0
113	363	-1	0
363	124	-1	0
124	1	-1	0
1	191	-1	0
191	76	-1	0
76	74	-1	0
74	200	-1	0
200	228	-1	0
228	204	-1	0
204	206	-1	0
206	370	-1	0
370	151	-1	0
151	223	-1	0
223	173	-1	0
173	105	-1	0
105	247	-1	0
247	22	-1	0
22	226	-1	0
226	16	-1	0
16	153	-1	0
153	362	-1	0
362	60	-1	0
60	69	-1	0
69	56	-1	0
56	183	-1	0
183	328	-1	0
328	239	-1	0
239	209	-1	0
209	121	-1	0
121	156	-1	0
156	184	-1	0
184	291	-1	0
291	19	-1	0
19	139	-1	0
139	364	-1	0
364	47	-1	0
47	303	-1	0
303	295	-1	0
295	287	-1	0
287	274	-1	0
274	353	-1	0
353	55	-1	0
55	193	-1	0
193	122	-1	0
122	248	-1	0
248	250	-1	0
250	146	-1	0
146	177	-1	0
177	371	-1	0
371	194	-1	0
194	237	-1	0
237	96	-1	0
96	3	-1	0
3	6	-1	0
6	159	-1	0
159	70	-1	0
70	150	-1	0
150	127	-1	0
127	202	-1	0
202	281	-1	0
281	137	-1	0
137	170	-1	0
170	333	-1	0
333	238	-1	0
238	320	-1	0
320	85	-1	0
85	106	-1	0
106	243	-1	0
243	165	-1	0
165	18	-1	0
18	0	-1	0
