/* Number of Operations */
250
/* List of Operations. */
/* Start	End	Fly	#Internal	Locations...*/
0	154	-1	0
154	67	-1	0
67	248	-1	0
248	152	-1	0
152	143	-1	0
143	170	-1	0
170	68	-1	0
68	26	-1	0
26	11	-1	0
11	90	-1	0
90	164	-1	0
164	3	-1	0
3	235	-1	0
235	38	-1	0
38	44	-1	0
44	161	-1	0
161	111	-1	0
111	97	-1	0
97	197	-1	0
197	20	-1	0
20	149	-1	0
149	114	-1	0
114	101	-1	0
101	33	-1	0
33	125	-1	0
125	187	-1	0
187	47	-1	0
47	104	-1	0
104	52	-1	0
52	238	-1	0
238	70	-1	0
70	64	-1	0
64	205	-1	0
205	50	-1	0
50	241	-1	0
241	222	-1	0
222	129	-1	0
129	228	-1	0
228	59	-1	0
59	184	-1	0
184	159	-1	0
159	27	-1	0
27	91	-1	0
91	168	-1	0
168	63	-1	0
63	192	-1	0
192	156	-1	0
156	19	-1	0
19	51	-1	0
51	115	-1	0
115	5	-1	0
5	39	-1	0
39	220	-1	0
220	88	-1	0
88	226	-1	0
226	82	-1	0
82	7	-1	0
7	13	-1	0
13	105	-1	0
105	110	-1	0
110	166	-1	0
166	247	-1	0
247	234	-1	0
234	48	-1	0
48	109	-1	0
109	145	-1	0
145	124	-1	0
124	99	-1	0
99	196	-1	0
196	56	-1	0
56	107	-1	0
107	217	-1	0
217	173	-1	0
173	10	-1	0
10	230	-1	0
230	202	-1	0
202	17	-1	0
17	199	-1	0
199	81	-1	0
81	75	-1	0
75	54	-1	0
54	31	-1	0
31	140	-1	0
140	181	-1	0
181	225	-1	0
225	155	-1	0
155	9	-1	0
9	46	-1	0
46	43	-1	0
43	95	-1	0
95	243	-1	0
243	6	-1	0
6	233	-1	0
233	223	-1	0
223	126	-1	0
126	229	-1	0
229	76	-1	0
76	213	-1	0
213	198	-1	0
198	21	-1	0
21	96	-1	0
96	158	-1	0
158	79	-1	0
79	119	-1	0
119	128	-1	0
128	135	-1	0
135	117	-1	0
117	30	-1	0
30	227	-1	0
227	103	-1	0
103	28	-1	0
28	4	-1	0
4	62	-1	0
62	177	-1	0
177	98	-1	0
98	58	-1	0
58	141	-1	0
141	8	-1	0
8	216	-1	0
216	72	-1	0
72	53	-1	0
53	69	-1	0
69	14	-1	0
14	183	-1	0
183	209	-1	0
209	179	-1	0
179	18	-1	0
18	15	-1	0
15	189	-1	0
189	201	-1	0
201	249	-1	0
249	136	-1	0
136	83	-1	0
83	144	-1	0
144	186	-1	0
186	131	-1	0
131	176	-1	0
176	121	-1	0
121	71	-1	0
71	157	-1	0
157	207	-1	0
207	112	-1	0
112	211	-1	0
211	130	-1	0
130	2	-1	0
2	151	-1	0
151	133	-1	0
133	242	-1	0
242	191	-1	0
191	215	-1	0
215	89	-1	0
89	160	-1	0
160	35	-1	0
35	45	-1	0
45	214	-1	0
214	203	-1	0
203	113	-1	0
113	246	-1	0
246	65	-1	0
65	29	-1	0
29	86	-1	0
86	193	-1	0
193	175	-1	0
175	231	-1	0
231	232	-1	0
232	132	-1	0
132	22	-1	0
22	1	-1	0
1	147	-1	0
147	172	-1	0
172	165	-1	0
165	85	-1	0
85	12	-1	0
12	134	-1	0
134	195	-1	0
195	120	-1	0
120	190	-1	0
190	34	-1	0
34	194	-1	0
194	100	-1	0
100	122	-1	0
122	80	-1	0
80	185	-1	0
185	77	-1	0
77	146	-1	0
146	42	-1	0
42	218	-1	0
218	162	-1	0
162	108	-1	0
108	37	-1	0
37	92	-1	0
92	174	-1	0
174	55	-1	0
55	106	-1	0
106	61	-1	0
61	182	-1	0
182	23	-1	0
23	208	-1	0
208	40	-1	0
40	36	-1	0
36	118	-1	0
118	102	-1	0
102	66	-1	0
66	60	-1	0
60	84	-1	0
84	138	-1	0
138	188	-1	0
188	116	-1	0
116	239	-1	0
239	127	-1	0
127	87	-1	0
87	224	-1	0
224	153	-1	0
153	49	-1	0
49	212	-1	0
212	169	-1	0
169	240	-1	0
240	73	-1	0
73	57	-1	0
57	94	-1	0
94	237	-1	0
237	219	-1	0
219	32	-1	0
32	148	-1	0
148	210	-1	0
210	167	-1	0
167	163	-1	0
163	137	-1	0
137	236	-1	0
236	221	-1	0
221	150	-1	0
150	25	-1	0
25	244	-1	0
244	93	-1	0
93	180	-1	0
180	78	-1	0
78	41	-1	0
41	204	-1	0
204	16	-1	0
16	206	-1	0
206	142	-1	0
142	123	-1	0
123	139	-1	0
139	171	-1	0
171	74	-1	0
74	245	-1	0
245	24	-1	0
24	200	-1	0
200	178	-1	0
178	0	-1	0
