/* Number of Operations */
100
/* List of Operations. */
/* Start	End	Fly	#Internal	Locations...*/
0	61	-1	0
61	32	-1	0
32	35	-1	0
35	13	-1	0
13	10	-1	0
10	6	-1	0
6	25	-1	0
25	78	-1	0
78	85	-1	0
85	73	-1	0
73	27	-1	0
27	33	-1	0
33	3	-1	0
3	2	-1	0
2	96	-1	0
96	82	-1	0
82	51	-1	0
51	37	-1	0
37	97	-1	0
97	48	-1	0
48	84	-1	0
84	46	-1	0
46	29	-1	0
29	68	-1	0
68	21	-1	0
21	4	-1	0
4	94	-1	0
94	87	-1	0
87	76	-1	0
76	17	-1	0
17	99	-1	0
99	11	-1	0
11	5	-1	0
5	92	-1	0
92	66	-1	0
66	23	-1	0
23	56	-1	0
56	64	-1	0
64	47	-1	0
47	69	-1	0
69	50	-1	0
50	58	-1	0
58	38	-1	0
38	54	-1	0
54	71	-1	0
71	28	-1	0
28	15	-1	0
15	91	-1	0
91	77	-1	0
77	62	-1	0
62	8	-1	0
8	86	-1	0
86	67	-1	0
67	93	-1	0
93	65	-1	0
65	40	-1	0
40	30	-1	0
30	98	-1	0
98	12	-1	0
12	31	-1	0
31	49	-1	0
49	41	-1	0
41	75	-1	0
75	55	-1	0
55	14	-1	0
14	57	-1	0
57	53	-1	0
53	16	-1	0
16	26	-1	0
26	72	-1	0
72	80	-1	0
80	43	-1	0
43	52	-1	0
52	34	-1	0
34	45	-1	0
45	95	-1	0
95	7	-1	0
7	63	-1	0
63	89	-1	0
89	88	-1	0
88	44	-1	0
44	90	-1	0
90	70	-1	0
70	24	-1	0
24	20	-1	0
20	79	-1	0
79	19	-1	0
19	39	-1	0
39	59	-1	0
59	81	-1	0
81	36	-1	0
36	60	-1	0
60	9	-1	0
9	1	-1	0
1	83	-1	0
83	18	-1	0
18	22	-1	0
22	74	-1	0
74	42	-1	0
42	0	-1	0
