/* Number of Operations */
500
/* List of Operations. */
/* Start	End	Fly	#Internal	Locations...*/
0	60	-1	0
60	494	-1	0
494	419	-1	0
419	404	-1	0
404	130	-1	0
130	284	-1	0
284	497	-1	0
497	426	-1	0
426	313	-1	0
313	186	-1	0
186	245	-1	0
245	286	-1	0
286	329	-1	0
329	259	-1	0
259	260	-1	0
260	379	-1	0
379	380	-1	0
380	180	-1	0
180	223	-1	0
223	367	-1	0
367	208	-1	0
208	238	-1	0
238	103	-1	0
103	234	-1	0
234	269	-1	0
269	343	-1	0
343	133	-1	0
133	345	-1	0
345	49	-1	0
49	192	-1	0
192	32	-1	0
32	285	-1	0
285	40	-1	0
40	64	-1	0
64	383	-1	0
383	71	-1	0
71	438	-1	0
438	366	-1	0
366	391	-1	0
391	459	-1	0
459	53	-1	0
53	339	-1	0
339	390	-1	0
390	372	-1	0
372	320	-1	0
320	125	-1	0
125	154	-1	0
154	198	-1	0
198	114	-1	0
114	213	-1	0
213	311	-1	0
311	87	-1	0
87	98	-1	0
98	267	-1	0
267	27	-1	0
27	2	-1	0
2	364	-1	0
364	201	-1	0
201	85	-1	0
85	439	-1	0
439	422	-1	0
422	436	-1	0
436	370	-1	0
370	354	-1	0
354	297	-1	0
297	136	-1	0
136	164	-1	0
164	246	-1	0
246	427	-1	0
427	58	-1	0
58	95	-1	0
95	118	-1	0
118	255	-1	0
255	265	-1	0
265	39	-1	0
39	484	-1	0
484	163	-1	0
163	54	-1	0
54	262	-1	0
262	376	-1	0
376	333	-1	0
333	12	-1	0
12	492	-1	0
492	258	-1	0
258	217	-1	0
217	451	-1	0
451	116	-1	0
116	485	-1	0
485	456	-1	0
456	182	-1	0
182	138	-1	0
138	16	-1	0
16	483	-1	0
483	79	-1	0
79	196	-1	0
196	295	-1	0
295	88	-1	0
88	187	-1	0
187	153	-1	0
153	491	-1	0
491	190	-1	0
190	155	-1	0
155	487	-1	0
487	69	-1	0
69	351	-1	0
351	430	-1	0
430	57	-1	0
57	266	-1	0
266	469	-1	0
469	111	-1	0
111	273	-1	0
273	175	-1	0
175	466	-1	0
466	464	-1	0
464	279	-1	0
279	221	-1	0
221	227	-1	0
227	4	-1	0
4	454	-1	0
454	405	-1	0
405	173	-1	0
173	178	-1	0
178	323	-1	0
323	90	-1	0
90	308	-1	0
308	348	-1	0
348	280	-1	0
280	31	-1	0
31	107	-1	0
107	316	-1	0
316	68	-1	0
68	222	-1	0
222	489	-1	0
489	172	-1	0
172	402	-1	0
402	407	-1	0
407	141	-1	0
141	129	-1	0
129	75	-1	0
75	384	-1	0
384	33	-1	0
33	326	-1	0
326	377	-1	0
377	119	-1	0
119	452	-1	0
452	134	-1	0
134	302	-1	0
302	89	-1	0
89	177	-1	0
177	296	-1	0
296	158	-1	0
158	458	-1	0
458	122	-1	0
122	70	-1	0
70	431	-1	0
431	239	-1	0
239	38	-1	0
38	447	-1	0
447	321	-1	0
321	340	-1	0
340	102	-1	0
102	399	-1	0
399	392	-1	0
392	148	-1	0
148	123	-1	0
123	421	-1	0
421	184	-1	0
184	185	-1	0
185	212	-1	0
212	411	-1	0
411	328	-1	0
328	461	-1	0
461	465	-1	0
465	120	-1	0
120	112	-1	0
112	299	-1	0
299	10	-1	0
10	171	-1	0
171	203	-1	0
203	42	-1	0
42	232	-1	0
232	174	-1	0
174	215	-1	0
215	396	-1	0
396	28	-1	0
28	395	-1	0
395	225	-1	0
225	226	-1	0
226	45	-1	0
45	165	-1	0
165	121	-1	0
121	231	-1	0
231	183	-1	0
183	257	-1	0
257	401	-1	0
401	435	-1	0
435	110	-1	0
110	211	-1	0
211	26	-1	0
26	381	-1	0
381	472	-1	0
472	272	-1	0
272	248	-1	0
248	264	-1	0
264	9	-1	0
9	204	-1	0
204	206	-1	0
206	368	-1	0
368	230	-1	0
230	271	-1	0
271	76	-1	0
76	346	-1	0
346	481	-1	0
481	62	-1	0
62	277	-1	0
277	176	-1	0
176	73	-1	0
73	52	-1	0
52	336	-1	0
336	145	-1	0
145	306	-1	0
306	440	-1	0
440	428	-1	0
428	335	-1	0
335	282	-1	0
282	274	-1	0
274	409	-1	0
409	101	-1	0
101	205	-1	0
205	417	-1	0
417	167	-1	0
167	247	-1	0
247	347	-1	0
347	357	-1	0
357	495	-1	0
495	104	-1	0
104	301	-1	0
301	432	-1	0
432	250	-1	0
250	386	-1	0
386	437	-1	0
437	334	-1	0
334	29	-1	0
29	43	-1	0
43	363	-1	0
363	24	-1	0
24	416	-1	0
416	412	-1	0
412	55	-1	0
55	47	-1	0
47	382	-1	0
382	463	-1	0
463	356	-1	0
356	433	-1	0
433	362	-1	0
362	261	-1	0
261	189	-1	0
189	84	-1	0
84	307	-1	0
307	330	-1	0
330	235	-1	0
235	410	-1	0
410	151	-1	0
151	397	-1	0
397	331	-1	0
331	289	-1	0
289	202	-1	0
202	499	-1	0
499	398	-1	0
398	97	-1	0
97	35	-1	0
35	305	-1	0
305	373	-1	0
373	66	-1	0
66	207	-1	0
207	393	-1	0
393	146	-1	0
146	199	-1	0
199	303	-1	0
303	194	-1	0
194	480	-1	0
480	126	-1	0
126	317	-1	0
317	14	-1	0
14	48	-1	0
48	209	-1	0
209	150	-1	0
150	355	-1	0
355	352	-1	0
352	80	-1	0
80	332	-1	0
332	283	-1	0
283	244	-1	0
244	169	-1	0
169	429	-1	0
429	63	-1	0
63	256	-1	0
256	486	-1	0
486	25	-1	0
25	37	-1	0
37	51	-1	0
51	156	-1	0
156	147	-1	0
147	191	-1	0
191	365	-1	0
365	478	-1	0
478	216	-1	0
216	457	-1	0
457	67	-1	0
67	445	-1	0
445	142	-1	0
142	477	-1	0
477	228	-1	0
228	460	-1	0
460	108	-1	0
108	166	-1	0
166	493	-1	0
493	414	-1	0
414	214	-1	0
214	132	-1	0
132	251	-1	0
251	418	-1	0
418	453	-1	0
453	319	-1	0
319	375	-1	0
375	374	-1	0
374	18	-1	0
18	181	-1	0
181	442	-1	0
442	200	-1	0
200	78	-1	0
78	450	-1	0
450	15	-1	0
15	291	-1	0
291	263	-1	0
263	128	-1	0
128	143	-1	0
143	91	-1	0
91	342	-1	0
342	496	-1	0
496	349	-1	0
349	82	-1	0
82	360	-1	0
360	170	-1	0
170	408	-1	0
408	309	-1	0
309	8	-1	0
8	162	-1	0
162	72	-1	0
72	406	-1	0
406	243	-1	0
243	218	-1	0
218	113	-1	0
113	441	-1	0
441	233	-1	0
233	490	-1	0
490	229	-1	0
229	197	-1	0
197	241	-1	0
241	315	-1	0
315	413	-1	0
413	195	-1	0
195	434	-1	0
434	1	-1	0
1	252	-1	0
252	415	-1	0
415	425	-1	0
425	394	-1	0
394	462	-1	0
462	6	-1	0
6	19	-1	0
19	149	-1	0
149	420	-1	0
420	479	-1	0
479	449	-1	0
449	254	-1	0
254	290	-1	0
290	115	-1	0
115	388	-1	0
388	220	-1	0
220	278	-1	0
278	157	-1	0
157	92	-1	0
92	470	-1	0
470	161	-1	0
161	322	-1	0
322	139	-1	0
139	310	-1	0
310	188	-1	0
188	219	-1	0
219	444	-1	0
444	294	-1	0
294	3	-1	0
3	474	-1	0
474	249	-1	0
249	100	-1	0
100	353	-1	0
353	270	-1	0
270	59	-1	0
59	473	-1	0
473	159	-1	0
159	23	-1	0
23	325	-1	0
325	137	-1	0
137	338	-1	0
338	240	-1	0
240	423	-1	0
423	36	-1	0
36	287	-1	0
287	337	-1	0
337	81	-1	0
81	96	-1	0
96	288	-1	0
288	300	-1	0
300	152	-1	0
152	105	-1	0
105	22	-1	0
22	99	-1	0
99	385	-1	0
385	44	-1	0
44	293	-1	0
293	476	-1	0
476	389	-1	0
389	446	-1	0
446	17	-1	0
17	7	-1	0
7	21	-1	0
21	312	-1	0
312	50	-1	0
50	193	-1	0
193	30	-1	0
30	168	-1	0
168	324	-1	0
324	344	-1	0
344	276	-1	0
276	361	-1	0
361	124	-1	0
124	455	-1	0
455	94	-1	0
94	371	-1	0
371	77	-1	0
77	106	-1	0
106	471	-1	0
471	304	-1	0
304	179	-1	0
179	468	-1	0
468	242	-1	0
242	61	-1	0
61	135	-1	0
135	268	-1	0
268	5	-1	0
5	482	-1	0
482	86	-1	0
86	424	-1	0
424	83	-1	0
83	236	-1	0
236	11	-1	0
11	314	-1	0
314	140	-1	0
140	498	-1	0
498	210	-1	0
210	358	-1	0
358	400	-1	0
400	93	-1	0
93	378	-1	0
378	131	-1	0
131	117	-1	0
117	475	-1	0
475	160	-1	0
160	327	-1	0
327	127	-1	0
127	20	-1	0
20	56	-1	0
56	292	-1	0
292	298	-1	0
298	237	-1	0
237	13	-1	0
13	253	-1	0
253	275	-1	0
275	488	-1	0
488	34	-1	0
34	65	-1	0
65	74	-1	0
74	467	-1	0
467	41	-1	0
41	443	-1	0
443	403	-1	0
403	387	-1	0
387	359	-1	0
359	369	-1	0
369	318	-1	0
318	281	-1	0
281	109	-1	0
109	46	-1	0
46	224	-1	0
224	350	-1	0
350	448	-1	0
448	341	-1	0
341	144	-1	0
144	0	-1	0
