/* Number of Operations */
250
/* List of Operations. */
/* Start	End	Fly	#Internal	Locations...*/
0	151	-1	0
151	171	-1	0
171	185	-1	0
185	183	-1	0
183	128	-1	0
128	35	-1	0
35	86	-1	0
86	205	-1	0
205	242	-1	0
242	170	-1	0
170	57	-1	0
57	218	-1	0
218	155	-1	0
155	200	-1	0
200	146	-1	0
146	18	-1	0
18	245	-1	0
245	230	-1	0
230	87	-1	0
87	102	-1	0
102	104	-1	0
104	210	-1	0
210	216	-1	0
216	222	-1	0
222	158	-1	0
158	114	-1	0
114	117	-1	0
117	95	-1	0
95	142	-1	0
142	31	-1	0
31	79	-1	0
79	199	-1	0
199	232	-1	0
232	62	-1	0
62	184	-1	0
184	241	-1	0
241	54	-1	0
54	137	-1	0
137	127	-1	0
127	52	-1	0
52	74	-1	0
74	98	-1	0
98	53	-1	0
53	121	-1	0
121	58	-1	0
58	19	-1	0
19	226	-1	0
226	72	-1	0
72	6	-1	0
6	39	-1	0
39	238	-1	0
238	162	-1	0
162	115	-1	0
115	107	-1	0
107	84	-1	0
84	112	-1	0
112	144	-1	0
144	159	-1	0
159	30	-1	0
30	138	-1	0
138	4	-1	0
4	160	-1	0
160	204	-1	0
204	50	-1	0
50	237	-1	0
237	150	-1	0
150	88	-1	0
88	101	-1	0
101	248	-1	0
248	44	-1	0
44	109	-1	0
109	97	-1	0
97	63	-1	0
63	82	-1	0
82	93	-1	0
93	176	-1	0
176	223	-1	0
223	64	-1	0
64	43	-1	0
43	47	-1	0
47	124	-1	0
124	5	-1	0
5	215	-1	0
215	80	-1	0
80	148	-1	0
148	67	-1	0
67	33	-1	0
33	240	-1	0
240	197	-1	0
197	139	-1	0
139	136	-1	0
136	178	-1	0
178	28	-1	0
28	103	-1	0
103	55	-1	0
55	29	-1	0
29	192	-1	0
192	168	-1	0
168	27	-1	0
27	194	-1	0
194	99	-1	0
99	32	-1	0
32	116	-1	0
116	208	-1	0
208	235	-1	0
235	91	-1	0
91	85	-1	0
85	120	-1	0
120	76	-1	0
76	2	-1	0
2	227	-1	0
227	152	-1	0
152	20	-1	0
20	7	-1	0
7	73	-1	0
73	169	-1	0
169	201	-1	0
201	147	-1	0
147	23	-1	0
23	118	-1	0
118	41	-1	0
41	21	-1	0
21	8	-1	0
8	166	-1	0
166	217	-1	0
217	207	-1	0
207	45	-1	0
45	10	-1	0
10	34	-1	0
34	209	-1	0
209	174	-1	0
174	198	-1	0
198	60	-1	0
60	165	-1	0
165	153	-1	0
153	189	-1	0
189	14	-1	0
14	239	-1	0
239	172	-1	0
172	42	-1	0
42	247	-1	0
247	129	-1	0
129	181	-1	0
181	202	-1	0
202	195	-1	0
195	78	-1	0
78	94	-1	0
94	157	-1	0
157	182	-1	0
182	11	-1	0
11	196	-1	0
196	110	-1	0
110	3	-1	0
3	66	-1	0
66	234	-1	0
234	164	-1	0
164	36	-1	0
36	133	-1	0
133	135	-1	0
135	143	-1	0
143	141	-1	0
141	46	-1	0
46	123	-1	0
123	233	-1	0
233	83	-1	0
83	9	-1	0
9	243	-1	0
243	111	-1	0
111	246	-1	0
246	231	-1	0
231	17	-1	0
17	90	-1	0
90	89	-1	0
89	214	-1	0
214	15	-1	0
15	224	-1	0
224	145	-1	0
145	38	-1	0
38	180	-1	0
180	77	-1	0
77	37	-1	0
37	1	-1	0
1	40	-1	0
40	249	-1	0
249	167	-1	0
167	156	-1	0
156	212	-1	0
212	213	-1	0
213	51	-1	0
51	225	-1	0
225	68	-1	0
68	59	-1	0
59	236	-1	0
236	92	-1	0
92	22	-1	0
22	105	-1	0
105	56	-1	0
56	163	-1	0
163	26	-1	0
26	191	-1	0
191	190	-1	0
190	25	-1	0
25	69	-1	0
69	186	-1	0
186	122	-1	0
122	71	-1	0
71	125	-1	0
125	229	-1	0
229	75	-1	0
75	13	-1	0
13	12	-1	0
12	177	-1	0
177	49	-1	0
49	188	-1	0
188	16	-1	0
16	175	-1	0
175	113	-1	0
113	228	-1	0
228	206	-1	0
206	244	-1	0
244	154	-1	0
154	131	-1	0
131	108	-1	0
108	96	-1	0
96	203	-1	0
203	179	-1	0
179	70	-1	0
70	100	-1	0
100	140	-1	0
140	61	-1	0
61	130	-1	0
130	132	-1	0
132	48	-1	0
48	134	-1	0
134	24	-1	0
24	221	-1	0
221	193	-1	0
193	219	-1	0
219	149	-1	0
149	211	-1	0
211	81	-1	0
81	119	-1	0
119	65	-1	0
65	173	-1	0
173	187	-1	0
187	106	-1	0
106	220	-1	0
220	126	-1	0
126	161	-1	0
161	0	-1	0
