/* Number of Operations */
100
/* List of Operations. */
/* Start	End	Fly	#Internal	Locations...*/
0	77	-1	0
77	42	-1	0
42	93	-1	0
93	29	-1	0
29	33	-1	0
33	56	-1	0
56	96	-1	0
96	24	-1	0
24	76	-1	0
76	63	-1	0
63	32	-1	0
32	85	-1	0
85	84	-1	0
84	9	-1	0
9	65	-1	0
65	51	-1	0
51	57	-1	0
57	79	-1	0
79	48	-1	0
48	30	-1	0
30	10	-1	0
10	31	-1	0
31	99	-1	0
99	80	-1	0
80	20	-1	0
20	37	-1	0
37	7	-1	0
7	4	-1	0
4	61	-1	0
61	17	-1	0
17	47	-1	0
47	28	-1	0
28	25	-1	0
25	19	-1	0
19	39	-1	0
39	1	-1	0
1	73	-1	0
73	71	-1	0
71	49	-1	0
49	6	-1	0
6	82	-1	0
82	53	-1	0
53	36	-1	0
36	50	-1	0
50	14	-1	0
14	2	-1	0
2	43	-1	0
43	66	-1	0
66	94	-1	0
94	11	-1	0
11	60	-1	0
60	38	-1	0
38	58	-1	0
58	91	-1	0
91	64	-1	0
64	86	-1	0
86	74	-1	0
74	54	-1	0
54	44	-1	0
44	34	-1	0
34	35	-1	0
35	55	-1	0
55	89	-1	0
89	45	-1	0
45	15	-1	0
15	69	-1	0
69	16	-1	0
16	46	-1	0
46	23	-1	0
23	68	-1	0
68	26	-1	0
26	21	-1	0
21	52	-1	0
52	18	-1	0
18	72	-1	0
72	22	-1	0
22	5	-1	0
5	40	-1	0
40	27	-1	0
27	98	-1	0
98	83	-1	0
83	3	-1	0
3	67	-1	0
67	8	-1	0
8	95	-1	0
95	75	-1	0
75	41	-1	0
41	90	-1	0
90	78	-1	0
78	88	-1	0
88	12	-1	0
12	87	-1	0
87	81	-1	0
81	92	-1	0
92	59	-1	0
59	97	-1	0
97	62	-1	0
62	70	-1	0
70	13	-1	0
13	0	-1	0
