/* Number of Operations */
175
/* List of Operations. */
/* Start	End	Fly	#Internal	Locations...*/
0	62	-1	0
62	73	-1	0
73	71	-1	0
71	105	-1	0
105	157	-1	0
157	87	-1	0
87	21	-1	0
21	60	-1	0
60	111	-1	0
111	31	-1	0
31	82	-1	0
82	45	-1	0
45	128	-1	0
128	20	-1	0
20	23	-1	0
23	41	-1	0
41	108	-1	0
108	5	-1	0
5	126	-1	0
126	112	-1	0
112	172	-1	0
172	76	-1	0
76	143	-1	0
143	19	-1	0
19	147	-1	0
147	61	-1	0
61	95	-1	0
95	160	-1	0
160	37	-1	0
37	35	-1	0
35	169	-1	0
169	124	-1	0
124	127	-1	0
127	119	-1	0
119	1	-1	0
1	12	-1	0
12	53	-1	0
53	92	-1	0
92	109	-1	0
109	49	-1	0
49	135	-1	0
135	122	-1	0
122	77	-1	0
77	113	-1	0
113	51	-1	0
51	107	-1	0
107	167	-1	0
167	158	-1	0
158	84	-1	0
84	54	-1	0
54	64	-1	0
64	9	-1	0
9	115	-1	0
115	171	-1	0
171	102	-1	0
102	98	-1	0
98	55	-1	0
55	11	-1	0
11	14	-1	0
14	168	-1	0
168	34	-1	0
34	91	-1	0
91	78	-1	0
78	165	-1	0
165	42	-1	0
42	106	-1	0
106	36	-1	0
36	161	-1	0
161	121	-1	0
121	13	-1	0
13	33	-1	0
33	97	-1	0
97	136	-1	0
136	68	-1	0
68	81	-1	0
81	70	-1	0
70	134	-1	0
134	142	-1	0
142	139	-1	0
139	52	-1	0
52	149	-1	0
149	164	-1	0
164	50	-1	0
50	65	-1	0
65	28	-1	0
28	96	-1	0
96	67	-1	0
67	7	-1	0
7	123	-1	0
123	85	-1	0
85	58	-1	0
58	153	-1	0
153	30	-1	0
30	47	-1	0
47	166	-1	0
166	131	-1	0
131	22	-1	0
22	6	-1	0
6	3	-1	0
3	101	-1	0
101	48	-1	0
48	118	-1	0
118	25	-1	0
25	88	-1	0
88	141	-1	0
141	38	-1	0
38	110	-1	0
110	8	-1	0
8	83	-1	0
83	138	-1	0
138	154	-1	0
154	39	-1	0
39	144	-1	0
144	151	-1	0
151	93	-1	0
93	159	-1	0
159	174	-1	0
174	120	-1	0
120	75	-1	0
75	100	-1	0
100	59	-1	0
59	170	-1	0
170	162	-1	0
162	117	-1	0
117	15	-1	0
15	146	-1	0
146	27	-1	0
27	29	-1	0
29	63	-1	0
63	56	-1	0
56	17	-1	0
17	2	-1	0
2	140	-1	0
140	116	-1	0
116	32	-1	0
32	173	-1	0
173	89	-1	0
89	18	-1	0
18	103	-1	0
103	114	-1	0
114	86	-1	0
86	145	-1	0
145	90	-1	0
90	57	-1	0
57	26	-1	0
26	150	-1	0
150	163	-1	0
163	44	-1	0
44	16	-1	0
16	74	-1	0
74	129	-1	0
129	24	-1	0
24	152	-1	0
152	46	-1	0
46	94	-1	0
94	155	-1	0
155	40	-1	0
40	10	-1	0
10	80	-1	0
80	125	-1	0
125	72	-1	0
72	66	-1	0
66	43	-1	0
43	156	-1	0
156	133	-1	0
133	130	-1	0
130	104	-1	0
104	99	-1	0
99	137	-1	0
137	132	-1	0
132	148	-1	0
148	79	-1	0
79	4	-1	0
4	69	-1	0
69	0	-1	0
