/* Number of Operations */
100
/* List of Operations. */
/* Start	End	Fly	#Internal	Locations...*/
0	23	-1	0
23	13	-1	0
13	34	-1	0
34	15	-1	0
15	64	-1	0
64	46	-1	0
46	11	-1	0
11	82	-1	0
82	95	-1	0
95	51	-1	0
51	73	-1	0
73	50	-1	0
50	99	-1	0
99	54	-1	0
54	91	-1	0
91	10	-1	0
10	58	-1	0
58	48	-1	0
48	66	-1	0
66	47	-1	0
47	25	-1	0
25	27	-1	0
27	37	-1	0
37	86	-1	0
86	19	-1	0
19	18	-1	0
18	85	-1	0
85	1	-1	0
1	80	-1	0
80	56	-1	0
56	3	-1	0
3	90	-1	0
90	17	-1	0
17	32	-1	0
32	84	-1	0
84	59	-1	0
59	44	-1	0
44	7	-1	0
7	68	-1	0
68	16	-1	0
16	61	-1	0
61	76	-1	0
76	72	-1	0
72	12	-1	0
12	35	-1	0
35	81	-1	0
81	14	-1	0
14	39	-1	0
39	78	-1	0
78	87	-1	0
87	30	-1	0
30	36	-1	0
36	40	-1	0
40	5	-1	0
5	98	-1	0
98	6	-1	0
6	33	-1	0
33	88	-1	0
88	31	-1	0
31	62	-1	0
62	60	-1	0
60	52	-1	0
52	83	-1	0
83	29	-1	0
29	93	-1	0
93	89	-1	0
89	71	-1	0
71	57	-1	0
57	38	-1	0
38	41	-1	0
41	65	-1	0
65	96	-1	0
96	45	-1	0
45	24	-1	0
24	9	-1	0
9	92	-1	0
92	74	-1	0
74	63	-1	0
63	43	-1	0
43	77	-1	0
77	26	-1	0
26	75	-1	0
75	20	-1	0
20	42	-1	0
42	55	-1	0
55	94	-1	0
94	49	-1	0
49	67	-1	0
67	79	-1	0
79	69	-1	0
69	21	-1	0
21	97	-1	0
97	2	-1	0
2	70	-1	0
70	4	-1	0
4	22	-1	0
22	53	-1	0
53	28	-1	0
28	8	-1	0
8	0	-1	0
