/* Number of Operations */
375
/* List of Operations. */
/* Start	End	Fly	#Internal	Locations...*/
0	275	-1	0
275	7	-1	0
7	304	-1	0
304	362	-1	0
362	156	-1	0
156	56	-1	0
56	342	-1	0
342	247	-1	0
247	311	-1	0
311	315	-1	0
315	55	-1	0
55	142	-1	0
142	106	-1	0
106	118	-1	0
118	131	-1	0
131	163	-1	0
163	108	-1	0
108	307	-1	0
307	23	-1	0
23	137	-1	0
137	270	-1	0
270	110	-1	0
110	115	-1	0
115	346	-1	0
346	227	-1	0
227	353	-1	0
353	164	-1	0
164	29	-1	0
29	282	-1	0
282	368	-1	0
368	79	-1	0
79	231	-1	0
231	297	-1	0
297	80	-1	0
80	24	-1	0
24	255	-1	0
255	175	-1	0
175	87	-1	0
87	148	-1	0
148	343	-1	0
343	83	-1	0
83	41	-1	0
41	327	-1	0
327	288	-1	0
288	147	-1	0
147	61	-1	0
61	230	-1	0
230	203	-1	0
203	306	-1	0
306	293	-1	0
293	232	-1	0
232	316	-1	0
316	81	-1	0
81	348	-1	0
348	45	-1	0
45	324	-1	0
324	76	-1	0
76	266	-1	0
266	289	-1	0
289	265	-1	0
265	160	-1	0
160	234	-1	0
234	22	-1	0
22	132	-1	0
132	165	-1	0
165	89	-1	0
89	283	-1	0
283	172	-1	0
172	19	-1	0
19	180	-1	0
180	96	-1	0
96	138	-1	0
138	233	-1	0
233	258	-1	0
258	279	-1	0
279	274	-1	0
274	18	-1	0
18	136	-1	0
136	329	-1	0
329	321	-1	0
321	214	-1	0
214	130	-1	0
130	134	-1	0
134	263	-1	0
263	264	-1	0
264	150	-1	0
150	63	-1	0
63	140	-1	0
140	360	-1	0
360	339	-1	0
339	48	-1	0
48	284	-1	0
284	66	-1	0
66	296	-1	0
296	242	-1	0
242	250	-1	0
250	153	-1	0
153	276	-1	0
276	322	-1	0
322	47	-1	0
47	313	-1	0
313	13	-1	0
13	158	-1	0
158	155	-1	0
155	365	-1	0
365	318	-1	0
318	350	-1	0
350	328	-1	0
328	334	-1	0
334	197	-1	0
197	235	-1	0
235	4	-1	0
4	300	-1	0
300	358	-1	0
358	336	-1	0
336	28	-1	0
28	42	-1	0
42	38	-1	0
38	162	-1	0
162	333	-1	0
333	104	-1	0
104	252	-1	0
252	312	-1	0
312	113	-1	0
113	10	-1	0
10	15	-1	0
15	5	-1	0
5	287	-1	0
287	286	-1	0
286	34	-1	0
34	170	-1	0
170	372	-1	0
372	91	-1	0
91	243	-1	0
243	216	-1	0
216	185	-1	0
185	173	-1	0
173	73	-1	0
73	226	-1	0
226	111	-1	0
111	294	-1	0
294	224	-1	0
224	241	-1	0
241	159	-1	0
159	114	-1	0
114	168	-1	0
168	109	-1	0
109	182	-1	0
182	67	-1	0
67	88	-1	0
88	236	-1	0
236	57	-1	0
57	272	-1	0
272	184	-1	0
184	217	-1	0
217	323	-1	0
323	220	-1	0
220	204	-1	0
204	176	-1	0
176	169	-1	0
169	367	-1	0
367	26	-1	0
26	320	-1	0
320	121	-1	0
121	123	-1	0
123	183	-1	0
183	32	-1	0
32	178	-1	0
178	30	-1	0
30	359	-1	0
359	127	-1	0
127	349	-1	0
349	100	-1	0
100	271	-1	0
271	151	-1	0
151	370	-1	0
370	205	-1	0
205	190	-1	0
190	373	-1	0
373	102	-1	0
102	357	-1	0
357	139	-1	0
139	281	-1	0
281	72	-1	0
72	51	-1	0
51	154	-1	0
154	40	-1	0
40	221	-1	0
221	361	-1	0
361	215	-1	0
215	124	-1	0
124	43	-1	0
43	239	-1	0
239	31	-1	0
31	210	-1	0
210	299	-1	0
299	202	-1	0
202	331	-1	0
331	54	-1	0
54	77	-1	0
77	92	-1	0
92	325	-1	0
325	254	-1	0
254	364	-1	0
364	46	-1	0
46	278	-1	0
278	199	-1	0
199	188	-1	0
188	9	-1	0
9	326	-1	0
326	194	-1	0
194	17	-1	0
17	332	-1	0
332	206	-1	0
206	291	-1	0
291	207	-1	0
207	245	-1	0
245	237	-1	0
237	213	-1	0
213	145	-1	0
145	105	-1	0
105	267	-1	0
267	371	-1	0
371	290	-1	0
290	1	-1	0
1	103	-1	0
103	317	-1	0
317	75	-1	0
75	161	-1	0
161	116	-1	0
116	201	-1	0
201	181	-1	0
181	195	-1	0
195	37	-1	0
37	129	-1	0
129	225	-1	0
225	44	-1	0
44	3	-1	0
3	347	-1	0
347	174	-1	0
174	74	-1	0
74	366	-1	0
366	259	-1	0
259	166	-1	0
166	6	-1	0
6	251	-1	0
251	260	-1	0
260	64	-1	0
64	119	-1	0
119	97	-1	0
97	374	-1	0
374	319	-1	0
319	310	-1	0
310	128	-1	0
128	302	-1	0
302	314	-1	0
314	117	-1	0
117	157	-1	0
157	186	-1	0
186	196	-1	0
196	101	-1	0
101	249	-1	0
249	36	-1	0
36	309	-1	0
309	355	-1	0
355	86	-1	0
86	93	-1	0
93	229	-1	0
229	107	-1	0
107	2	-1	0
2	133	-1	0
133	167	-1	0
167	20	-1	0
20	369	-1	0
369	193	-1	0
193	248	-1	0
248	187	-1	0
187	298	-1	0
298	356	-1	0
356	53	-1	0
53	68	-1	0
68	292	-1	0
292	273	-1	0
273	285	-1	0
285	71	-1	0
71	352	-1	0
352	200	-1	0
200	308	-1	0
308	8	-1	0
8	11	-1	0
11	191	-1	0
191	49	-1	0
49	62	-1	0
62	341	-1	0
341	152	-1	0
152	335	-1	0
335	98	-1	0
98	179	-1	0
179	305	-1	0
305	14	-1	0
14	85	-1	0
85	256	-1	0
256	277	-1	0
277	363	-1	0
363	27	-1	0
27	171	-1	0
171	330	-1	0
330	209	-1	0
209	219	-1	0
219	280	-1	0
280	25	-1	0
25	16	-1	0
16	65	-1	0
65	52	-1	0
52	240	-1	0
240	12	-1	0
12	262	-1	0
262	223	-1	0
223	58	-1	0
58	228	-1	0
228	246	-1	0
246	208	-1	0
208	269	-1	0
269	50	-1	0
50	253	-1	0
253	338	-1	0
338	222	-1	0
222	211	-1	0
211	212	-1	0
212	122	-1	0
122	354	-1	0
354	337	-1	0
337	125	-1	0
125	60	-1	0
60	198	-1	0
198	33	-1	0
33	59	-1	0
59	345	-1	0
345	143	-1	0
143	112	-1	0
112	189	-1	0
189	351	-1	0
351	70	-1	0
70	192	-1	0
192	177	-1	0
177	268	-1	0
268	295	-1	0
295	82	-1	0
82	90	-1	0
90	301	-1	0
301	94	-1	0
94	69	-1	0
69	141	-1	0
141	340	-1	0
340	149	-1	0
149	146	-1	0
146	303	-1	0
303	344	-1	0
344	21	-1	0
21	257	-1	0
257	39	-1	0
39	244	-1	0
244	95	-1	0
95	135	-1	0
135	261	-1	0
261	84	-1	0
84	238	-1	0
238	35	-1	0
35	120	-1	0
120	126	-1	0
126	218	-1	0
218	144	-1	0
144	99	-1	0
99	78	-1	0
78	0	-1	0
