/* Number of Operations */
175
/* List of Operations. */
/* Start	End	Fly	#Internal	Locations...*/
0	155	-1	0
155	96	-1	0
96	125	-1	0
125	127	-1	0
127	39	-1	0
39	82	-1	0
82	3	-1	0
3	36	-1	0
36	35	-1	0
35	34	-1	0
34	20	-1	0
20	68	-1	0
68	81	-1	0
81	139	-1	0
139	21	-1	0
21	118	-1	0
118	6	-1	0
6	56	-1	0
56	124	-1	0
124	63	-1	0
63	154	-1	0
154	115	-1	0
115	146	-1	0
146	100	-1	0
100	72	-1	0
72	89	-1	0
89	157	-1	0
157	92	-1	0
92	62	-1	0
62	110	-1	0
110	9	-1	0
9	140	-1	0
140	109	-1	0
109	160	-1	0
160	138	-1	0
138	57	-1	0
57	19	-1	0
19	173	-1	0
173	101	-1	0
101	112	-1	0
112	164	-1	0
164	69	-1	0
69	102	-1	0
102	48	-1	0
48	76	-1	0
76	29	-1	0
29	44	-1	0
44	14	-1	0
14	121	-1	0
121	1	-1	0
1	52	-1	0
52	150	-1	0
150	105	-1	0
105	166	-1	0
166	37	-1	0
37	135	-1	0
135	32	-1	0
32	137	-1	0
137	51	-1	0
51	64	-1	0
64	42	-1	0
42	151	-1	0
151	141	-1	0
141	114	-1	0
114	59	-1	0
59	95	-1	0
95	106	-1	0
106	53	-1	0
53	18	-1	0
18	153	-1	0
153	71	-1	0
71	5	-1	0
5	107	-1	0
107	58	-1	0
58	122	-1	0
122	45	-1	0
45	33	-1	0
33	8	-1	0
8	172	-1	0
172	73	-1	0
73	167	-1	0
167	66	-1	0
66	25	-1	0
25	28	-1	0
28	16	-1	0
16	147	-1	0
147	85	-1	0
85	24	-1	0
24	156	-1	0
156	163	-1	0
163	75	-1	0
75	91	-1	0
91	134	-1	0
134	60	-1	0
60	131	-1	0
131	86	-1	0
86	2	-1	0
2	50	-1	0
50	159	-1	0
159	15	-1	0
15	79	-1	0
79	41	-1	0
41	78	-1	0
78	98	-1	0
98	104	-1	0
104	129	-1	0
129	97	-1	0
97	38	-1	0
38	54	-1	0
54	22	-1	0
22	31	-1	0
31	13	-1	0
13	65	-1	0
65	165	-1	0
165	55	-1	0
55	130	-1	0
130	161	-1	0
161	145	-1	0
145	116	-1	0
116	49	-1	0
49	133	-1	0
133	148	-1	0
148	10	-1	0
10	17	-1	0
17	149	-1	0
149	67	-1	0
67	143	-1	0
143	70	-1	0
70	158	-1	0
158	94	-1	0
94	74	-1	0
74	93	-1	0
93	119	-1	0
119	136	-1	0
136	12	-1	0
12	103	-1	0
103	126	-1	0
126	170	-1	0
170	90	-1	0
90	120	-1	0
120	23	-1	0
23	144	-1	0
144	87	-1	0
87	27	-1	0
27	142	-1	0
142	46	-1	0
46	40	-1	0
40	11	-1	0
11	77	-1	0
77	111	-1	0
111	7	-1	0
7	30	-1	0
30	123	-1	0
123	61	-1	0
61	4	-1	0
4	47	-1	0
47	99	-1	0
99	83	-1	0
83	108	-1	0
108	117	-1	0
117	162	-1	0
162	128	-1	0
128	152	-1	0
152	171	-1	0
171	26	-1	0
26	132	-1	0
132	84	-1	0
84	169	-1	0
169	168	-1	0
168	174	-1	0
174	113	-1	0
113	88	-1	0
88	43	-1	0
43	80	-1	0
80	0	-1	0
