/* Number of Operations */
75
/* List of Operations. */
/* Start	End	Fly	#Internal	Locations...*/
0	39	-1	0
39	8	-1	0
8	63	-1	0
63	26	-1	0
26	20	-1	0
20	25	-1	0
25	19	-1	0
19	66	-1	0
66	13	-1	0
13	60	-1	0
60	16	-1	0
16	65	-1	0
65	55	-1	0
55	35	-1	0
35	53	-1	0
53	33	-1	0
33	21	-1	0
21	42	-1	0
42	59	-1	0
59	15	-1	0
15	17	-1	0
17	48	-1	0
48	3	-1	0
3	6	-1	0
6	23	-1	0
23	30	-1	0
30	2	-1	0
2	11	-1	0
11	14	-1	0
14	28	-1	0
28	36	-1	0
36	12	-1	0
12	9	-1	0
9	46	-1	0
46	38	-1	0
38	58	-1	0
58	4	-1	0
4	61	-1	0
61	29	-1	0
29	47	-1	0
47	56	-1	0
56	69	-1	0
69	45	-1	0
45	34	-1	0
34	64	-1	0
64	22	-1	0
22	41	-1	0
41	24	-1	0
24	27	-1	0
27	68	-1	0
68	43	-1	0
43	44	-1	0
44	10	-1	0
10	52	-1	0
52	18	-1	0
18	40	-1	0
40	31	-1	0
31	72	-1	0
72	57	-1	0
57	50	-1	0
50	5	-1	0
5	73	-1	0
73	74	-1	0
74	37	-1	0
37	67	-1	0
67	54	-1	0
54	62	-1	0
62	32	-1	0
32	1	-1	0
1	7	-1	0
7	49	-1	0
49	71	-1	0
71	51	-1	0
51	70	-1	0
70	0	-1	0
