/* Number of Operations */
75
/* List of Operations. */
/* Start	End	Fly	#Internal	Locations...*/
0	31	-1	0
31	25	-1	0
25	63	-1	0
63	10	-1	0
10	70	-1	0
70	6	-1	0
6	35	-1	0
35	16	-1	0
16	17	-1	0
17	20	-1	0
20	51	-1	0
51	52	-1	0
52	73	-1	0
73	58	-1	0
58	37	-1	0
37	22	-1	0
22	1	-1	0
1	30	-1	0
30	32	-1	0
32	62	-1	0
62	55	-1	0
55	21	-1	0
21	45	-1	0
45	54	-1	0
54	11	-1	0
11	27	-1	0
27	14	-1	0
14	60	-1	0
60	28	-1	0
28	44	-1	0
44	57	-1	0
57	24	-1	0
24	29	-1	0
29	71	-1	0
71	53	-1	0
53	72	-1	0
72	66	-1	0
66	13	-1	0
13	43	-1	0
43	4	-1	0
4	38	-1	0
38	33	-1	0
33	34	-1	0
34	18	-1	0
18	36	-1	0
36	42	-1	0
42	67	-1	0
67	23	-1	0
23	7	-1	0
7	26	-1	0
26	2	-1	0
2	47	-1	0
47	49	-1	0
49	61	-1	0
61	19	-1	0
19	8	-1	0
8	74	-1	0
74	9	-1	0
9	46	-1	0
46	15	-1	0
15	5	-1	0
5	48	-1	0
48	39	-1	0
39	40	-1	0
40	41	-1	0
41	64	-1	0
64	56	-1	0
56	12	-1	0
12	68	-1	0
68	65	-1	0
65	59	-1	0
59	3	-1	0
3	69	-1	0
69	50	-1	0
50	0	-1	0
