/* Number of Operations */
175
/* List of Operations. */
/* Start	End	Fly	#Internal	Locations...*/
0	96	-1	0
96	80	-1	0
80	43	-1	0
43	88	-1	0
88	113	-1	0
113	174	-1	0
174	168	-1	0
168	169	-1	0
169	84	-1	0
84	132	-1	0
132	26	-1	0
26	171	-1	0
171	152	-1	0
152	128	-1	0
128	162	-1	0
162	117	-1	0
117	108	-1	0
108	83	-1	0
83	99	-1	0
99	47	-1	0
47	4	-1	0
4	61	-1	0
61	123	-1	0
123	30	-1	0
30	7	-1	0
7	111	-1	0
111	77	-1	0
77	11	-1	0
11	40	-1	0
40	46	-1	0
46	142	-1	0
142	27	-1	0
27	23	-1	0
23	144	-1	0
144	87	-1	0
87	120	-1	0
120	90	-1	0
90	170	-1	0
170	126	-1	0
126	103	-1	0
103	12	-1	0
12	136	-1	0
136	119	-1	0
119	93	-1	0
93	74	-1	0
74	94	-1	0
94	158	-1	0
158	70	-1	0
70	143	-1	0
143	67	-1	0
67	149	-1	0
149	17	-1	0
17	10	-1	0
10	148	-1	0
148	62	-1	0
62	92	-1	0
92	157	-1	0
157	89	-1	0
89	72	-1	0
72	100	-1	0
100	146	-1	0
146	115	-1	0
115	154	-1	0
154	63	-1	0
63	124	-1	0
124	56	-1	0
56	6	-1	0
6	118	-1	0
118	21	-1	0
21	139	-1	0
139	81	-1	0
81	68	-1	0
68	20	-1	0
20	34	-1	0
34	35	-1	0
35	36	-1	0
36	3	-1	0
3	82	-1	0
82	39	-1	0
39	58	-1	0
58	107	-1	0
107	122	-1	0
122	5	-1	0
5	71	-1	0
71	153	-1	0
153	18	-1	0
18	53	-1	0
53	106	-1	0
106	95	-1	0
95	59	-1	0
59	114	-1	0
114	141	-1	0
141	151	-1	0
151	42	-1	0
42	64	-1	0
64	51	-1	0
51	32	-1	0
32	137	-1	0
137	135	-1	0
135	37	-1	0
37	166	-1	0
166	105	-1	0
105	150	-1	0
150	52	-1	0
52	1	-1	0
1	121	-1	0
121	14	-1	0
14	44	-1	0
44	29	-1	0
29	76	-1	0
76	48	-1	0
48	102	-1	0
102	69	-1	0
69	164	-1	0
164	112	-1	0
112	101	-1	0
101	173	-1	0
173	19	-1	0
19	57	-1	0
57	138	-1	0
138	160	-1	0
160	109	-1	0
109	140	-1	0
140	9	-1	0
9	110	-1	0
110	133	-1	0
133	49	-1	0
49	116	-1	0
116	145	-1	0
145	161	-1	0
161	130	-1	0
130	55	-1	0
55	165	-1	0
165	65	-1	0
65	13	-1	0
13	31	-1	0
31	22	-1	0
22	54	-1	0
54	38	-1	0
38	97	-1	0
97	129	-1	0
129	104	-1	0
104	98	-1	0
98	78	-1	0
78	41	-1	0
41	79	-1	0
79	15	-1	0
15	159	-1	0
159	50	-1	0
50	2	-1	0
2	86	-1	0
86	131	-1	0
131	60	-1	0
60	134	-1	0
134	75	-1	0
75	91	-1	0
91	163	-1	0
163	156	-1	0
156	24	-1	0
24	85	-1	0
85	147	-1	0
147	16	-1	0
16	28	-1	0
28	25	-1	0
25	66	-1	0
66	167	-1	0
167	73	-1	0
73	172	-1	0
172	8	-1	0
8	33	-1	0
33	45	-1	0
45	125	-1	0
125	127	-1	0
127	155	-1	0
155	0	-1	0
