/* Number of Operations */
100
/* List of Operations. */
/* Start	End	Fly	#Internal	Locations...*/
0	89	-1	0
89	66	-1	0
66	2	-1	0
2	11	-1	0
11	88	-1	0
88	16	-1	0
16	74	-1	0
74	56	-1	0
56	48	-1	0
48	43	-1	0
43	6	-1	0
6	5	-1	0
5	37	-1	0
37	31	-1	0
31	92	-1	0
92	41	-1	0
41	67	-1	0
67	98	-1	0
98	21	-1	0
21	45	-1	0
45	30	-1	0
30	1	-1	0
1	58	-1	0
58	62	-1	0
62	65	-1	0
65	77	-1	0
77	28	-1	0
28	80	-1	0
80	44	-1	0
44	85	-1	0
85	42	-1	0
42	24	-1	0
24	82	-1	0
82	95	-1	0
95	3	-1	0
3	57	-1	0
57	63	-1	0
63	4	-1	0
4	29	-1	0
29	72	-1	0
72	94	-1	0
94	9	-1	0
9	71	-1	0
71	93	-1	0
93	60	-1	0
60	34	-1	0
34	13	-1	0
13	18	-1	0
18	20	-1	0
20	33	-1	0
33	87	-1	0
87	26	-1	0
26	54	-1	0
54	46	-1	0
46	86	-1	0
86	97	-1	0
97	78	-1	0
78	17	-1	0
17	35	-1	0
35	14	-1	0
14	96	-1	0
96	22	-1	0
22	73	-1	0
73	50	-1	0
50	55	-1	0
55	23	-1	0
23	7	-1	0
7	38	-1	0
38	40	-1	0
40	90	-1	0
90	83	-1	0
83	53	-1	0
53	64	-1	0
64	51	-1	0
51	10	-1	0
10	79	-1	0
79	25	-1	0
25	15	-1	0
15	32	-1	0
32	19	-1	0
19	52	-1	0
52	75	-1	0
75	68	-1	0
68	59	-1	0
59	84	-1	0
84	99	-1	0
99	12	-1	0
12	76	-1	0
76	81	-1	0
81	70	-1	0
70	69	-1	0
69	36	-1	0
36	49	-1	0
49	39	-1	0
39	91	-1	0
91	27	-1	0
27	47	-1	0
47	61	-1	0
61	8	-1	0
8	0	-1	0
