/* Number of Operations */
175
/* List of Operations. */
/* Start	End	Fly	#Internal	Locations...*/
0	22	-1	0
22	148	-1	0
148	134	-1	0
134	144	-1	0
144	82	-1	0
82	3	-1	0
3	162	-1	0
162	103	-1	0
103	145	-1	0
145	107	-1	0
107	59	-1	0
59	99	-1	0
99	32	-1	0
32	71	-1	0
71	76	-1	0
76	39	-1	0
39	8	-1	0
8	110	-1	0
110	35	-1	0
35	23	-1	0
23	72	-1	0
72	62	-1	0
62	120	-1	0
120	15	-1	0
15	139	-1	0
139	106	-1	0
106	5	-1	0
5	160	-1	0
160	149	-1	0
149	147	-1	0
147	112	-1	0
112	125	-1	0
125	1	-1	0
1	80	-1	0
80	83	-1	0
83	164	-1	0
164	67	-1	0
67	140	-1	0
140	54	-1	0
54	49	-1	0
49	119	-1	0
119	11	-1	0
11	117	-1	0
117	159	-1	0
159	65	-1	0
65	128	-1	0
128	21	-1	0
21	167	-1	0
167	172	-1	0
172	78	-1	0
78	168	-1	0
168	123	-1	0
123	170	-1	0
170	141	-1	0
141	69	-1	0
69	121	-1	0
121	102	-1	0
102	9	-1	0
9	45	-1	0
45	47	-1	0
47	138	-1	0
138	111	-1	0
111	7	-1	0
7	85	-1	0
85	53	-1	0
53	150	-1	0
150	91	-1	0
91	132	-1	0
132	127	-1	0
127	156	-1	0
156	73	-1	0
73	18	-1	0
18	165	-1	0
165	89	-1	0
89	60	-1	0
60	46	-1	0
46	143	-1	0
143	136	-1	0
136	33	-1	0
33	24	-1	0
24	13	-1	0
13	171	-1	0
171	155	-1	0
155	146	-1	0
146	133	-1	0
133	58	-1	0
58	57	-1	0
57	52	-1	0
52	114	-1	0
114	152	-1	0
152	122	-1	0
122	38	-1	0
38	61	-1	0
61	17	-1	0
17	169	-1	0
169	84	-1	0
84	161	-1	0
161	30	-1	0
30	130	-1	0
130	97	-1	0
97	151	-1	0
151	27	-1	0
27	43	-1	0
43	105	-1	0
105	14	-1	0
14	64	-1	0
64	118	-1	0
118	94	-1	0
94	20	-1	0
20	16	-1	0
16	26	-1	0
26	29	-1	0
29	88	-1	0
88	40	-1	0
40	77	-1	0
77	109	-1	0
109	124	-1	0
124	95	-1	0
95	158	-1	0
158	19	-1	0
19	101	-1	0
101	90	-1	0
90	34	-1	0
34	166	-1	0
166	116	-1	0
116	108	-1	0
108	113	-1	0
113	75	-1	0
75	104	-1	0
104	50	-1	0
50	173	-1	0
173	100	-1	0
100	74	-1	0
74	10	-1	0
10	137	-1	0
137	44	-1	0
44	154	-1	0
154	41	-1	0
41	126	-1	0
126	86	-1	0
86	42	-1	0
42	31	-1	0
31	157	-1	0
157	174	-1	0
174	28	-1	0
28	66	-1	0
66	51	-1	0
51	25	-1	0
25	81	-1	0
81	98	-1	0
98	55	-1	0
55	131	-1	0
131	2	-1	0
2	37	-1	0
37	12	-1	0
12	93	-1	0
93	96	-1	0
96	48	-1	0
48	153	-1	0
153	4	-1	0
4	6	-1	0
6	56	-1	0
56	163	-1	0
163	115	-1	0
115	79	-1	0
79	63	-1	0
63	36	-1	0
36	92	-1	0
92	135	-1	0
135	87	-1	0
87	129	-1	0
129	142	-1	0
142	68	-1	0
68	70	-1	0
70	0	-1	0
