/* Number of Operations */
375
/* List of Operations. */
/* Start	End	Fly	#Internal	Locations...*/
0	162	-1	0
162	19	-1	0
19	256	-1	0
256	138	-1	0
138	286	-1	0
286	8	-1	0
8	355	-1	0
355	199	-1	0
199	265	-1	0
265	365	-1	0
365	177	-1	0
177	112	-1	0
112	218	-1	0
218	154	-1	0
154	339	-1	0
339	58	-1	0
58	374	-1	0
374	183	-1	0
183	110	-1	0
110	185	-1	0
185	229	-1	0
229	234	-1	0
234	305	-1	0
305	250	-1	0
250	65	-1	0
65	354	-1	0
354	64	-1	0
64	346	-1	0
346	172	-1	0
172	206	-1	0
206	314	-1	0
314	217	-1	0
217	91	-1	0
91	16	-1	0
16	24	-1	0
24	352	-1	0
352	114	-1	0
114	363	-1	0
363	299	-1	0
299	327	-1	0
327	176	-1	0
176	249	-1	0
249	307	-1	0
307	197	-1	0
197	316	-1	0
316	320	-1	0
320	226	-1	0
226	97	-1	0
97	90	-1	0
90	190	-1	0
190	99	-1	0
99	56	-1	0
56	21	-1	0
21	54	-1	0
54	322	-1	0
322	69	-1	0
69	31	-1	0
31	358	-1	0
358	279	-1	0
279	254	-1	0
254	72	-1	0
72	366	-1	0
366	134	-1	0
134	116	-1	0
116	39	-1	0
39	362	-1	0
362	216	-1	0
216	298	-1	0
298	158	-1	0
158	230	-1	0
230	118	-1	0
118	165	-1	0
165	315	-1	0
315	353	-1	0
353	224	-1	0
224	15	-1	0
15	347	-1	0
347	219	-1	0
219	36	-1	0
36	130	-1	0
130	108	-1	0
108	174	-1	0
174	303	-1	0
303	284	-1	0
284	127	-1	0
127	332	-1	0
332	57	-1	0
57	370	-1	0
370	196	-1	0
196	44	-1	0
44	184	-1	0
184	312	-1	0
312	133	-1	0
133	18	-1	0
18	191	-1	0
191	38	-1	0
38	259	-1	0
259	198	-1	0
198	350	-1	0
350	106	-1	0
106	62	-1	0
62	50	-1	0
50	263	-1	0
263	6	-1	0
6	123	-1	0
123	361	-1	0
361	367	-1	0
367	86	-1	0
86	59	-1	0
59	328	-1	0
328	258	-1	0
258	30	-1	0
30	202	-1	0
202	147	-1	0
147	200	-1	0
200	160	-1	0
160	313	-1	0
313	293	-1	0
293	40	-1	0
40	277	-1	0
277	89	-1	0
89	170	-1	0
170	71	-1	0
71	61	-1	0
61	98	-1	0
98	321	-1	0
321	213	-1	0
213	260	-1	0
260	262	-1	0
262	41	-1	0
41	329	-1	0
329	210	-1	0
210	34	-1	0
34	368	-1	0
368	60	-1	0
60	309	-1	0
309	137	-1	0
137	301	-1	0
301	141	-1	0
141	252	-1	0
252	146	-1	0
146	105	-1	0
105	66	-1	0
66	211	-1	0
211	156	-1	0
156	221	-1	0
221	55	-1	0
55	164	-1	0
164	143	-1	0
143	247	-1	0
247	144	-1	0
144	189	-1	0
189	212	-1	0
212	242	-1	0
242	121	-1	0
121	269	-1	0
269	335	-1	0
335	51	-1	0
51	369	-1	0
369	236	-1	0
236	285	-1	0
285	48	-1	0
48	193	-1	0
193	220	-1	0
220	245	-1	0
245	53	-1	0
53	281	-1	0
281	159	-1	0
159	136	-1	0
136	128	-1	0
128	169	-1	0
169	131	-1	0
131	84	-1	0
84	344	-1	0
344	142	-1	0
142	323	-1	0
323	222	-1	0
222	94	-1	0
94	7	-1	0
7	373	-1	0
373	290	-1	0
290	120	-1	0
120	215	-1	0
215	351	-1	0
351	238	-1	0
238	264	-1	0
264	188	-1	0
188	83	-1	0
83	42	-1	0
42	297	-1	0
297	251	-1	0
251	324	-1	0
324	25	-1	0
25	70	-1	0
70	318	-1	0
318	173	-1	0
173	80	-1	0
80	100	-1	0
100	151	-1	0
151	117	-1	0
117	186	-1	0
186	115	-1	0
115	331	-1	0
331	319	-1	0
319	340	-1	0
340	372	-1	0
372	150	-1	0
150	87	-1	0
87	135	-1	0
135	113	-1	0
113	253	-1	0
253	152	-1	0
152	178	-1	0
178	306	-1	0
306	338	-1	0
338	244	-1	0
244	76	-1	0
76	205	-1	0
205	268	-1	0
268	204	-1	0
204	125	-1	0
125	27	-1	0
27	357	-1	0
357	3	-1	0
3	13	-1	0
13	300	-1	0
300	209	-1	0
209	26	-1	0
26	232	-1	0
232	107	-1	0
107	304	-1	0
304	68	-1	0
68	77	-1	0
77	148	-1	0
148	11	-1	0
11	132	-1	0
132	5	-1	0
5	330	-1	0
330	288	-1	0
288	181	-1	0
181	46	-1	0
46	155	-1	0
155	349	-1	0
349	161	-1	0
161	180	-1	0
180	175	-1	0
175	9	-1	0
9	308	-1	0
308	336	-1	0
336	243	-1	0
243	194	-1	0
194	149	-1	0
149	295	-1	0
295	37	-1	0
37	63	-1	0
63	333	-1	0
333	248	-1	0
248	360	-1	0
360	272	-1	0
272	171	-1	0
171	102	-1	0
102	270	-1	0
270	103	-1	0
103	14	-1	0
14	32	-1	0
32	271	-1	0
271	92	-1	0
92	294	-1	0
294	78	-1	0
78	104	-1	0
104	225	-1	0
225	337	-1	0
337	182	-1	0
182	255	-1	0
255	291	-1	0
291	179	-1	0
179	296	-1	0
296	33	-1	0
33	96	-1	0
96	22	-1	0
22	12	-1	0
12	49	-1	0
49	227	-1	0
227	122	-1	0
122	364	-1	0
364	282	-1	0
282	81	-1	0
81	223	-1	0
223	93	-1	0
93	326	-1	0
326	359	-1	0
359	167	-1	0
167	88	-1	0
88	371	-1	0
371	276	-1	0
276	233	-1	0
233	67	-1	0
67	111	-1	0
111	274	-1	0
274	20	-1	0
20	28	-1	0
28	356	-1	0
356	75	-1	0
75	47	-1	0
47	240	-1	0
240	35	-1	0
35	139	-1	0
139	208	-1	0
208	157	-1	0
157	267	-1	0
267	119	-1	0
119	342	-1	0
342	45	-1	0
45	29	-1	0
29	278	-1	0
278	2	-1	0
2	95	-1	0
95	311	-1	0
311	231	-1	0
231	82	-1	0
82	43	-1	0
43	192	-1	0
192	85	-1	0
85	187	-1	0
187	163	-1	0
163	310	-1	0
310	124	-1	0
124	317	-1	0
317	140	-1	0
140	4	-1	0
4	292	-1	0
292	261	-1	0
261	241	-1	0
241	280	-1	0
280	343	-1	0
343	129	-1	0
129	153	-1	0
153	237	-1	0
237	17	-1	0
17	257	-1	0
257	266	-1	0
266	79	-1	0
79	73	-1	0
73	207	-1	0
207	23	-1	0
23	52	-1	0
52	168	-1	0
168	283	-1	0
283	74	-1	0
74	228	-1	0
228	201	-1	0
201	348	-1	0
348	341	-1	0
341	109	-1	0
109	1	-1	0
1	273	-1	0
273	239	-1	0
239	214	-1	0
214	302	-1	0
302	334	-1	0
334	287	-1	0
287	235	-1	0
235	166	-1	0
166	325	-1	0
325	10	-1	0
10	246	-1	0
246	203	-1	0
203	289	-1	0
289	275	-1	0
275	101	-1	0
101	345	-1	0
345	126	-1	0
126	195	-1	0
195	145	-1	0
145	0	-1	0
