/* Number of Operations */
175
/* List of Operations. */
/* Start	End	Fly	#Internal	Locations...*/
0	128	-1	0
128	55	-1	0
55	28	-1	0
28	131	-1	0
131	104	-1	0
104	78	-1	0
78	66	-1	0
66	29	-1	0
29	163	-1	0
163	72	-1	0
72	156	-1	0
156	94	-1	0
94	50	-1	0
50	15	-1	0
15	152	-1	0
152	109	-1	0
109	139	-1	0
139	77	-1	0
77	166	-1	0
166	17	-1	0
17	174	-1	0
174	133	-1	0
133	48	-1	0
48	96	-1	0
96	42	-1	0
42	80	-1	0
80	67	-1	0
67	43	-1	0
43	69	-1	0
69	1	-1	0
1	20	-1	0
20	61	-1	0
61	135	-1	0
135	3	-1	0
3	13	-1	0
13	18	-1	0
18	159	-1	0
159	64	-1	0
64	168	-1	0
168	111	-1	0
111	173	-1	0
173	82	-1	0
82	126	-1	0
126	73	-1	0
73	115	-1	0
115	99	-1	0
99	122	-1	0
122	143	-1	0
143	63	-1	0
63	38	-1	0
38	10	-1	0
10	41	-1	0
41	114	-1	0
114	120	-1	0
120	79	-1	0
79	84	-1	0
84	4	-1	0
4	71	-1	0
71	5	-1	0
5	49	-1	0
49	86	-1	0
86	117	-1	0
117	116	-1	0
116	102	-1	0
102	157	-1	0
157	6	-1	0
6	23	-1	0
23	91	-1	0
91	155	-1	0
155	108	-1	0
108	14	-1	0
14	88	-1	0
88	107	-1	0
107	46	-1	0
46	150	-1	0
150	97	-1	0
97	65	-1	0
65	161	-1	0
161	57	-1	0
57	145	-1	0
145	101	-1	0
101	35	-1	0
35	19	-1	0
19	40	-1	0
40	167	-1	0
167	137	-1	0
137	162	-1	0
162	171	-1	0
171	22	-1	0
22	130	-1	0
130	158	-1	0
158	27	-1	0
27	52	-1	0
52	87	-1	0
87	26	-1	0
26	140	-1	0
140	170	-1	0
170	36	-1	0
36	53	-1	0
53	76	-1	0
76	165	-1	0
165	56	-1	0
56	75	-1	0
75	124	-1	0
124	11	-1	0
11	121	-1	0
121	62	-1	0
62	54	-1	0
54	149	-1	0
149	144	-1	0
144	151	-1	0
151	12	-1	0
12	110	-1	0
110	132	-1	0
132	95	-1	0
95	125	-1	0
125	30	-1	0
30	141	-1	0
141	37	-1	0
37	106	-1	0
106	129	-1	0
129	83	-1	0
83	47	-1	0
47	59	-1	0
59	9	-1	0
9	16	-1	0
16	146	-1	0
146	172	-1	0
172	34	-1	0
34	8	-1	0
8	21	-1	0
21	123	-1	0
123	113	-1	0
113	32	-1	0
32	25	-1	0
25	142	-1	0
142	44	-1	0
44	51	-1	0
51	89	-1	0
89	98	-1	0
98	136	-1	0
136	85	-1	0
85	60	-1	0
60	58	-1	0
58	7	-1	0
7	2	-1	0
2	118	-1	0
118	90	-1	0
90	134	-1	0
134	45	-1	0
45	112	-1	0
112	103	-1	0
103	70	-1	0
70	164	-1	0
164	160	-1	0
160	74	-1	0
74	138	-1	0
138	147	-1	0
147	92	-1	0
92	105	-1	0
105	33	-1	0
33	154	-1	0
154	93	-1	0
93	31	-1	0
31	148	-1	0
148	100	-1	0
100	127	-1	0
127	169	-1	0
169	39	-1	0
39	68	-1	0
68	153	-1	0
153	81	-1	0
81	24	-1	0
24	119	-1	0
119	0	-1	0
