/* Number of Operations */
75
/* List of Operations. */
/* Start	End	Fly	#Internal	Locations...*/
0	6	-1	0
6	45	-1	0
45	17	-1	0
17	2	-1	0
2	18	-1	0
18	12	-1	0
12	69	-1	0
69	31	-1	0
31	16	-1	0
16	58	-1	0
58	1	-1	0
1	42	-1	0
42	32	-1	0
32	13	-1	0
13	68	-1	0
68	27	-1	0
27	25	-1	0
25	37	-1	0
37	60	-1	0
60	21	-1	0
21	44	-1	0
44	19	-1	0
19	49	-1	0
49	15	-1	0
15	30	-1	0
30	28	-1	0
28	57	-1	0
57	43	-1	0
43	22	-1	0
22	64	-1	0
64	24	-1	0
24	35	-1	0
35	48	-1	0
48	73	-1	0
73	39	-1	0
39	47	-1	0
47	53	-1	0
53	5	-1	0
5	71	-1	0
71	7	-1	0
7	38	-1	0
38	8	-1	0
8	65	-1	0
65	34	-1	0
34	36	-1	0
36	23	-1	0
23	63	-1	0
63	14	-1	0
14	26	-1	0
26	70	-1	0
70	9	-1	0
9	61	-1	0
61	29	-1	0
29	3	-1	0
3	46	-1	0
46	52	-1	0
52	20	-1	0
20	74	-1	0
74	11	-1	0
11	59	-1	0
59	50	-1	0
50	33	-1	0
33	51	-1	0
51	66	-1	0
66	4	-1	0
4	62	-1	0
62	40	-1	0
40	10	-1	0
10	72	-1	0
72	41	-1	0
41	55	-1	0
55	54	-1	0
54	67	-1	0
67	56	-1	0
56	0	-1	0
