/* Number of Operations */
50
/* List of Operations. */
/* Start	End	Fly	#Internal	Locations...*/
0	37	-1	0
37	21	-1	0
21	7	-1	0
7	46	-1	0
46	28	-1	0
28	23	-1	0
23	10	-1	0
10	2	-1	0
2	6	-1	0
6	47	-1	0
47	30	-1	0
30	5	-1	0
5	16	-1	0
16	36	-1	0
36	1	-1	0
1	33	-1	0
33	42	-1	0
42	22	-1	0
22	17	-1	0
17	48	-1	0
48	14	-1	0
14	18	-1	0
18	43	-1	0
43	12	-1	0
12	40	-1	0
40	41	-1	0
41	49	-1	0
49	29	-1	0
29	19	-1	0
19	3	-1	0
3	15	-1	0
15	13	-1	0
13	27	-1	0
27	39	-1	0
39	45	-1	0
45	26	-1	0
26	35	-1	0
35	4	-1	0
4	9	-1	0
9	34	-1	0
34	25	-1	0
25	32	-1	0
32	38	-1	0
38	20	-1	0
20	44	-1	0
44	24	-1	0
24	8	-1	0
8	31	-1	0
31	11	-1	0
11	0	-1	0
