/* Number of Operations */
100
/* List of Operations. */
/* Start	End	Fly	#Internal	Locations...*/
0	86	-1	0
86	49	-1	0
49	43	-1	0
43	82	-1	0
82	41	-1	0
41	24	-1	0
24	67	-1	0
67	19	-1	0
19	30	-1	0
30	27	-1	0
27	69	-1	0
69	89	-1	0
89	32	-1	0
32	98	-1	0
98	76	-1	0
76	91	-1	0
91	12	-1	0
12	4	-1	0
4	87	-1	0
87	46	-1	0
46	20	-1	0
20	68	-1	0
68	88	-1	0
88	25	-1	0
25	54	-1	0
54	42	-1	0
42	1	-1	0
1	72	-1	0
72	21	-1	0
21	40	-1	0
40	52	-1	0
52	35	-1	0
35	66	-1	0
66	56	-1	0
56	9	-1	0
9	28	-1	0
28	70	-1	0
70	31	-1	0
31	65	-1	0
65	7	-1	0
7	44	-1	0
44	90	-1	0
90	13	-1	0
13	8	-1	0
8	93	-1	0
93	5	-1	0
5	45	-1	0
45	92	-1	0
92	10	-1	0
10	17	-1	0
17	38	-1	0
38	33	-1	0
33	23	-1	0
23	39	-1	0
39	84	-1	0
84	6	-1	0
6	95	-1	0
95	14	-1	0
14	59	-1	0
59	94	-1	0
94	78	-1	0
78	79	-1	0
79	60	-1	0
60	50	-1	0
50	80	-1	0
80	63	-1	0
63	53	-1	0
53	37	-1	0
37	57	-1	0
57	73	-1	0
73	34	-1	0
34	15	-1	0
15	3	-1	0
3	55	-1	0
55	75	-1	0
75	58	-1	0
58	18	-1	0
18	71	-1	0
71	29	-1	0
29	83	-1	0
83	11	-1	0
11	64	-1	0
64	22	-1	0
22	96	-1	0
96	62	-1	0
62	61	-1	0
61	51	-1	0
51	48	-1	0
48	26	-1	0
26	85	-1	0
85	77	-1	0
77	97	-1	0
97	36	-1	0
36	99	-1	0
99	16	-1	0
16	74	-1	0
74	2	-1	0
2	81	-1	0
81	47	-1	0
47	0	-1	0
