/* Number of Operations */
100
/* List of Operations. */
/* Start	End	Fly	#Internal	Locations...*/
0	47	-1	0
47	81	-1	0
81	2	-1	0
2	74	-1	0
74	16	-1	0
16	36	-1	0
36	97	-1	0
97	99	-1	0
99	77	-1	0
77	85	-1	0
85	26	-1	0
26	48	-1	0
48	51	-1	0
51	62	-1	0
62	61	-1	0
61	96	-1	0
96	22	-1	0
22	64	-1	0
64	11	-1	0
11	83	-1	0
83	29	-1	0
29	71	-1	0
71	18	-1	0
18	58	-1	0
58	75	-1	0
75	55	-1	0
55	3	-1	0
3	15	-1	0
15	34	-1	0
34	73	-1	0
73	57	-1	0
57	37	-1	0
37	53	-1	0
53	63	-1	0
63	80	-1	0
80	50	-1	0
50	60	-1	0
60	79	-1	0
79	78	-1	0
78	94	-1	0
94	59	-1	0
59	14	-1	0
14	95	-1	0
95	6	-1	0
6	84	-1	0
84	39	-1	0
39	23	-1	0
23	33	-1	0
33	38	-1	0
38	17	-1	0
17	10	-1	0
10	92	-1	0
92	45	-1	0
45	5	-1	0
5	93	-1	0
93	8	-1	0
8	13	-1	0
13	90	-1	0
90	44	-1	0
44	7	-1	0
7	65	-1	0
65	31	-1	0
31	70	-1	0
70	28	-1	0
28	9	-1	0
9	56	-1	0
56	66	-1	0
66	35	-1	0
35	52	-1	0
52	40	-1	0
40	21	-1	0
21	72	-1	0
72	1	-1	0
1	42	-1	0
42	54	-1	0
54	25	-1	0
25	88	-1	0
88	68	-1	0
68	20	-1	0
20	46	-1	0
46	87	-1	0
87	4	-1	0
4	12	-1	0
12	91	-1	0
91	76	-1	0
76	98	-1	0
98	32	-1	0
32	89	-1	0
89	69	-1	0
69	27	-1	0
27	30	-1	0
30	19	-1	0
19	67	-1	0
67	24	-1	0
24	41	-1	0
41	82	-1	0
82	43	-1	0
43	49	-1	0
49	86	-1	0
86	0	-1	0
