/* Number of Operations */
100
/* List of Operations. */
/* Start	End	Fly	#Internal	Locations...*/
0	46	-1	0
46	10	-1	0
10	3	-1	0
3	71	-1	0
71	34	-1	0
34	26	-1	0
26	61	-1	0
61	75	-1	0
75	92	-1	0
92	53	-1	0
53	89	-1	0
89	85	-1	0
85	63	-1	0
63	82	-1	0
82	64	-1	0
64	6	-1	0
6	43	-1	0
43	31	-1	0
31	73	-1	0
73	8	-1	0
8	86	-1	0
86	20	-1	0
20	23	-1	0
23	93	-1	0
93	30	-1	0
30	36	-1	0
36	2	-1	0
2	90	-1	0
90	56	-1	0
56	68	-1	0
68	37	-1	0
37	60	-1	0
60	74	-1	0
74	22	-1	0
22	88	-1	0
88	24	-1	0
24	81	-1	0
81	50	-1	0
50	19	-1	0
19	97	-1	0
97	40	-1	0
40	84	-1	0
84	41	-1	0
41	39	-1	0
39	5	-1	0
5	48	-1	0
48	21	-1	0
21	42	-1	0
42	14	-1	0
14	17	-1	0
17	16	-1	0
16	27	-1	0
27	15	-1	0
15	77	-1	0
77	80	-1	0
80	95	-1	0
95	35	-1	0
35	94	-1	0
94	54	-1	0
54	29	-1	0
29	59	-1	0
59	49	-1	0
49	32	-1	0
32	76	-1	0
76	87	-1	0
87	38	-1	0
38	96	-1	0
96	1	-1	0
1	91	-1	0
91	7	-1	0
7	51	-1	0
51	57	-1	0
57	78	-1	0
78	44	-1	0
44	11	-1	0
11	9	-1	0
9	98	-1	0
98	72	-1	0
72	45	-1	0
45	25	-1	0
25	18	-1	0
18	13	-1	0
13	55	-1	0
55	70	-1	0
70	62	-1	0
62	28	-1	0
28	66	-1	0
66	69	-1	0
69	83	-1	0
83	33	-1	0
33	65	-1	0
65	52	-1	0
52	99	-1	0
99	4	-1	0
4	79	-1	0
79	12	-1	0
12	67	-1	0
67	47	-1	0
47	58	-1	0
58	0	-1	0
