/* Number of Operations */
175
/* List of Operations. */
/* Start	End	Fly	#Internal	Locations...*/
0	138	-1	0
138	37	-1	0
37	23	-1	0
23	26	-1	0
26	75	-1	0
75	101	-1	0
101	54	-1	0
54	174	-1	0
174	162	-1	0
162	18	-1	0
18	78	-1	0
78	83	-1	0
83	12	-1	0
12	131	-1	0
131	114	-1	0
114	47	-1	0
47	32	-1	0
32	10	-1	0
10	133	-1	0
133	148	-1	0
148	69	-1	0
69	70	-1	0
70	39	-1	0
39	86	-1	0
86	113	-1	0
113	76	-1	0
76	96	-1	0
96	129	-1	0
129	147	-1	0
147	106	-1	0
106	33	-1	0
33	144	-1	0
144	36	-1	0
36	8	-1	0
8	46	-1	0
46	93	-1	0
93	71	-1	0
71	4	-1	0
4	73	-1	0
73	27	-1	0
27	25	-1	0
25	95	-1	0
95	112	-1	0
112	163	-1	0
163	91	-1	0
91	120	-1	0
120	81	-1	0
81	65	-1	0
65	104	-1	0
104	145	-1	0
145	3	-1	0
3	136	-1	0
136	89	-1	0
89	63	-1	0
63	60	-1	0
60	15	-1	0
15	1	-1	0
1	107	-1	0
107	153	-1	0
153	59	-1	0
59	88	-1	0
88	117	-1	0
117	85	-1	0
85	19	-1	0
19	5	-1	0
5	14	-1	0
14	110	-1	0
110	151	-1	0
151	38	-1	0
38	92	-1	0
92	142	-1	0
142	52	-1	0
52	57	-1	0
57	100	-1	0
100	132	-1	0
132	20	-1	0
20	152	-1	0
152	72	-1	0
72	74	-1	0
74	150	-1	0
150	82	-1	0
82	156	-1	0
156	35	-1	0
35	58	-1	0
58	124	-1	0
124	161	-1	0
161	66	-1	0
66	41	-1	0
41	53	-1	0
53	109	-1	0
109	49	-1	0
49	141	-1	0
141	122	-1	0
122	171	-1	0
171	168	-1	0
168	94	-1	0
94	30	-1	0
30	149	-1	0
149	139	-1	0
139	134	-1	0
134	84	-1	0
84	157	-1	0
157	62	-1	0
62	16	-1	0
16	9	-1	0
9	48	-1	0
48	40	-1	0
40	115	-1	0
115	90	-1	0
90	13	-1	0
13	64	-1	0
64	128	-1	0
128	155	-1	0
155	165	-1	0
165	159	-1	0
159	61	-1	0
61	79	-1	0
79	99	-1	0
99	111	-1	0
111	158	-1	0
158	119	-1	0
119	87	-1	0
87	166	-1	0
166	146	-1	0
146	121	-1	0
121	102	-1	0
102	130	-1	0
130	67	-1	0
67	164	-1	0
164	143	-1	0
143	24	-1	0
24	118	-1	0
118	125	-1	0
125	170	-1	0
170	31	-1	0
31	135	-1	0
135	97	-1	0
97	50	-1	0
50	43	-1	0
43	68	-1	0
68	77	-1	0
77	45	-1	0
45	17	-1	0
17	11	-1	0
11	22	-1	0
22	56	-1	0
56	34	-1	0
34	80	-1	0
80	6	-1	0
6	55	-1	0
55	116	-1	0
116	154	-1	0
154	127	-1	0
127	98	-1	0
98	21	-1	0
21	173	-1	0
173	2	-1	0
2	140	-1	0
140	108	-1	0
108	51	-1	0
51	172	-1	0
172	160	-1	0
160	103	-1	0
103	29	-1	0
29	28	-1	0
28	105	-1	0
105	7	-1	0
7	44	-1	0
44	126	-1	0
126	123	-1	0
123	42	-1	0
42	137	-1	0
137	167	-1	0
167	169	-1	0
169	0	-1	0
