/* Number of Operations */
100
/* List of Operations. */
/* Start	End	Fly	#Internal	Locations...*/
0	13	-1	0
13	70	-1	0
70	62	-1	0
62	97	-1	0
97	59	-1	0
59	92	-1	0
92	81	-1	0
81	87	-1	0
87	88	-1	0
88	12	-1	0
12	78	-1	0
78	90	-1	0
90	41	-1	0
41	75	-1	0
75	95	-1	0
95	8	-1	0
8	67	-1	0
67	3	-1	0
3	83	-1	0
83	98	-1	0
98	27	-1	0
27	40	-1	0
40	5	-1	0
5	22	-1	0
22	72	-1	0
72	18	-1	0
18	52	-1	0
52	21	-1	0
21	26	-1	0
26	68	-1	0
68	23	-1	0
23	46	-1	0
46	16	-1	0
16	69	-1	0
69	15	-1	0
15	45	-1	0
45	89	-1	0
89	55	-1	0
55	35	-1	0
35	34	-1	0
34	44	-1	0
44	54	-1	0
54	74	-1	0
74	86	-1	0
86	64	-1	0
64	91	-1	0
91	58	-1	0
58	38	-1	0
38	60	-1	0
60	11	-1	0
11	94	-1	0
94	66	-1	0
66	43	-1	0
43	2	-1	0
2	14	-1	0
14	50	-1	0
50	36	-1	0
36	53	-1	0
53	82	-1	0
82	6	-1	0
6	49	-1	0
49	71	-1	0
71	73	-1	0
73	1	-1	0
1	39	-1	0
39	19	-1	0
19	25	-1	0
25	28	-1	0
28	47	-1	0
47	17	-1	0
17	61	-1	0
61	4	-1	0
4	7	-1	0
7	37	-1	0
37	20	-1	0
20	80	-1	0
80	99	-1	0
99	31	-1	0
31	10	-1	0
10	30	-1	0
30	48	-1	0
48	79	-1	0
79	57	-1	0
57	51	-1	0
51	65	-1	0
65	9	-1	0
9	84	-1	0
84	85	-1	0
85	32	-1	0
32	63	-1	0
63	76	-1	0
76	24	-1	0
24	96	-1	0
96	56	-1	0
56	33	-1	0
33	29	-1	0
29	93	-1	0
93	42	-1	0
42	77	-1	0
77	0	-1	0
