/* Number of Operations */
75
/* List of Operations. */
/* Start	End	Fly	#Internal	Locations...*/
0	70	-1	0
70	51	-1	0
51	71	-1	0
71	49	-1	0
49	7	-1	0
7	1	-1	0
1	32	-1	0
32	62	-1	0
62	54	-1	0
54	67	-1	0
67	37	-1	0
37	74	-1	0
74	73	-1	0
73	5	-1	0
5	50	-1	0
50	57	-1	0
57	72	-1	0
72	31	-1	0
31	40	-1	0
40	18	-1	0
18	52	-1	0
52	10	-1	0
10	44	-1	0
44	43	-1	0
43	68	-1	0
68	27	-1	0
27	24	-1	0
24	41	-1	0
41	22	-1	0
22	64	-1	0
64	34	-1	0
34	45	-1	0
45	69	-1	0
69	56	-1	0
56	47	-1	0
47	29	-1	0
29	61	-1	0
61	4	-1	0
4	58	-1	0
58	46	-1	0
46	38	-1	0
38	9	-1	0
9	12	-1	0
12	36	-1	0
36	28	-1	0
28	14	-1	0
14	11	-1	0
11	2	-1	0
2	30	-1	0
30	23	-1	0
23	6	-1	0
6	3	-1	0
3	48	-1	0
48	17	-1	0
17	15	-1	0
15	59	-1	0
59	42	-1	0
42	21	-1	0
21	33	-1	0
33	53	-1	0
53	35	-1	0
35	55	-1	0
55	65	-1	0
65	16	-1	0
16	60	-1	0
60	13	-1	0
13	66	-1	0
66	19	-1	0
19	25	-1	0
25	20	-1	0
20	26	-1	0
26	63	-1	0
63	8	-1	0
8	39	-1	0
39	0	-1	0
