/* Number of Operations */
50
/* List of Operations. */
/* Start	End	Fly	#Internal	Locations...*/
0	4	-1	0
4	39	-1	0
39	10	-1	0
10	14	-1	0
14	16	-1	0
16	24	-1	0
24	40	-1	0
40	17	-1	0
17	28	-1	0
28	2	-1	0
2	7	-1	0
7	5	-1	0
5	20	-1	0
20	42	-1	0
42	38	-1	0
38	34	-1	0
34	30	-1	0
30	37	-1	0
37	36	-1	0
36	26	-1	0
26	13	-1	0
13	33	-1	0
33	29	-1	0
29	19	-1	0
19	3	-1	0
3	9	-1	0
9	49	-1	0
49	32	-1	0
32	1	-1	0
1	48	-1	0
48	12	-1	0
12	31	-1	0
31	27	-1	0
27	6	-1	0
6	41	-1	0
41	45	-1	0
45	21	-1	0
21	44	-1	0
44	8	-1	0
8	22	-1	0
22	47	-1	0
47	35	-1	0
35	11	-1	0
11	18	-1	0
18	23	-1	0
23	46	-1	0
46	15	-1	0
15	43	-1	0
43	25	-1	0
25	0	-1	0
