/* Number of Operations */
250
/* List of Operations. */
/* Start	End	Fly	#Internal	Locations...*/
0	149	-1	0
149	51	-1	0
51	64	-1	0
64	129	-1	0
129	72	-1	0
72	47	-1	0
47	207	-1	0
207	193	-1	0
193	36	-1	0
36	128	-1	0
128	139	-1	0
139	118	-1	0
118	243	-1	0
243	1	-1	0
1	159	-1	0
159	150	-1	0
150	218	-1	0
218	65	-1	0
65	39	-1	0
39	33	-1	0
33	177	-1	0
177	41	-1	0
41	178	-1	0
178	127	-1	0
127	158	-1	0
158	173	-1	0
173	43	-1	0
43	38	-1	0
38	109	-1	0
109	25	-1	0
25	42	-1	0
42	205	-1	0
205	219	-1	0
219	73	-1	0
73	182	-1	0
182	143	-1	0
143	154	-1	0
154	142	-1	0
142	202	-1	0
202	191	-1	0
191	126	-1	0
126	203	-1	0
203	141	-1	0
141	54	-1	0
54	120	-1	0
120	18	-1	0
18	78	-1	0
78	242	-1	0
242	134	-1	0
134	79	-1	0
79	40	-1	0
40	228	-1	0
228	88	-1	0
88	112	-1	0
112	56	-1	0
56	198	-1	0
198	171	-1	0
171	49	-1	0
49	66	-1	0
66	63	-1	0
63	81	-1	0
81	11	-1	0
11	155	-1	0
155	200	-1	0
200	229	-1	0
229	52	-1	0
52	7	-1	0
7	201	-1	0
201	100	-1	0
100	15	-1	0
15	69	-1	0
69	61	-1	0
61	68	-1	0
68	241	-1	0
241	137	-1	0
137	105	-1	0
105	162	-1	0
162	186	-1	0
186	93	-1	0
93	12	-1	0
12	86	-1	0
86	60	-1	0
60	28	-1	0
28	91	-1	0
91	97	-1	0
97	167	-1	0
167	184	-1	0
184	44	-1	0
44	116	-1	0
116	222	-1	0
222	227	-1	0
227	190	-1	0
190	10	-1	0
10	24	-1	0
24	156	-1	0
156	221	-1	0
221	245	-1	0
245	136	-1	0
136	103	-1	0
103	240	-1	0
240	125	-1	0
125	214	-1	0
214	196	-1	0
196	21	-1	0
21	199	-1	0
199	236	-1	0
236	101	-1	0
101	13	-1	0
13	77	-1	0
77	232	-1	0
232	145	-1	0
145	98	-1	0
98	29	-1	0
29	157	-1	0
157	17	-1	0
17	238	-1	0
238	179	-1	0
179	115	-1	0
115	230	-1	0
230	244	-1	0
244	19	-1	0
19	130	-1	0
130	111	-1	0
111	8	-1	0
8	183	-1	0
183	237	-1	0
237	102	-1	0
102	151	-1	0
151	132	-1	0
132	117	-1	0
117	34	-1	0
34	46	-1	0
46	107	-1	0
107	217	-1	0
217	206	-1	0
206	45	-1	0
45	194	-1	0
194	106	-1	0
106	131	-1	0
131	172	-1	0
172	31	-1	0
31	174	-1	0
174	189	-1	0
189	53	-1	0
53	248	-1	0
248	32	-1	0
32	146	-1	0
146	213	-1	0
213	108	-1	0
108	169	-1	0
169	140	-1	0
140	50	-1	0
50	122	-1	0
122	211	-1	0
211	249	-1	0
249	181	-1	0
181	85	-1	0
85	62	-1	0
62	204	-1	0
204	192	-1	0
192	176	-1	0
176	187	-1	0
187	14	-1	0
14	175	-1	0
175	37	-1	0
37	133	-1	0
133	16	-1	0
16	58	-1	0
58	247	-1	0
247	147	-1	0
147	197	-1	0
197	104	-1	0
104	119	-1	0
119	195	-1	0
195	6	-1	0
6	82	-1	0
82	135	-1	0
135	80	-1	0
80	188	-1	0
188	55	-1	0
55	5	-1	0
5	75	-1	0
75	170	-1	0
170	163	-1	0
163	92	-1	0
92	113	-1	0
113	161	-1	0
161	9	-1	0
9	215	-1	0
215	123	-1	0
123	95	-1	0
95	234	-1	0
234	22	-1	0
22	165	-1	0
165	124	-1	0
124	48	-1	0
48	212	-1	0
212	114	-1	0
114	246	-1	0
246	168	-1	0
168	76	-1	0
76	235	-1	0
235	71	-1	0
71	99	-1	0
99	166	-1	0
166	239	-1	0
239	220	-1	0
220	148	-1	0
148	89	-1	0
89	94	-1	0
94	138	-1	0
138	180	-1	0
180	59	-1	0
59	225	-1	0
225	2	-1	0
2	67	-1	0
67	27	-1	0
27	83	-1	0
83	110	-1	0
110	164	-1	0
164	23	-1	0
23	84	-1	0
84	70	-1	0
70	160	-1	0
160	209	-1	0
209	35	-1	0
35	57	-1	0
57	226	-1	0
226	233	-1	0
233	4	-1	0
4	216	-1	0
216	210	-1	0
210	223	-1	0
223	208	-1	0
208	96	-1	0
96	90	-1	0
90	144	-1	0
144	224	-1	0
224	20	-1	0
20	185	-1	0
185	26	-1	0
26	3	-1	0
3	231	-1	0
231	30	-1	0
30	153	-1	0
153	152	-1	0
152	74	-1	0
74	121	-1	0
121	87	-1	0
87	0	-1	0
