/* Number of Operations */
175
/* List of Operations. */
/* Start	End	Fly	#Internal	Locations...*/
0	96	-1	0
96	145	-1	0
145	73	-1	0
73	31	-1	0
31	103	-1	0
103	35	-1	0
35	9	-1	0
9	2	-1	0
2	146	-1	0
146	118	-1	0
118	47	-1	0
47	39	-1	0
39	140	-1	0
140	131	-1	0
131	6	-1	0
6	10	-1	0
10	154	-1	0
154	162	-1	0
162	52	-1	0
52	174	-1	0
174	45	-1	0
45	82	-1	0
82	158	-1	0
158	72	-1	0
72	129	-1	0
129	87	-1	0
87	80	-1	0
80	144	-1	0
144	58	-1	0
58	20	-1	0
20	107	-1	0
107	36	-1	0
36	101	-1	0
101	60	-1	0
60	135	-1	0
135	120	-1	0
120	124	-1	0
124	163	-1	0
163	78	-1	0
78	74	-1	0
74	62	-1	0
62	113	-1	0
113	49	-1	0
49	25	-1	0
25	88	-1	0
88	69	-1	0
69	75	-1	0
75	116	-1	0
116	105	-1	0
105	142	-1	0
142	59	-1	0
59	95	-1	0
95	38	-1	0
38	32	-1	0
32	76	-1	0
76	150	-1	0
150	70	-1	0
70	104	-1	0
104	119	-1	0
119	159	-1	0
159	56	-1	0
56	126	-1	0
126	79	-1	0
79	37	-1	0
37	40	-1	0
40	138	-1	0
138	53	-1	0
53	22	-1	0
22	23	-1	0
23	12	-1	0
12	85	-1	0
85	97	-1	0
97	102	-1	0
102	171	-1	0
171	115	-1	0
115	122	-1	0
122	19	-1	0
19	1	-1	0
1	16	-1	0
16	8	-1	0
8	148	-1	0
148	100	-1	0
100	170	-1	0
170	167	-1	0
167	128	-1	0
128	111	-1	0
111	21	-1	0
21	147	-1	0
147	92	-1	0
92	64	-1	0
64	65	-1	0
65	15	-1	0
15	152	-1	0
152	90	-1	0
90	30	-1	0
30	29	-1	0
29	5	-1	0
5	46	-1	0
46	139	-1	0
139	153	-1	0
153	13	-1	0
13	155	-1	0
155	165	-1	0
165	168	-1	0
168	28	-1	0
28	99	-1	0
99	61	-1	0
61	27	-1	0
27	57	-1	0
57	67	-1	0
67	42	-1	0
42	149	-1	0
149	43	-1	0
43	11	-1	0
11	33	-1	0
33	157	-1	0
157	161	-1	0
161	109	-1	0
109	136	-1	0
136	3	-1	0
3	18	-1	0
18	133	-1	0
133	143	-1	0
143	14	-1	0
14	98	-1	0
98	24	-1	0
24	66	-1	0
66	169	-1	0
169	117	-1	0
117	44	-1	0
44	172	-1	0
172	112	-1	0
112	132	-1	0
132	173	-1	0
173	81	-1	0
81	51	-1	0
51	4	-1	0
4	125	-1	0
125	110	-1	0
110	54	-1	0
54	83	-1	0
83	84	-1	0
84	89	-1	0
89	156	-1	0
156	127	-1	0
127	55	-1	0
55	164	-1	0
164	123	-1	0
123	93	-1	0
93	106	-1	0
106	91	-1	0
91	130	-1	0
130	77	-1	0
77	17	-1	0
17	108	-1	0
108	26	-1	0
26	141	-1	0
141	137	-1	0
137	121	-1	0
121	151	-1	0
151	160	-1	0
160	41	-1	0
41	166	-1	0
166	71	-1	0
71	68	-1	0
68	34	-1	0
34	134	-1	0
134	86	-1	0
86	114	-1	0
114	94	-1	0
94	63	-1	0
63	50	-1	0
50	48	-1	0
48	7	-1	0
7	0	-1	0
