/* Number of Operations */
100
/* List of Operations. */
/* Start	End	Fly	#Internal	Locations...*/
0	24	-1	0
24	76	-1	0
76	12	-1	0
12	98	-1	0
98	88	-1	0
88	52	-1	0
52	1	-1	0
1	81	-1	0
81	71	-1	0
71	21	-1	0
21	20	-1	0
20	97	-1	0
97	48	-1	0
48	74	-1	0
74	57	-1	0
57	25	-1	0
25	84	-1	0
84	28	-1	0
28	94	-1	0
94	44	-1	0
44	29	-1	0
29	92	-1	0
92	32	-1	0
32	54	-1	0
54	65	-1	0
65	90	-1	0
90	56	-1	0
56	3	-1	0
3	50	-1	0
50	17	-1	0
17	34	-1	0
34	15	-1	0
15	46	-1	0
46	43	-1	0
43	22	-1	0
22	47	-1	0
47	62	-1	0
62	41	-1	0
41	39	-1	0
39	64	-1	0
64	82	-1	0
82	13	-1	0
13	42	-1	0
42	78	-1	0
78	80	-1	0
80	86	-1	0
86	89	-1	0
89	67	-1	0
67	61	-1	0
61	66	-1	0
66	9	-1	0
9	59	-1	0
59	2	-1	0
2	85	-1	0
85	38	-1	0
38	7	-1	0
7	26	-1	0
26	75	-1	0
75	5	-1	0
5	31	-1	0
31	87	-1	0
87	73	-1	0
73	95	-1	0
95	68	-1	0
68	96	-1	0
96	14	-1	0
14	51	-1	0
51	27	-1	0
27	58	-1	0
58	49	-1	0
49	35	-1	0
35	11	-1	0
11	30	-1	0
30	10	-1	0
10	45	-1	0
45	36	-1	0
36	91	-1	0
91	23	-1	0
23	16	-1	0
16	93	-1	0
93	37	-1	0
37	70	-1	0
70	72	-1	0
72	33	-1	0
33	99	-1	0
99	60	-1	0
60	77	-1	0
77	63	-1	0
63	19	-1	0
19	4	-1	0
4	55	-1	0
55	53	-1	0
53	6	-1	0
6	18	-1	0
18	69	-1	0
69	79	-1	0
79	8	-1	0
8	83	-1	0
83	40	-1	0
40	0	-1	0
