/* Number of Operations */
250
/* List of Operations. */
/* Start	End	Fly	#Internal	Locations...*/
0	124	-1	0
124	33	-1	0
33	115	-1	0
115	119	-1	0
119	155	-1	0
155	123	-1	0
123	236	-1	0
236	204	-1	0
204	161	-1	0
161	221	-1	0
221	13	-1	0
13	88	-1	0
88	121	-1	0
121	18	-1	0
18	10	-1	0
10	171	-1	0
171	151	-1	0
151	197	-1	0
197	89	-1	0
89	157	-1	0
157	99	-1	0
99	131	-1	0
131	183	-1	0
183	205	-1	0
205	138	-1	0
138	158	-1	0
158	164	-1	0
164	75	-1	0
75	125	-1	0
125	73	-1	0
73	160	-1	0
160	49	-1	0
49	186	-1	0
186	219	-1	0
219	225	-1	0
225	9	-1	0
9	139	-1	0
139	153	-1	0
153	242	-1	0
242	179	-1	0
179	147	-1	0
147	243	-1	0
243	223	-1	0
223	34	-1	0
34	190	-1	0
190	86	-1	0
86	45	-1	0
45	46	-1	0
46	237	-1	0
237	97	-1	0
97	140	-1	0
140	105	-1	0
105	126	-1	0
126	32	-1	0
32	42	-1	0
42	209	-1	0
209	44	-1	0
44	54	-1	0
54	107	-1	0
107	135	-1	0
135	238	-1	0
238	127	-1	0
127	113	-1	0
113	136	-1	0
136	76	-1	0
76	220	-1	0
220	14	-1	0
14	23	-1	0
23	193	-1	0
193	103	-1	0
103	20	-1	0
20	95	-1	0
95	213	-1	0
213	199	-1	0
199	201	-1	0
201	202	-1	0
202	69	-1	0
69	194	-1	0
194	187	-1	0
187	66	-1	0
66	141	-1	0
141	212	-1	0
212	3	-1	0
3	25	-1	0
25	200	-1	0
200	5	-1	0
5	79	-1	0
79	94	-1	0
94	36	-1	0
36	93	-1	0
93	41	-1	0
41	217	-1	0
217	227	-1	0
227	106	-1	0
106	210	-1	0
210	77	-1	0
77	72	-1	0
72	133	-1	0
133	247	-1	0
247	215	-1	0
215	239	-1	0
239	47	-1	0
47	98	-1	0
98	196	-1	0
196	231	-1	0
231	198	-1	0
198	130	-1	0
130	91	-1	0
91	165	-1	0
165	241	-1	0
241	168	-1	0
168	82	-1	0
82	12	-1	0
12	29	-1	0
29	110	-1	0
110	6	-1	0
6	19	-1	0
19	211	-1	0
211	224	-1	0
224	114	-1	0
114	145	-1	0
145	8	-1	0
8	64	-1	0
64	59	-1	0
59	169	-1	0
169	191	-1	0
191	232	-1	0
232	177	-1	0
177	214	-1	0
214	104	-1	0
104	180	-1	0
180	108	-1	0
108	143	-1	0
143	51	-1	0
51	84	-1	0
84	146	-1	0
146	195	-1	0
195	174	-1	0
174	188	-1	0
188	57	-1	0
57	218	-1	0
218	189	-1	0
189	74	-1	0
74	30	-1	0
30	100	-1	0
100	50	-1	0
50	192	-1	0
192	31	-1	0
31	43	-1	0
43	182	-1	0
182	163	-1	0
163	167	-1	0
167	173	-1	0
173	11	-1	0
11	68	-1	0
68	170	-1	0
170	235	-1	0
235	207	-1	0
207	246	-1	0
246	240	-1	0
240	249	-1	0
249	116	-1	0
116	228	-1	0
228	206	-1	0
206	175	-1	0
175	149	-1	0
149	222	-1	0
222	226	-1	0
226	166	-1	0
166	40	-1	0
40	60	-1	0
60	122	-1	0
122	120	-1	0
120	109	-1	0
109	71	-1	0
71	144	-1	0
144	21	-1	0
21	132	-1	0
132	55	-1	0
55	15	-1	0
15	216	-1	0
216	17	-1	0
17	16	-1	0
16	234	-1	0
234	184	-1	0
184	181	-1	0
181	111	-1	0
111	101	-1	0
101	150	-1	0
150	203	-1	0
203	27	-1	0
27	63	-1	0
63	172	-1	0
172	92	-1	0
92	129	-1	0
129	96	-1	0
96	7	-1	0
7	37	-1	0
37	53	-1	0
53	229	-1	0
229	26	-1	0
26	58	-1	0
58	80	-1	0
80	134	-1	0
134	52	-1	0
52	112	-1	0
112	142	-1	0
142	152	-1	0
152	156	-1	0
156	154	-1	0
154	81	-1	0
81	178	-1	0
178	128	-1	0
128	22	-1	0
22	35	-1	0
35	185	-1	0
185	244	-1	0
244	233	-1	0
233	83	-1	0
83	208	-1	0
208	148	-1	0
148	90	-1	0
90	102	-1	0
102	56	-1	0
56	61	-1	0
61	48	-1	0
48	4	-1	0
4	1	-1	0
1	137	-1	0
137	118	-1	0
118	78	-1	0
78	248	-1	0
248	245	-1	0
245	24	-1	0
24	65	-1	0
65	162	-1	0
162	67	-1	0
67	117	-1	0
117	39	-1	0
39	70	-1	0
70	87	-1	0
87	62	-1	0
62	2	-1	0
2	176	-1	0
176	38	-1	0
38	85	-1	0
85	230	-1	0
230	159	-1	0
159	28	-1	0
28	0	-1	0
