/* Number of Operations */
250
/* List of Operations. */
/* Start	End	Fly	#Internal	Locations...*/
0	122	-1	0
122	158	-1	0
158	137	-1	0
137	90	-1	0
90	91	-1	0
91	15	-1	0
15	61	-1	0
61	152	-1	0
152	115	-1	0
115	120	-1	0
120	156	-1	0
156	68	-1	0
68	220	-1	0
220	138	-1	0
138	80	-1	0
80	200	-1	0
200	236	-1	0
236	43	-1	0
43	9	-1	0
9	119	-1	0
119	104	-1	0
104	204	-1	0
204	60	-1	0
60	76	-1	0
76	70	-1	0
70	192	-1	0
192	16	-1	0
16	18	-1	0
18	162	-1	0
162	40	-1	0
40	167	-1	0
167	24	-1	0
24	98	-1	0
98	169	-1	0
169	205	-1	0
205	86	-1	0
86	69	-1	0
69	66	-1	0
66	27	-1	0
27	101	-1	0
101	35	-1	0
35	182	-1	0
182	249	-1	0
249	221	-1	0
221	176	-1	0
176	199	-1	0
199	212	-1	0
212	28	-1	0
28	105	-1	0
105	227	-1	0
227	41	-1	0
41	57	-1	0
57	230	-1	0
230	113	-1	0
113	184	-1	0
184	153	-1	0
153	92	-1	0
92	224	-1	0
224	245	-1	0
245	88	-1	0
88	148	-1	0
148	109	-1	0
109	244	-1	0
244	1	-1	0
1	140	-1	0
140	149	-1	0
149	195	-1	0
195	71	-1	0
71	124	-1	0
124	20	-1	0
20	85	-1	0
85	240	-1	0
240	23	-1	0
23	218	-1	0
218	121	-1	0
121	79	-1	0
79	36	-1	0
36	163	-1	0
163	30	-1	0
30	111	-1	0
111	62	-1	0
62	78	-1	0
78	226	-1	0
226	160	-1	0
160	232	-1	0
232	248	-1	0
248	26	-1	0
26	123	-1	0
123	56	-1	0
56	135	-1	0
135	48	-1	0
48	114	-1	0
114	45	-1	0
45	133	-1	0
133	53	-1	0
53	213	-1	0
213	161	-1	0
161	154	-1	0
154	177	-1	0
177	93	-1	0
93	82	-1	0
82	208	-1	0
208	180	-1	0
180	74	-1	0
74	37	-1	0
37	39	-1	0
39	131	-1	0
131	21	-1	0
21	246	-1	0
246	174	-1	0
174	216	-1	0
216	206	-1	0
206	2	-1	0
2	197	-1	0
197	117	-1	0
117	112	-1	0
112	81	-1	0
81	157	-1	0
157	17	-1	0
17	235	-1	0
235	146	-1	0
146	55	-1	0
55	170	-1	0
170	231	-1	0
231	6	-1	0
6	173	-1	0
173	129	-1	0
129	188	-1	0
188	5	-1	0
5	13	-1	0
13	29	-1	0
29	159	-1	0
159	58	-1	0
58	126	-1	0
126	207	-1	0
207	128	-1	0
128	25	-1	0
25	83	-1	0
83	241	-1	0
241	191	-1	0
191	144	-1	0
144	202	-1	0
202	145	-1	0
145	214	-1	0
214	34	-1	0
34	181	-1	0
181	10	-1	0
10	165	-1	0
165	103	-1	0
103	155	-1	0
155	46	-1	0
46	73	-1	0
73	127	-1	0
127	187	-1	0
187	19	-1	0
19	136	-1	0
136	106	-1	0
106	65	-1	0
65	210	-1	0
210	151	-1	0
151	54	-1	0
54	77	-1	0
77	193	-1	0
193	139	-1	0
139	164	-1	0
164	59	-1	0
59	201	-1	0
201	238	-1	0
238	42	-1	0
42	229	-1	0
229	100	-1	0
100	179	-1	0
179	32	-1	0
32	75	-1	0
75	130	-1	0
130	94	-1	0
94	108	-1	0
108	234	-1	0
234	14	-1	0
14	33	-1	0
33	95	-1	0
95	143	-1	0
143	166	-1	0
166	185	-1	0
185	215	-1	0
215	67	-1	0
67	203	-1	0
203	147	-1	0
147	242	-1	0
242	150	-1	0
150	31	-1	0
31	239	-1	0
239	194	-1	0
194	96	-1	0
96	233	-1	0
233	38	-1	0
38	217	-1	0
217	141	-1	0
141	175	-1	0
175	64	-1	0
64	132	-1	0
132	99	-1	0
99	243	-1	0
243	225	-1	0
225	247	-1	0
247	228	-1	0
228	190	-1	0
190	223	-1	0
223	198	-1	0
198	118	-1	0
118	63	-1	0
63	107	-1	0
107	52	-1	0
52	8	-1	0
8	49	-1	0
49	172	-1	0
172	196	-1	0
196	237	-1	0
237	50	-1	0
50	84	-1	0
84	22	-1	0
22	142	-1	0
142	4	-1	0
4	209	-1	0
209	134	-1	0
134	168	-1	0
168	11	-1	0
11	125	-1	0
125	219	-1	0
219	178	-1	0
178	7	-1	0
7	211	-1	0
211	3	-1	0
3	44	-1	0
44	51	-1	0
51	116	-1	0
116	110	-1	0
110	189	-1	0
189	183	-1	0
183	47	-1	0
47	102	-1	0
102	12	-1	0
12	222	-1	0
222	97	-1	0
97	186	-1	0
186	72	-1	0
72	87	-1	0
87	89	-1	0
89	171	-1	0
171	0	-1	0
