/* Number of Operations */
250
/* List of Operations. */
/* Start	End	Fly	#Internal	Locations...*/
0	10	-1	0
10	40	-1	0
40	133	-1	0
133	186	-1	0
186	36	-1	0
36	130	-1	0
130	240	-1	0
240	233	-1	0
233	169	-1	0
169	12	-1	0
12	241	-1	0
241	235	-1	0
235	2	-1	0
2	61	-1	0
61	23	-1	0
23	6	-1	0
6	58	-1	0
58	98	-1	0
98	156	-1	0
156	74	-1	0
74	54	-1	0
54	72	-1	0
72	137	-1	0
137	150	-1	0
150	50	-1	0
50	127	-1	0
127	197	-1	0
197	87	-1	0
87	83	-1	0
83	103	-1	0
103	173	-1	0
173	151	-1	0
151	5	-1	0
5	101	-1	0
101	4	-1	0
4	213	-1	0
213	84	-1	0
84	229	-1	0
229	79	-1	0
79	119	-1	0
119	11	-1	0
11	141	-1	0
141	182	-1	0
182	128	-1	0
128	124	-1	0
124	139	-1	0
139	107	-1	0
107	67	-1	0
67	117	-1	0
117	192	-1	0
192	165	-1	0
165	22	-1	0
22	53	-1	0
53	56	-1	0
56	239	-1	0
239	140	-1	0
140	212	-1	0
212	221	-1	0
221	228	-1	0
228	111	-1	0
111	237	-1	0
237	155	-1	0
155	55	-1	0
55	179	-1	0
179	215	-1	0
215	44	-1	0
44	174	-1	0
174	211	-1	0
211	3	-1	0
3	16	-1	0
16	242	-1	0
242	108	-1	0
108	73	-1	0
73	185	-1	0
185	49	-1	0
49	28	-1	0
28	183	-1	0
183	63	-1	0
63	158	-1	0
158	201	-1	0
201	60	-1	0
60	82	-1	0
82	194	-1	0
194	90	-1	0
90	219	-1	0
219	248	-1	0
248	18	-1	0
18	247	-1	0
247	32	-1	0
32	13	-1	0
13	110	-1	0
110	224	-1	0
224	136	-1	0
136	176	-1	0
176	86	-1	0
86	209	-1	0
209	180	-1	0
180	70	-1	0
70	59	-1	0
59	232	-1	0
232	26	-1	0
26	106	-1	0
106	246	-1	0
246	96	-1	0
96	199	-1	0
199	116	-1	0
116	148	-1	0
148	230	-1	0
230	138	-1	0
138	172	-1	0
172	33	-1	0
33	160	-1	0
160	99	-1	0
99	218	-1	0
218	27	-1	0
27	238	-1	0
238	88	-1	0
88	126	-1	0
126	175	-1	0
175	121	-1	0
121	207	-1	0
207	216	-1	0
216	7	-1	0
7	145	-1	0
145	204	-1	0
204	214	-1	0
214	85	-1	0
85	205	-1	0
205	146	-1	0
146	144	-1	0
144	38	-1	0
38	193	-1	0
193	42	-1	0
42	68	-1	0
68	210	-1	0
210	132	-1	0
132	102	-1	0
102	34	-1	0
34	122	-1	0
122	217	-1	0
217	48	-1	0
48	29	-1	0
29	94	-1	0
94	39	-1	0
39	198	-1	0
198	220	-1	0
220	131	-1	0
131	184	-1	0
184	236	-1	0
236	203	-1	0
203	52	-1	0
52	31	-1	0
31	143	-1	0
143	97	-1	0
97	45	-1	0
45	208	-1	0
208	152	-1	0
152	8	-1	0
8	223	-1	0
223	118	-1	0
118	15	-1	0
15	46	-1	0
46	123	-1	0
123	170	-1	0
170	64	-1	0
64	189	-1	0
189	104	-1	0
104	163	-1	0
163	51	-1	0
51	1	-1	0
1	177	-1	0
177	109	-1	0
109	20	-1	0
20	187	-1	0
187	135	-1	0
135	114	-1	0
114	196	-1	0
196	95	-1	0
95	190	-1	0
190	75	-1	0
75	112	-1	0
112	243	-1	0
243	227	-1	0
227	24	-1	0
24	93	-1	0
93	21	-1	0
21	100	-1	0
100	159	-1	0
159	71	-1	0
71	153	-1	0
153	171	-1	0
171	157	-1	0
157	244	-1	0
244	202	-1	0
202	105	-1	0
105	37	-1	0
37	181	-1	0
181	164	-1	0
164	25	-1	0
25	115	-1	0
115	9	-1	0
9	154	-1	0
154	65	-1	0
65	149	-1	0
149	162	-1	0
162	120	-1	0
120	43	-1	0
43	166	-1	0
166	66	-1	0
66	76	-1	0
76	35	-1	0
35	125	-1	0
125	17	-1	0
17	30	-1	0
30	89	-1	0
89	167	-1	0
167	222	-1	0
222	62	-1	0
62	77	-1	0
77	134	-1	0
134	129	-1	0
129	81	-1	0
81	188	-1	0
188	91	-1	0
91	47	-1	0
47	225	-1	0
225	69	-1	0
69	231	-1	0
231	41	-1	0
41	78	-1	0
78	147	-1	0
147	178	-1	0
178	200	-1	0
200	245	-1	0
245	195	-1	0
195	92	-1	0
92	14	-1	0
14	142	-1	0
142	234	-1	0
234	206	-1	0
206	249	-1	0
249	191	-1	0
191	161	-1	0
161	57	-1	0
57	19	-1	0
19	80	-1	0
80	168	-1	0
168	113	-1	0
113	226	-1	0
226	0	-1	0
