/* Number of Operations */
75
/* List of Operations. */
/* Start	End	Fly	#Internal	Locations...*/
0	49	-1	0
49	56	-1	0
56	48	-1	0
48	68	-1	0
68	50	-1	0
50	47	-1	0
47	44	-1	0
44	38	-1	0
38	36	-1	0
36	16	-1	0
16	19	-1	0
19	31	-1	0
31	63	-1	0
63	33	-1	0
33	26	-1	0
26	22	-1	0
22	25	-1	0
25	61	-1	0
61	14	-1	0
14	39	-1	0
39	52	-1	0
52	69	-1	0
69	62	-1	0
62	41	-1	0
41	23	-1	0
23	65	-1	0
65	58	-1	0
58	13	-1	0
13	46	-1	0
46	37	-1	0
37	43	-1	0
43	32	-1	0
32	8	-1	0
8	64	-1	0
64	51	-1	0
51	21	-1	0
21	28	-1	0
28	53	-1	0
53	11	-1	0
11	54	-1	0
54	57	-1	0
57	3	-1	0
3	5	-1	0
5	60	-1	0
60	70	-1	0
70	35	-1	0
35	10	-1	0
10	1	-1	0
1	67	-1	0
67	73	-1	0
73	29	-1	0
29	7	-1	0
7	42	-1	0
42	12	-1	0
12	6	-1	0
6	24	-1	0
24	66	-1	0
66	18	-1	0
18	30	-1	0
30	9	-1	0
9	17	-1	0
17	72	-1	0
72	27	-1	0
27	55	-1	0
55	20	-1	0
20	4	-1	0
4	2	-1	0
2	45	-1	0
45	34	-1	0
34	74	-1	0
74	15	-1	0
15	40	-1	0
40	71	-1	0
71	59	-1	0
59	0	-1	0
