/* Number of Operations */
250
/* List of Operations. */
/* Start	End	Fly	#Internal	Locations...*/
0	57	-1	0
57	51	-1	0
51	148	-1	0
148	3	-1	0
3	101	-1	0
101	214	-1	0
214	219	-1	0
219	89	-1	0
89	79	-1	0
79	188	-1	0
188	13	-1	0
13	199	-1	0
199	232	-1	0
232	213	-1	0
213	114	-1	0
114	108	-1	0
108	71	-1	0
71	52	-1	0
52	74	-1	0
74	27	-1	0
27	83	-1	0
83	143	-1	0
143	197	-1	0
197	158	-1	0
158	195	-1	0
195	116	-1	0
116	215	-1	0
215	167	-1	0
167	186	-1	0
186	138	-1	0
138	22	-1	0
22	202	-1	0
202	5	-1	0
5	119	-1	0
119	247	-1	0
247	234	-1	0
234	11	-1	0
11	227	-1	0
227	190	-1	0
190	26	-1	0
26	110	-1	0
110	236	-1	0
236	204	-1	0
204	107	-1	0
107	129	-1	0
129	206	-1	0
206	14	-1	0
14	139	-1	0
139	41	-1	0
41	122	-1	0
122	184	-1	0
184	147	-1	0
147	76	-1	0
76	180	-1	0
180	17	-1	0
17	249	-1	0
249	216	-1	0
216	123	-1	0
123	100	-1	0
100	112	-1	0
112	226	-1	0
226	20	-1	0
20	66	-1	0
66	6	-1	0
6	244	-1	0
244	230	-1	0
230	34	-1	0
34	153	-1	0
153	64	-1	0
64	248	-1	0
248	160	-1	0
160	93	-1	0
93	229	-1	0
229	134	-1	0
134	113	-1	0
113	218	-1	0
218	9	-1	0
9	44	-1	0
44	131	-1	0
131	102	-1	0
102	68	-1	0
68	210	-1	0
210	223	-1	0
223	46	-1	0
46	228	-1	0
228	72	-1	0
72	162	-1	0
162	239	-1	0
239	176	-1	0
176	12	-1	0
12	201	-1	0
201	98	-1	0
98	142	-1	0
142	94	-1	0
94	49	-1	0
49	192	-1	0
192	55	-1	0
55	196	-1	0
196	169	-1	0
169	224	-1	0
224	21	-1	0
21	127	-1	0
127	171	-1	0
171	105	-1	0
105	75	-1	0
75	177	-1	0
177	16	-1	0
16	187	-1	0
187	144	-1	0
144	209	-1	0
209	70	-1	0
70	125	-1	0
125	81	-1	0
81	163	-1	0
163	77	-1	0
77	170	-1	0
170	140	-1	0
140	159	-1	0
159	39	-1	0
39	99	-1	0
99	185	-1	0
185	53	-1	0
53	90	-1	0
90	59	-1	0
59	87	-1	0
87	67	-1	0
67	200	-1	0
200	205	-1	0
205	92	-1	0
92	179	-1	0
179	29	-1	0
29	109	-1	0
109	37	-1	0
37	189	-1	0
189	61	-1	0
61	130	-1	0
130	243	-1	0
243	133	-1	0
133	86	-1	0
86	172	-1	0
172	182	-1	0
182	157	-1	0
157	15	-1	0
15	235	-1	0
235	19	-1	0
19	60	-1	0
60	73	-1	0
73	151	-1	0
151	42	-1	0
42	193	-1	0
193	48	-1	0
48	198	-1	0
198	181	-1	0
181	141	-1	0
141	173	-1	0
173	47	-1	0
47	238	-1	0
238	36	-1	0
36	246	-1	0
246	152	-1	0
152	146	-1	0
146	8	-1	0
8	126	-1	0
126	40	-1	0
40	96	-1	0
96	135	-1	0
135	78	-1	0
78	174	-1	0
174	233	-1	0
233	25	-1	0
25	154	-1	0
154	115	-1	0
115	165	-1	0
165	43	-1	0
43	24	-1	0
24	95	-1	0
95	145	-1	0
145	240	-1	0
240	85	-1	0
85	80	-1	0
80	65	-1	0
65	10	-1	0
10	2	-1	0
2	84	-1	0
84	1	-1	0
1	194	-1	0
194	156	-1	0
156	221	-1	0
221	82	-1	0
82	212	-1	0
212	207	-1	0
207	132	-1	0
132	23	-1	0
23	50	-1	0
50	220	-1	0
220	211	-1	0
211	245	-1	0
245	38	-1	0
38	111	-1	0
111	191	-1	0
191	28	-1	0
28	18	-1	0
18	237	-1	0
237	120	-1	0
120	231	-1	0
231	121	-1	0
121	31	-1	0
31	124	-1	0
124	103	-1	0
103	33	-1	0
33	35	-1	0
35	88	-1	0
88	106	-1	0
106	168	-1	0
168	183	-1	0
183	128	-1	0
128	137	-1	0
137	161	-1	0
161	178	-1	0
178	91	-1	0
91	30	-1	0
30	118	-1	0
118	97	-1	0
97	155	-1	0
155	217	-1	0
217	104	-1	0
104	166	-1	0
166	164	-1	0
164	150	-1	0
150	63	-1	0
63	149	-1	0
149	117	-1	0
117	203	-1	0
203	136	-1	0
136	7	-1	0
7	4	-1	0
4	222	-1	0
222	54	-1	0
54	69	-1	0
69	58	-1	0
58	32	-1	0
32	175	-1	0
175	56	-1	0
56	242	-1	0
242	241	-1	0
241	208	-1	0
208	62	-1	0
62	45	-1	0
45	225	-1	0
225	0	-1	0
