/* Number of Operations */
250
/* List of Operations. */
/* Start	End	Fly	#Internal	Locations...*/
0	20	-1	0
20	34	-1	0
34	167	-1	0
167	203	-1	0
203	223	-1	0
223	56	-1	0
56	188	-1	0
188	230	-1	0
230	146	-1	0
146	134	-1	0
134	39	-1	0
39	216	-1	0
216	88	-1	0
88	48	-1	0
48	52	-1	0
52	207	-1	0
207	83	-1	0
83	192	-1	0
192	16	-1	0
16	45	-1	0
45	184	-1	0
184	104	-1	0
104	217	-1	0
217	155	-1	0
155	99	-1	0
99	9	-1	0
9	191	-1	0
191	118	-1	0
118	17	-1	0
17	248	-1	0
248	136	-1	0
136	218	-1	0
218	95	-1	0
95	113	-1	0
113	240	-1	0
240	8	-1	0
8	93	-1	0
93	160	-1	0
160	199	-1	0
199	150	-1	0
150	49	-1	0
49	96	-1	0
96	211	-1	0
211	14	-1	0
14	193	-1	0
193	112	-1	0
112	98	-1	0
98	21	-1	0
21	76	-1	0
76	47	-1	0
47	100	-1	0
100	24	-1	0
24	161	-1	0
161	153	-1	0
153	249	-1	0
249	60	-1	0
60	238	-1	0
238	243	-1	0
243	195	-1	0
195	208	-1	0
208	210	-1	0
210	53	-1	0
53	152	-1	0
152	138	-1	0
138	40	-1	0
40	139	-1	0
139	212	-1	0
212	43	-1	0
43	213	-1	0
213	247	-1	0
247	74	-1	0
74	206	-1	0
206	69	-1	0
69	226	-1	0
226	183	-1	0
183	68	-1	0
68	25	-1	0
25	32	-1	0
32	102	-1	0
102	130	-1	0
130	141	-1	0
141	180	-1	0
180	80	-1	0
80	11	-1	0
11	71	-1	0
71	62	-1	0
62	221	-1	0
221	36	-1	0
36	190	-1	0
190	162	-1	0
162	224	-1	0
224	26	-1	0
26	125	-1	0
125	91	-1	0
91	44	-1	0
44	241	-1	0
241	67	-1	0
67	164	-1	0
164	123	-1	0
123	51	-1	0
51	133	-1	0
133	239	-1	0
239	140	-1	0
140	222	-1	0
222	177	-1	0
177	181	-1	0
181	135	-1	0
135	42	-1	0
42	174	-1	0
174	231	-1	0
231	168	-1	0
168	28	-1	0
28	128	-1	0
128	33	-1	0
33	179	-1	0
179	86	-1	0
86	246	-1	0
246	142	-1	0
142	229	-1	0
229	89	-1	0
89	63	-1	0
63	1	-1	0
1	201	-1	0
201	41	-1	0
41	126	-1	0
126	156	-1	0
156	202	-1	0
202	79	-1	0
79	232	-1	0
232	151	-1	0
151	31	-1	0
31	227	-1	0
227	64	-1	0
64	209	-1	0
209	116	-1	0
116	65	-1	0
65	58	-1	0
58	165	-1	0
165	178	-1	0
178	13	-1	0
13	108	-1	0
108	5	-1	0
5	29	-1	0
29	245	-1	0
245	117	-1	0
117	94	-1	0
94	101	-1	0
101	163	-1	0
163	205	-1	0
205	122	-1	0
122	22	-1	0
22	158	-1	0
158	106	-1	0
106	6	-1	0
6	82	-1	0
82	171	-1	0
171	50	-1	0
50	144	-1	0
144	111	-1	0
111	204	-1	0
204	228	-1	0
228	109	-1	0
109	7	-1	0
7	66	-1	0
66	215	-1	0
215	23	-1	0
23	194	-1	0
194	214	-1	0
214	237	-1	0
237	170	-1	0
170	90	-1	0
90	121	-1	0
121	4	-1	0
4	149	-1	0
149	110	-1	0
110	87	-1	0
87	220	-1	0
220	236	-1	0
236	182	-1	0
182	10	-1	0
10	234	-1	0
234	120	-1	0
120	114	-1	0
114	97	-1	0
97	55	-1	0
55	37	-1	0
37	107	-1	0
107	198	-1	0
198	185	-1	0
185	143	-1	0
143	132	-1	0
132	115	-1	0
115	186	-1	0
186	57	-1	0
57	84	-1	0
84	35	-1	0
35	38	-1	0
38	127	-1	0
127	200	-1	0
200	30	-1	0
30	72	-1	0
72	175	-1	0
175	173	-1	0
173	169	-1	0
169	78	-1	0
78	233	-1	0
233	119	-1	0
119	73	-1	0
73	81	-1	0
81	3	-1	0
3	70	-1	0
70	187	-1	0
187	85	-1	0
85	54	-1	0
54	242	-1	0
242	105	-1	0
105	15	-1	0
15	172	-1	0
172	59	-1	0
59	159	-1	0
159	2	-1	0
2	131	-1	0
131	124	-1	0
124	154	-1	0
154	196	-1	0
196	219	-1	0
219	77	-1	0
77	157	-1	0
157	19	-1	0
19	18	-1	0
18	12	-1	0
12	92	-1	0
92	27	-1	0
27	129	-1	0
129	103	-1	0
103	75	-1	0
75	145	-1	0
145	176	-1	0
176	225	-1	0
225	235	-1	0
235	166	-1	0
166	147	-1	0
147	46	-1	0
46	244	-1	0
244	137	-1	0
137	189	-1	0
189	197	-1	0
197	61	-1	0
61	148	-1	0
148	0	-1	0
