/* Number of Operations */
175
/* List of Operations. */
/* Start	End	Fly	#Internal	Locations...*/
0	67	-1	0
67	34	-1	0
34	99	-1	0
99	33	-1	0
33	96	-1	0
96	156	-1	0
156	129	-1	0
129	140	-1	0
140	114	-1	0
114	160	-1	0
160	97	-1	0
97	15	-1	0
15	58	-1	0
58	61	-1	0
61	64	-1	0
64	54	-1	0
54	39	-1	0
39	62	-1	0
62	101	-1	0
101	150	-1	0
150	100	-1	0
100	20	-1	0
20	107	-1	0
107	42	-1	0
42	109	-1	0
109	38	-1	0
38	115	-1	0
115	117	-1	0
117	83	-1	0
83	21	-1	0
21	149	-1	0
149	159	-1	0
159	86	-1	0
86	146	-1	0
146	172	-1	0
172	1	-1	0
1	111	-1	0
111	40	-1	0
40	32	-1	0
32	103	-1	0
103	71	-1	0
71	173	-1	0
173	170	-1	0
170	88	-1	0
88	66	-1	0
66	151	-1	0
151	57	-1	0
57	29	-1	0
29	128	-1	0
128	24	-1	0
24	153	-1	0
153	76	-1	0
76	95	-1	0
95	5	-1	0
5	93	-1	0
93	25	-1	0
25	72	-1	0
72	110	-1	0
110	164	-1	0
164	108	-1	0
108	138	-1	0
138	87	-1	0
87	28	-1	0
28	82	-1	0
82	116	-1	0
116	123	-1	0
123	16	-1	0
16	79	-1	0
79	45	-1	0
45	125	-1	0
125	12	-1	0
12	36	-1	0
36	3	-1	0
3	27	-1	0
27	137	-1	0
137	69	-1	0
69	23	-1	0
23	44	-1	0
44	49	-1	0
49	8	-1	0
8	121	-1	0
121	104	-1	0
104	166	-1	0
166	31	-1	0
31	89	-1	0
89	84	-1	0
84	90	-1	0
90	19	-1	0
19	131	-1	0
131	70	-1	0
70	158	-1	0
158	22	-1	0
22	139	-1	0
139	122	-1	0
122	73	-1	0
73	50	-1	0
50	9	-1	0
9	154	-1	0
154	112	-1	0
112	105	-1	0
105	26	-1	0
26	35	-1	0
35	165	-1	0
165	60	-1	0
60	74	-1	0
74	56	-1	0
56	168	-1	0
168	169	-1	0
169	135	-1	0
135	113	-1	0
113	11	-1	0
11	30	-1	0
30	144	-1	0
144	143	-1	0
143	13	-1	0
13	14	-1	0
14	7	-1	0
7	127	-1	0
127	133	-1	0
133	134	-1	0
134	119	-1	0
119	126	-1	0
126	65	-1	0
65	162	-1	0
162	141	-1	0
141	2	-1	0
2	120	-1	0
120	68	-1	0
68	94	-1	0
94	145	-1	0
145	59	-1	0
59	136	-1	0
136	47	-1	0
47	52	-1	0
52	78	-1	0
78	4	-1	0
4	157	-1	0
157	142	-1	0
142	155	-1	0
155	147	-1	0
147	10	-1	0
10	77	-1	0
77	53	-1	0
53	37	-1	0
37	124	-1	0
124	75	-1	0
75	6	-1	0
6	43	-1	0
43	163	-1	0
163	148	-1	0
148	41	-1	0
41	174	-1	0
174	92	-1	0
92	80	-1	0
80	98	-1	0
98	48	-1	0
48	171	-1	0
171	17	-1	0
17	91	-1	0
91	152	-1	0
152	55	-1	0
55	63	-1	0
63	118	-1	0
118	130	-1	0
130	102	-1	0
102	81	-1	0
81	161	-1	0
161	85	-1	0
85	167	-1	0
167	46	-1	0
46	18	-1	0
18	51	-1	0
51	132	-1	0
132	106	-1	0
106	0	-1	0
