/* Number of Operations */
100
/* List of Operations. */
/* Start	End	Fly	#Internal	Locations...*/
0	41	-1	0
41	81	-1	0
81	18	-1	0
18	45	-1	0
45	65	-1	0
65	21	-1	0
21	74	-1	0
74	16	-1	0
16	15	-1	0
15	78	-1	0
78	94	-1	0
94	75	-1	0
75	19	-1	0
19	56	-1	0
56	46	-1	0
46	20	-1	0
20	1	-1	0
1	72	-1	0
72	42	-1	0
42	23	-1	0
23	97	-1	0
97	68	-1	0
68	61	-1	0
61	25	-1	0
25	31	-1	0
31	98	-1	0
98	89	-1	0
89	93	-1	0
93	40	-1	0
40	14	-1	0
14	37	-1	0
37	34	-1	0
34	66	-1	0
66	27	-1	0
27	69	-1	0
69	9	-1	0
9	3	-1	0
3	77	-1	0
77	57	-1	0
57	59	-1	0
59	48	-1	0
48	64	-1	0
64	29	-1	0
29	54	-1	0
54	83	-1	0
83	5	-1	0
5	39	-1	0
39	49	-1	0
49	63	-1	0
63	4	-1	0
4	52	-1	0
52	33	-1	0
33	62	-1	0
62	36	-1	0
36	82	-1	0
82	53	-1	0
53	24	-1	0
24	26	-1	0
26	96	-1	0
96	92	-1	0
92	11	-1	0
11	30	-1	0
30	28	-1	0
28	12	-1	0
12	87	-1	0
87	2	-1	0
2	60	-1	0
60	6	-1	0
6	86	-1	0
86	70	-1	0
70	85	-1	0
85	44	-1	0
44	10	-1	0
10	99	-1	0
99	80	-1	0
80	38	-1	0
38	67	-1	0
67	84	-1	0
84	22	-1	0
22	8	-1	0
8	7	-1	0
7	58	-1	0
58	55	-1	0
55	13	-1	0
13	95	-1	0
95	17	-1	0
17	91	-1	0
91	73	-1	0
73	35	-1	0
35	76	-1	0
76	79	-1	0
79	47	-1	0
47	50	-1	0
50	32	-1	0
32	71	-1	0
71	43	-1	0
43	51	-1	0
51	88	-1	0
88	90	-1	0
90	0	-1	0
