/* Number of Operations */
175
/* List of Operations. */
/* Start	End	Fly	#Internal	Locations...*/
0	133	-1	0
133	99	-1	0
99	130	-1	0
130	127	-1	0
127	21	-1	0
21	24	-1	0
24	141	-1	0
141	32	-1	0
32	84	-1	0
84	83	-1	0
83	97	-1	0
97	4	-1	0
4	102	-1	0
102	10	-1	0
10	147	-1	0
147	108	-1	0
108	29	-1	0
29	94	-1	0
94	42	-1	0
42	20	-1	0
20	12	-1	0
12	51	-1	0
51	170	-1	0
170	31	-1	0
31	104	-1	0
104	126	-1	0
126	63	-1	0
63	19	-1	0
19	26	-1	0
26	122	-1	0
122	3	-1	0
3	22	-1	0
22	173	-1	0
173	13	-1	0
13	66	-1	0
66	73	-1	0
73	145	-1	0
145	87	-1	0
87	1	-1	0
1	58	-1	0
58	146	-1	0
146	77	-1	0
77	57	-1	0
57	85	-1	0
85	50	-1	0
50	125	-1	0
125	148	-1	0
148	135	-1	0
135	134	-1	0
134	101	-1	0
101	114	-1	0
114	109	-1	0
109	52	-1	0
52	30	-1	0
30	79	-1	0
79	110	-1	0
110	131	-1	0
131	152	-1	0
152	155	-1	0
155	37	-1	0
37	76	-1	0
76	157	-1	0
157	162	-1	0
162	113	-1	0
113	45	-1	0
45	61	-1	0
61	92	-1	0
92	59	-1	0
59	40	-1	0
40	65	-1	0
65	68	-1	0
68	46	-1	0
46	138	-1	0
138	6	-1	0
6	164	-1	0
164	14	-1	0
14	70	-1	0
70	171	-1	0
171	153	-1	0
153	78	-1	0
78	100	-1	0
100	16	-1	0
16	47	-1	0
47	38	-1	0
38	120	-1	0
120	144	-1	0
144	107	-1	0
107	36	-1	0
36	103	-1	0
103	112	-1	0
112	143	-1	0
143	154	-1	0
154	106	-1	0
106	5	-1	0
5	71	-1	0
71	161	-1	0
161	121	-1	0
121	172	-1	0
172	119	-1	0
119	159	-1	0
159	9	-1	0
9	53	-1	0
53	166	-1	0
166	174	-1	0
174	116	-1	0
116	163	-1	0
163	90	-1	0
90	111	-1	0
111	8	-1	0
8	150	-1	0
150	136	-1	0
136	33	-1	0
33	43	-1	0
43	105	-1	0
105	93	-1	0
93	96	-1	0
96	28	-1	0
28	67	-1	0
67	2	-1	0
2	167	-1	0
167	39	-1	0
39	75	-1	0
75	140	-1	0
140	35	-1	0
35	160	-1	0
160	18	-1	0
18	54	-1	0
54	117	-1	0
117	74	-1	0
74	168	-1	0
168	129	-1	0
129	44	-1	0
44	128	-1	0
128	55	-1	0
55	49	-1	0
49	151	-1	0
151	82	-1	0
82	69	-1	0
69	17	-1	0
17	98	-1	0
98	86	-1	0
86	115	-1	0
115	27	-1	0
27	89	-1	0
89	124	-1	0
124	149	-1	0
149	15	-1	0
15	91	-1	0
91	23	-1	0
23	95	-1	0
95	80	-1	0
80	158	-1	0
158	64	-1	0
64	137	-1	0
137	123	-1	0
123	132	-1	0
132	81	-1	0
81	72	-1	0
72	11	-1	0
11	34	-1	0
34	60	-1	0
60	88	-1	0
88	118	-1	0
118	7	-1	0
7	156	-1	0
156	48	-1	0
48	142	-1	0
142	139	-1	0
139	56	-1	0
56	62	-1	0
62	25	-1	0
25	41	-1	0
41	165	-1	0
165	169	-1	0
169	0	-1	0
