/* Number of Operations */
250
/* List of Operations. */
/* Start	End	Fly	#Internal	Locations...*/
0	105	-1	0
105	221	-1	0
221	175	-1	0
175	242	-1	0
242	218	-1	0
218	13	-1	0
13	166	-1	0
166	247	-1	0
247	72	-1	0
72	113	-1	0
113	106	-1	0
106	215	-1	0
215	49	-1	0
49	191	-1	0
191	5	-1	0
5	167	-1	0
167	130	-1	0
130	157	-1	0
157	152	-1	0
152	209	-1	0
209	176	-1	0
176	96	-1	0
96	50	-1	0
50	140	-1	0
140	216	-1	0
216	165	-1	0
165	208	-1	0
208	134	-1	0
134	118	-1	0
118	145	-1	0
145	243	-1	0
243	147	-1	0
147	154	-1	0
154	244	-1	0
244	7	-1	0
7	195	-1	0
195	231	-1	0
231	21	-1	0
21	81	-1	0
81	75	-1	0
75	162	-1	0
162	115	-1	0
115	184	-1	0
184	234	-1	0
234	15	-1	0
15	159	-1	0
159	174	-1	0
174	128	-1	0
128	124	-1	0
124	238	-1	0
238	182	-1	0
182	129	-1	0
129	219	-1	0
219	58	-1	0
58	190	-1	0
190	46	-1	0
46	59	-1	0
59	4	-1	0
4	25	-1	0
25	84	-1	0
84	43	-1	0
43	203	-1	0
203	60	-1	0
60	111	-1	0
111	236	-1	0
236	188	-1	0
188	168	-1	0
168	54	-1	0
54	62	-1	0
62	122	-1	0
122	2	-1	0
2	6	-1	0
6	127	-1	0
127	133	-1	0
133	187	-1	0
187	196	-1	0
196	164	-1	0
164	235	-1	0
235	171	-1	0
171	91	-1	0
91	90	-1	0
90	42	-1	0
42	205	-1	0
205	82	-1	0
82	10	-1	0
10	200	-1	0
200	161	-1	0
161	240	-1	0
240	27	-1	0
27	9	-1	0
9	138	-1	0
138	170	-1	0
170	148	-1	0
148	136	-1	0
136	51	-1	0
51	85	-1	0
85	189	-1	0
189	55	-1	0
55	132	-1	0
132	78	-1	0
78	29	-1	0
29	246	-1	0
246	232	-1	0
232	53	-1	0
53	14	-1	0
14	39	-1	0
39	30	-1	0
30	142	-1	0
142	201	-1	0
201	123	-1	0
123	37	-1	0
37	214	-1	0
214	26	-1	0
26	239	-1	0
239	94	-1	0
94	245	-1	0
245	69	-1	0
69	44	-1	0
44	103	-1	0
103	199	-1	0
199	192	-1	0
192	217	-1	0
217	86	-1	0
86	211	-1	0
211	52	-1	0
52	20	-1	0
20	87	-1	0
87	149	-1	0
149	77	-1	0
77	121	-1	0
121	88	-1	0
88	108	-1	0
108	213	-1	0
213	40	-1	0
40	120	-1	0
120	169	-1	0
169	70	-1	0
70	102	-1	0
102	104	-1	0
104	31	-1	0
31	63	-1	0
63	181	-1	0
181	99	-1	0
99	119	-1	0
119	163	-1	0
163	22	-1	0
22	92	-1	0
92	36	-1	0
36	65	-1	0
65	64	-1	0
64	18	-1	0
18	3	-1	0
3	222	-1	0
222	41	-1	0
41	73	-1	0
73	210	-1	0
210	249	-1	0
249	179	-1	0
179	230	-1	0
230	56	-1	0
56	186	-1	0
186	19	-1	0
19	135	-1	0
135	178	-1	0
178	158	-1	0
158	100	-1	0
100	248	-1	0
248	74	-1	0
74	160	-1	0
160	237	-1	0
237	141	-1	0
141	97	-1	0
97	223	-1	0
223	112	-1	0
112	207	-1	0
207	173	-1	0
173	206	-1	0
206	227	-1	0
227	24	-1	0
24	16	-1	0
16	125	-1	0
125	109	-1	0
109	150	-1	0
150	137	-1	0
137	71	-1	0
71	212	-1	0
212	229	-1	0
229	233	-1	0
233	47	-1	0
47	68	-1	0
68	23	-1	0
23	101	-1	0
101	57	-1	0
57	12	-1	0
12	76	-1	0
76	180	-1	0
180	224	-1	0
224	151	-1	0
151	89	-1	0
89	144	-1	0
144	83	-1	0
83	35	-1	0
35	202	-1	0
202	198	-1	0
198	194	-1	0
194	228	-1	0
228	155	-1	0
155	38	-1	0
38	32	-1	0
32	131	-1	0
131	48	-1	0
48	177	-1	0
177	172	-1	0
172	156	-1	0
156	107	-1	0
107	114	-1	0
114	66	-1	0
66	183	-1	0
183	98	-1	0
98	93	-1	0
93	95	-1	0
95	17	-1	0
17	11	-1	0
11	185	-1	0
185	79	-1	0
79	45	-1	0
45	241	-1	0
241	110	-1	0
110	28	-1	0
28	193	-1	0
193	8	-1	0
8	33	-1	0
33	61	-1	0
61	204	-1	0
204	220	-1	0
220	67	-1	0
67	226	-1	0
226	225	-1	0
225	197	-1	0
197	153	-1	0
153	139	-1	0
139	146	-1	0
146	143	-1	0
143	34	-1	0
34	117	-1	0
117	1	-1	0
1	126	-1	0
126	116	-1	0
116	80	-1	0
80	0	-1	0
