/* Number of Operations */
50
/* List of Operations. */
/* Start	End	Fly	#Internal	Locations...*/
0	45	-1	0
45	49	-1	0
49	26	-1	0
26	31	-1	0
31	7	-1	0
7	15	-1	0
15	22	-1	0
22	12	-1	0
12	25	-1	0
25	28	-1	0
28	8	-1	0
8	18	-1	0
18	43	-1	0
43	38	-1	0
38	30	-1	0
30	27	-1	0
27	39	-1	0
39	16	-1	0
16	17	-1	0
17	42	-1	0
42	4	-1	0
4	40	-1	0
40	24	-1	0
24	21	-1	0
21	33	-1	0
33	6	-1	0
6	2	-1	0
2	29	-1	0
29	10	-1	0
10	41	-1	0
41	3	-1	0
3	13	-1	0
13	37	-1	0
37	48	-1	0
48	44	-1	0
44	1	-1	0
1	23	-1	0
23	5	-1	0
5	36	-1	0
36	46	-1	0
46	34	-1	0
34	47	-1	0
47	9	-1	0
9	11	-1	0
11	14	-1	0
14	35	-1	0
35	32	-1	0
32	20	-1	0
20	19	-1	0
19	0	-1	0
