/* Number of Operations */
75
/* List of Operations. */
/* Start	End	Fly	#Internal	Locations...*/
0	68	-1	0
68	67	-1	0
67	22	-1	0
22	27	-1	0
27	1	-1	0
1	62	-1	0
62	71	-1	0
71	16	-1	0
16	3	-1	0
3	31	-1	0
31	73	-1	0
73	65	-1	0
65	24	-1	0
24	14	-1	0
14	70	-1	0
70	54	-1	0
54	6	-1	0
6	58	-1	0
58	37	-1	0
37	47	-1	0
47	43	-1	0
43	23	-1	0
23	4	-1	0
4	28	-1	0
28	63	-1	0
63	13	-1	0
13	19	-1	0
19	30	-1	0
30	15	-1	0
15	10	-1	0
10	57	-1	0
57	61	-1	0
61	56	-1	0
56	42	-1	0
42	21	-1	0
21	25	-1	0
25	17	-1	0
17	9	-1	0
9	33	-1	0
33	51	-1	0
51	18	-1	0
18	7	-1	0
7	32	-1	0
32	44	-1	0
44	46	-1	0
46	5	-1	0
5	55	-1	0
55	8	-1	0
8	69	-1	0
69	64	-1	0
64	50	-1	0
50	52	-1	0
52	48	-1	0
48	11	-1	0
11	45	-1	0
45	35	-1	0
35	12	-1	0
12	72	-1	0
72	38	-1	0
38	59	-1	0
59	34	-1	0
34	60	-1	0
60	29	-1	0
29	2	-1	0
2	53	-1	0
53	20	-1	0
20	49	-1	0
49	26	-1	0
26	39	-1	0
39	36	-1	0
36	41	-1	0
41	40	-1	0
40	74	-1	0
74	66	-1	0
66	0	-1	0
