/* Number of Operations */
175
/* List of Operations. */
/* Start	End	Fly	#Internal	Locations...*/
0	169	-1	0
169	167	-1	0
167	137	-1	0
137	42	-1	0
42	123	-1	0
123	7	-1	0
7	126	-1	0
126	44	-1	0
44	105	-1	0
105	28	-1	0
28	29	-1	0
29	103	-1	0
103	160	-1	0
160	172	-1	0
172	51	-1	0
51	108	-1	0
108	140	-1	0
140	2	-1	0
2	173	-1	0
173	21	-1	0
21	98	-1	0
98	127	-1	0
127	154	-1	0
154	116	-1	0
116	55	-1	0
55	6	-1	0
6	80	-1	0
80	34	-1	0
34	56	-1	0
56	22	-1	0
22	11	-1	0
11	17	-1	0
17	45	-1	0
45	77	-1	0
77	68	-1	0
68	43	-1	0
43	50	-1	0
50	97	-1	0
97	135	-1	0
135	31	-1	0
31	170	-1	0
170	125	-1	0
125	118	-1	0
118	24	-1	0
24	143	-1	0
143	164	-1	0
164	67	-1	0
67	102	-1	0
102	130	-1	0
130	121	-1	0
121	146	-1	0
146	166	-1	0
166	87	-1	0
87	119	-1	0
119	158	-1	0
158	111	-1	0
111	99	-1	0
99	79	-1	0
79	61	-1	0
61	159	-1	0
159	165	-1	0
165	155	-1	0
155	128	-1	0
128	64	-1	0
64	13	-1	0
13	90	-1	0
90	115	-1	0
115	40	-1	0
40	48	-1	0
48	9	-1	0
9	16	-1	0
16	62	-1	0
62	157	-1	0
157	84	-1	0
84	134	-1	0
134	139	-1	0
139	149	-1	0
149	30	-1	0
30	94	-1	0
94	168	-1	0
168	171	-1	0
171	122	-1	0
122	141	-1	0
141	49	-1	0
49	109	-1	0
109	53	-1	0
53	41	-1	0
41	66	-1	0
66	161	-1	0
161	124	-1	0
124	58	-1	0
58	35	-1	0
35	156	-1	0
156	82	-1	0
82	150	-1	0
150	74	-1	0
74	72	-1	0
72	152	-1	0
152	20	-1	0
20	132	-1	0
132	100	-1	0
100	57	-1	0
57	52	-1	0
52	142	-1	0
142	92	-1	0
92	38	-1	0
38	151	-1	0
151	110	-1	0
110	14	-1	0
14	5	-1	0
5	19	-1	0
19	85	-1	0
85	117	-1	0
117	88	-1	0
88	59	-1	0
59	153	-1	0
153	107	-1	0
107	1	-1	0
1	15	-1	0
15	60	-1	0
60	63	-1	0
63	18	-1	0
18	162	-1	0
162	114	-1	0
114	131	-1	0
131	12	-1	0
12	83	-1	0
83	78	-1	0
78	89	-1	0
89	136	-1	0
136	3	-1	0
3	145	-1	0
145	104	-1	0
104	65	-1	0
65	81	-1	0
81	120	-1	0
120	91	-1	0
91	163	-1	0
163	112	-1	0
112	95	-1	0
95	25	-1	0
25	27	-1	0
27	73	-1	0
73	4	-1	0
4	71	-1	0
71	93	-1	0
93	46	-1	0
46	8	-1	0
8	36	-1	0
36	144	-1	0
144	33	-1	0
33	106	-1	0
106	147	-1	0
147	129	-1	0
129	96	-1	0
96	76	-1	0
76	113	-1	0
113	86	-1	0
86	39	-1	0
39	70	-1	0
70	69	-1	0
69	148	-1	0
148	133	-1	0
133	10	-1	0
10	32	-1	0
32	47	-1	0
47	174	-1	0
174	54	-1	0
54	101	-1	0
101	75	-1	0
75	26	-1	0
26	23	-1	0
23	37	-1	0
37	138	-1	0
138	0	-1	0
