/* Number of Operations */
250
/* List of Operations. */
/* Start	End	Fly	#Internal	Locations...*/
0	28	-1	0
28	40	-1	0
40	64	-1	0
64	141	-1	0
141	229	-1	0
229	4	-1	0
4	113	-1	0
113	39	-1	0
39	174	-1	0
174	180	-1	0
180	136	-1	0
136	137	-1	0
137	70	-1	0
70	76	-1	0
76	84	-1	0
84	104	-1	0
104	186	-1	0
186	78	-1	0
78	22	-1	0
22	75	-1	0
75	121	-1	0
121	156	-1	0
156	61	-1	0
61	82	-1	0
82	140	-1	0
140	158	-1	0
158	74	-1	0
74	69	-1	0
69	205	-1	0
205	1	-1	0
1	149	-1	0
149	210	-1	0
210	220	-1	0
220	7	-1	0
7	211	-1	0
211	23	-1	0
23	127	-1	0
127	241	-1	0
241	172	-1	0
172	204	-1	0
204	8	-1	0
8	33	-1	0
33	109	-1	0
109	27	-1	0
27	187	-1	0
187	34	-1	0
34	131	-1	0
131	166	-1	0
166	233	-1	0
233	43	-1	0
43	55	-1	0
55	129	-1	0
129	111	-1	0
111	133	-1	0
133	47	-1	0
47	228	-1	0
228	245	-1	0
245	213	-1	0
213	206	-1	0
206	188	-1	0
188	208	-1	0
208	235	-1	0
235	190	-1	0
190	124	-1	0
124	67	-1	0
67	194	-1	0
194	26	-1	0
26	197	-1	0
197	167	-1	0
167	51	-1	0
51	65	-1	0
65	159	-1	0
159	142	-1	0
142	170	-1	0
170	189	-1	0
189	45	-1	0
45	243	-1	0
243	183	-1	0
183	181	-1	0
181	153	-1	0
153	17	-1	0
17	169	-1	0
169	108	-1	0
108	38	-1	0
38	77	-1	0
77	56	-1	0
56	237	-1	0
237	112	-1	0
112	53	-1	0
53	225	-1	0
225	162	-1	0
162	24	-1	0
24	107	-1	0
107	117	-1	0
117	226	-1	0
226	66	-1	0
66	160	-1	0
160	21	-1	0
21	68	-1	0
68	139	-1	0
139	95	-1	0
95	154	-1	0
154	215	-1	0
215	3	-1	0
3	175	-1	0
175	221	-1	0
221	202	-1	0
202	143	-1	0
143	16	-1	0
16	52	-1	0
52	209	-1	0
209	25	-1	0
25	119	-1	0
119	72	-1	0
72	128	-1	0
128	182	-1	0
182	110	-1	0
110	37	-1	0
37	151	-1	0
151	2	-1	0
2	94	-1	0
94	12	-1	0
12	93	-1	0
93	41	-1	0
41	196	-1	0
196	98	-1	0
98	240	-1	0
240	31	-1	0
31	88	-1	0
88	227	-1	0
227	122	-1	0
122	100	-1	0
100	114	-1	0
114	126	-1	0
126	81	-1	0
81	10	-1	0
10	155	-1	0
155	115	-1	0
115	29	-1	0
29	152	-1	0
152	168	-1	0
168	217	-1	0
217	59	-1	0
59	120	-1	0
120	248	-1	0
248	161	-1	0
161	48	-1	0
48	192	-1	0
192	176	-1	0
176	146	-1	0
146	216	-1	0
216	244	-1	0
244	199	-1	0
199	157	-1	0
157	238	-1	0
238	71	-1	0
71	132	-1	0
132	164	-1	0
164	150	-1	0
150	86	-1	0
86	201	-1	0
201	103	-1	0
103	58	-1	0
58	214	-1	0
214	73	-1	0
73	138	-1	0
138	63	-1	0
63	105	-1	0
105	57	-1	0
57	13	-1	0
13	242	-1	0
242	6	-1	0
6	96	-1	0
96	249	-1	0
249	85	-1	0
85	184	-1	0
184	14	-1	0
14	50	-1	0
50	83	-1	0
83	200	-1	0
200	218	-1	0
218	87	-1	0
87	20	-1	0
20	30	-1	0
30	54	-1	0
54	177	-1	0
177	231	-1	0
231	246	-1	0
246	191	-1	0
191	163	-1	0
163	173	-1	0
173	125	-1	0
125	230	-1	0
230	101	-1	0
101	49	-1	0
49	19	-1	0
19	15	-1	0
15	198	-1	0
198	134	-1	0
134	99	-1	0
99	219	-1	0
219	46	-1	0
46	102	-1	0
102	118	-1	0
118	178	-1	0
178	203	-1	0
203	90	-1	0
90	147	-1	0
147	44	-1	0
44	247	-1	0
247	130	-1	0
130	106	-1	0
106	79	-1	0
79	123	-1	0
123	171	-1	0
171	207	-1	0
207	222	-1	0
222	35	-1	0
35	116	-1	0
116	135	-1	0
135	185	-1	0
185	11	-1	0
11	223	-1	0
223	32	-1	0
32	9	-1	0
9	92	-1	0
92	97	-1	0
97	36	-1	0
36	232	-1	0
232	195	-1	0
195	145	-1	0
145	60	-1	0
60	62	-1	0
62	42	-1	0
42	234	-1	0
234	224	-1	0
224	144	-1	0
144	193	-1	0
193	80	-1	0
80	236	-1	0
236	148	-1	0
148	179	-1	0
179	5	-1	0
5	18	-1	0
18	165	-1	0
165	91	-1	0
91	89	-1	0
89	239	-1	0
239	212	-1	0
212	0	-1	0
