/* Number of Operations */
175
/* List of Operations. */
/* Start	End	Fly	#Internal	Locations...*/
0	167	-1	0
167	12	-1	0
12	32	-1	0
32	146	-1	0
146	57	-1	0
57	161	-1	0
161	157	-1	0
157	106	-1	0
106	2	-1	0
2	62	-1	0
62	73	-1	0
73	78	-1	0
78	52	-1	0
52	121	-1	0
121	127	-1	0
127	14	-1	0
14	37	-1	0
37	15	-1	0
15	174	-1	0
174	18	-1	0
18	35	-1	0
35	13	-1	0
13	82	-1	0
82	6	-1	0
6	125	-1	0
125	70	-1	0
70	83	-1	0
83	136	-1	0
136	29	-1	0
29	170	-1	0
170	19	-1	0
19	109	-1	0
109	80	-1	0
80	160	-1	0
160	16	-1	0
16	45	-1	0
45	99	-1	0
99	69	-1	0
69	4	-1	0
4	49	-1	0
49	9	-1	0
9	63	-1	0
63	65	-1	0
65	3	-1	0
3	141	-1	0
141	23	-1	0
23	168	-1	0
168	138	-1	0
138	159	-1	0
159	117	-1	0
117	34	-1	0
34	84	-1	0
84	113	-1	0
113	129	-1	0
129	135	-1	0
135	172	-1	0
172	104	-1	0
104	96	-1	0
96	74	-1	0
74	53	-1	0
53	58	-1	0
58	147	-1	0
147	46	-1	0
46	36	-1	0
36	108	-1	0
108	148	-1	0
148	154	-1	0
154	90	-1	0
90	30	-1	0
30	28	-1	0
28	95	-1	0
95	22	-1	0
22	116	-1	0
116	98	-1	0
98	81	-1	0
81	165	-1	0
165	112	-1	0
112	5	-1	0
5	87	-1	0
87	144	-1	0
144	132	-1	0
132	7	-1	0
7	71	-1	0
71	51	-1	0
51	75	-1	0
75	59	-1	0
59	92	-1	0
92	89	-1	0
89	66	-1	0
66	21	-1	0
21	100	-1	0
100	110	-1	0
110	119	-1	0
119	68	-1	0
68	20	-1	0
20	114	-1	0
114	42	-1	0
42	163	-1	0
163	173	-1	0
173	149	-1	0
149	152	-1	0
152	61	-1	0
61	162	-1	0
162	47	-1	0
47	130	-1	0
130	107	-1	0
107	91	-1	0
91	38	-1	0
38	86	-1	0
86	171	-1	0
171	166	-1	0
166	156	-1	0
156	88	-1	0
88	67	-1	0
67	164	-1	0
164	41	-1	0
41	24	-1	0
24	26	-1	0
26	143	-1	0
143	151	-1	0
151	124	-1	0
124	126	-1	0
126	17	-1	0
17	33	-1	0
33	25	-1	0
25	40	-1	0
40	39	-1	0
39	139	-1	0
139	140	-1	0
140	134	-1	0
134	85	-1	0
85	8	-1	0
8	54	-1	0
54	118	-1	0
118	111	-1	0
111	131	-1	0
131	77	-1	0
77	128	-1	0
128	137	-1	0
137	43	-1	0
43	101	-1	0
101	72	-1	0
72	44	-1	0
44	11	-1	0
11	97	-1	0
97	94	-1	0
94	10	-1	0
10	64	-1	0
64	31	-1	0
31	142	-1	0
142	102	-1	0
102	27	-1	0
27	158	-1	0
158	1	-1	0
1	120	-1	0
120	153	-1	0
153	115	-1	0
115	103	-1	0
103	133	-1	0
133	155	-1	0
155	93	-1	0
93	48	-1	0
48	169	-1	0
169	50	-1	0
50	76	-1	0
76	123	-1	0
123	55	-1	0
55	122	-1	0
122	79	-1	0
79	145	-1	0
145	60	-1	0
60	150	-1	0
150	105	-1	0
105	56	-1	0
56	0	-1	0
