/* Number of Operations */
250
/* List of Operations. */
/* Start	End	Fly	#Internal	Locations...*/
0	168	-1	0
168	52	-1	0
52	102	-1	0
102	58	-1	0
58	121	-1	0
121	42	-1	0
42	232	-1	0
232	177	-1	0
177	151	-1	0
151	231	-1	0
231	224	-1	0
224	25	-1	0
25	167	-1	0
167	24	-1	0
24	200	-1	0
200	205	-1	0
205	81	-1	0
81	64	-1	0
64	70	-1	0
70	145	-1	0
145	181	-1	0
181	223	-1	0
223	111	-1	0
111	31	-1	0
31	6	-1	0
6	243	-1	0
243	23	-1	0
23	129	-1	0
129	216	-1	0
216	147	-1	0
147	173	-1	0
173	172	-1	0
172	34	-1	0
34	11	-1	0
11	96	-1	0
96	141	-1	0
141	53	-1	0
53	140	-1	0
140	222	-1	0
222	162	-1	0
162	61	-1	0
61	63	-1	0
63	184	-1	0
184	185	-1	0
185	196	-1	0
196	125	-1	0
125	17	-1	0
17	108	-1	0
108	149	-1	0
149	7	-1	0
7	50	-1	0
50	45	-1	0
45	138	-1	0
138	104	-1	0
104	51	-1	0
51	4	-1	0
4	44	-1	0
44	105	-1	0
105	110	-1	0
110	218	-1	0
218	142	-1	0
142	74	-1	0
74	131	-1	0
131	75	-1	0
75	85	-1	0
85	106	-1	0
106	170	-1	0
170	176	-1	0
176	156	-1	0
156	73	-1	0
73	54	-1	0
54	79	-1	0
79	86	-1	0
86	98	-1	0
98	21	-1	0
21	226	-1	0
226	66	-1	0
66	166	-1	0
166	182	-1	0
182	84	-1	0
84	120	-1	0
120	209	-1	0
209	9	-1	0
9	36	-1	0
36	35	-1	0
35	180	-1	0
180	40	-1	0
40	117	-1	0
117	47	-1	0
47	249	-1	0
249	128	-1	0
128	32	-1	0
32	217	-1	0
217	10	-1	0
10	230	-1	0
230	82	-1	0
82	37	-1	0
37	157	-1	0
157	154	-1	0
154	220	-1	0
220	57	-1	0
57	134	-1	0
134	242	-1	0
242	83	-1	0
83	94	-1	0
94	206	-1	0
206	198	-1	0
198	93	-1	0
93	20	-1	0
20	71	-1	0
71	213	-1	0
213	244	-1	0
244	113	-1	0
113	228	-1	0
228	14	-1	0
14	30	-1	0
30	221	-1	0
221	127	-1	0
127	109	-1	0
109	246	-1	0
246	248	-1	0
248	67	-1	0
67	95	-1	0
95	171	-1	0
171	245	-1	0
245	219	-1	0
219	208	-1	0
208	153	-1	0
153	1	-1	0
1	193	-1	0
193	237	-1	0
237	112	-1	0
112	133	-1	0
133	212	-1	0
212	80	-1	0
80	159	-1	0
159	15	-1	0
15	97	-1	0
97	49	-1	0
49	22	-1	0
22	201	-1	0
201	124	-1	0
124	158	-1	0
158	204	-1	0
204	55	-1	0
55	152	-1	0
152	65	-1	0
65	77	-1	0
77	103	-1	0
103	241	-1	0
241	3	-1	0
3	192	-1	0
192	27	-1	0
27	194	-1	0
194	202	-1	0
202	161	-1	0
161	90	-1	0
90	239	-1	0
239	225	-1	0
225	33	-1	0
33	203	-1	0
203	119	-1	0
119	150	-1	0
150	143	-1	0
143	5	-1	0
5	130	-1	0
130	13	-1	0
13	240	-1	0
240	139	-1	0
139	91	-1	0
91	8	-1	0
8	60	-1	0
60	199	-1	0
199	144	-1	0
144	78	-1	0
78	28	-1	0
28	247	-1	0
247	229	-1	0
229	210	-1	0
210	56	-1	0
56	16	-1	0
16	118	-1	0
118	207	-1	0
207	179	-1	0
179	236	-1	0
236	188	-1	0
188	165	-1	0
165	87	-1	0
87	195	-1	0
195	41	-1	0
41	19	-1	0
19	164	-1	0
164	183	-1	0
183	191	-1	0
191	215	-1	0
215	69	-1	0
69	148	-1	0
148	227	-1	0
227	46	-1	0
46	155	-1	0
155	174	-1	0
174	72	-1	0
72	190	-1	0
190	116	-1	0
116	43	-1	0
43	132	-1	0
132	76	-1	0
76	235	-1	0
235	160	-1	0
160	214	-1	0
214	2	-1	0
2	18	-1	0
18	122	-1	0
122	88	-1	0
88	197	-1	0
197	189	-1	0
189	233	-1	0
233	68	-1	0
68	38	-1	0
38	175	-1	0
175	211	-1	0
211	186	-1	0
186	92	-1	0
92	115	-1	0
115	59	-1	0
59	178	-1	0
178	114	-1	0
114	29	-1	0
29	12	-1	0
12	135	-1	0
135	62	-1	0
62	146	-1	0
146	48	-1	0
48	238	-1	0
238	136	-1	0
136	126	-1	0
126	187	-1	0
187	101	-1	0
101	107	-1	0
107	26	-1	0
26	234	-1	0
234	39	-1	0
39	137	-1	0
137	123	-1	0
123	89	-1	0
89	163	-1	0
163	99	-1	0
99	100	-1	0
100	169	-1	0
169	0	-1	0
