/* Number of Operations */
500
/* List of Operations. */
/* Start	End	Fly	#Internal	Locations...*/
0	375	-1	0
375	170	-1	0
170	254	-1	0
254	203	-1	0
203	449	-1	0
449	423	-1	0
423	404	-1	0
404	300	-1	0
300	176	-1	0
176	208	-1	0
208	6	-1	0
6	274	-1	0
274	77	-1	0
77	339	-1	0
339	162	-1	0
162	114	-1	0
114	427	-1	0
427	181	-1	0
181	320	-1	0
320	261	-1	0
261	165	-1	0
165	67	-1	0
67	455	-1	0
455	108	-1	0
108	225	-1	0
225	92	-1	0
92	409	-1	0
409	73	-1	0
73	183	-1	0
183	354	-1	0
354	285	-1	0
285	135	-1	0
135	144	-1	0
144	209	-1	0
209	453	-1	0
453	472	-1	0
472	424	-1	0
424	99	-1	0
99	152	-1	0
152	393	-1	0
393	106	-1	0
106	211	-1	0
211	146	-1	0
146	465	-1	0
465	295	-1	0
295	158	-1	0
158	301	-1	0
301	102	-1	0
102	492	-1	0
492	323	-1	0
323	245	-1	0
245	125	-1	0
125	473	-1	0
473	93	-1	0
93	349	-1	0
349	478	-1	0
478	352	-1	0
352	498	-1	0
498	326	-1	0
326	380	-1	0
380	13	-1	0
13	61	-1	0
61	252	-1	0
252	397	-1	0
397	217	-1	0
217	20	-1	0
20	332	-1	0
332	495	-1	0
495	316	-1	0
316	120	-1	0
120	133	-1	0
133	110	-1	0
110	196	-1	0
196	322	-1	0
322	42	-1	0
42	435	-1	0
435	76	-1	0
76	3	-1	0
3	148	-1	0
148	299	-1	0
299	36	-1	0
36	139	-1	0
139	121	-1	0
121	251	-1	0
251	96	-1	0
96	27	-1	0
27	41	-1	0
41	496	-1	0
496	45	-1	0
45	403	-1	0
403	222	-1	0
222	253	-1	0
253	136	-1	0
136	421	-1	0
421	289	-1	0
289	413	-1	0
413	428	-1	0
428	302	-1	0
302	333	-1	0
333	31	-1	0
31	309	-1	0
309	190	-1	0
190	269	-1	0
269	4	-1	0
4	486	-1	0
486	462	-1	0
462	206	-1	0
206	47	-1	0
47	84	-1	0
84	388	-1	0
388	431	-1	0
431	304	-1	0
304	187	-1	0
187	365	-1	0
365	103	-1	0
103	330	-1	0
330	448	-1	0
448	446	-1	0
446	386	-1	0
386	184	-1	0
184	411	-1	0
411	337	-1	0
337	458	-1	0
458	237	-1	0
237	273	-1	0
273	493	-1	0
493	63	-1	0
63	25	-1	0
25	238	-1	0
238	198	-1	0
198	19	-1	0
19	26	-1	0
26	438	-1	0
438	353	-1	0
353	497	-1	0
497	307	-1	0
307	434	-1	0
434	494	-1	0
494	134	-1	0
134	305	-1	0
305	281	-1	0
281	75	-1	0
75	230	-1	0
230	74	-1	0
74	329	-1	0
329	233	-1	0
233	156	-1	0
156	33	-1	0
33	461	-1	0
461	250	-1	0
250	433	-1	0
433	129	-1	0
129	220	-1	0
220	265	-1	0
265	368	-1	0
368	150	-1	0
150	205	-1	0
205	128	-1	0
128	314	-1	0
314	257	-1	0
257	347	-1	0
347	463	-1	0
463	228	-1	0
228	16	-1	0
16	223	-1	0
223	248	-1	0
248	243	-1	0
243	418	-1	0
418	22	-1	0
22	207	-1	0
207	383	-1	0
383	227	-1	0
227	91	-1	0
91	312	-1	0
312	466	-1	0
466	263	-1	0
263	387	-1	0
387	168	-1	0
168	197	-1	0
197	259	-1	0
259	116	-1	0
116	374	-1	0
374	377	-1	0
377	240	-1	0
240	112	-1	0
112	249	-1	0
249	52	-1	0
52	277	-1	0
277	57	-1	0
57	199	-1	0
199	315	-1	0
315	138	-1	0
138	201	-1	0
201	479	-1	0
479	399	-1	0
399	186	-1	0
186	414	-1	0
414	470	-1	0
470	71	-1	0
71	97	-1	0
97	81	-1	0
81	180	-1	0
180	471	-1	0
471	334	-1	0
334	280	-1	0
280	443	-1	0
443	126	-1	0
126	271	-1	0
271	420	-1	0
420	195	-1	0
195	104	-1	0
104	278	-1	0
278	268	-1	0
268	370	-1	0
370	381	-1	0
381	48	-1	0
48	317	-1	0
317	161	-1	0
161	450	-1	0
450	406	-1	0
406	484	-1	0
484	262	-1	0
262	95	-1	0
95	489	-1	0
489	10	-1	0
10	390	-1	0
390	396	-1	0
396	177	-1	0
177	279	-1	0
279	17	-1	0
17	210	-1	0
210	437	-1	0
437	382	-1	0
382	291	-1	0
291	485	-1	0
485	105	-1	0
105	118	-1	0
118	328	-1	0
328	160	-1	0
160	372	-1	0
372	255	-1	0
255	394	-1	0
394	107	-1	0
107	137	-1	0
137	488	-1	0
488	363	-1	0
363	185	-1	0
185	212	-1	0
212	56	-1	0
56	65	-1	0
65	284	-1	0
284	167	-1	0
167	192	-1	0
192	80	-1	0
80	64	-1	0
64	419	-1	0
419	21	-1	0
21	436	-1	0
436	44	-1	0
44	460	-1	0
460	140	-1	0
140	60	-1	0
60	398	-1	0
398	179	-1	0
179	296	-1	0
296	49	-1	0
49	37	-1	0
37	400	-1	0
400	142	-1	0
142	260	-1	0
260	98	-1	0
98	224	-1	0
224	318	-1	0
318	127	-1	0
127	66	-1	0
66	319	-1	0
319	452	-1	0
452	451	-1	0
451	468	-1	0
468	310	-1	0
310	242	-1	0
242	384	-1	0
384	338	-1	0
338	422	-1	0
422	70	-1	0
70	490	-1	0
490	79	-1	0
79	356	-1	0
356	441	-1	0
441	351	-1	0
351	2	-1	0
2	101	-1	0
101	286	-1	0
286	331	-1	0
331	391	-1	0
391	401	-1	0
401	90	-1	0
90	53	-1	0
53	410	-1	0
410	182	-1	0
182	454	-1	0
454	475	-1	0
475	218	-1	0
218	270	-1	0
270	35	-1	0
35	141	-1	0
141	124	-1	0
124	256	-1	0
256	395	-1	0
395	216	-1	0
216	298	-1	0
298	417	-1	0
417	369	-1	0
369	14	-1	0
14	194	-1	0
194	407	-1	0
407	115	-1	0
115	132	-1	0
132	18	-1	0
18	247	-1	0
247	239	-1	0
239	340	-1	0
340	367	-1	0
367	188	-1	0
188	38	-1	0
38	303	-1	0
303	24	-1	0
24	408	-1	0
408	164	-1	0
164	459	-1	0
459	82	-1	0
82	321	-1	0
321	481	-1	0
481	119	-1	0
119	68	-1	0
68	405	-1	0
405	344	-1	0
344	72	-1	0
72	221	-1	0
221	113	-1	0
113	457	-1	0
457	213	-1	0
213	172	-1	0
172	78	-1	0
78	447	-1	0
447	313	-1	0
313	499	-1	0
499	231	-1	0
231	241	-1	0
241	360	-1	0
360	341	-1	0
341	191	-1	0
191	308	-1	0
308	40	-1	0
40	55	-1	0
55	355	-1	0
355	189	-1	0
189	202	-1	0
202	173	-1	0
173	287	-1	0
287	12	-1	0
12	83	-1	0
83	155	-1	0
155	477	-1	0
477	366	-1	0
366	50	-1	0
50	362	-1	0
362	29	-1	0
29	359	-1	0
359	1	-1	0
1	58	-1	0
58	117	-1	0
117	143	-1	0
143	290	-1	0
290	34	-1	0
34	5	-1	0
5	415	-1	0
415	89	-1	0
89	100	-1	0
100	346	-1	0
346	416	-1	0
416	425	-1	0
425	171	-1	0
171	487	-1	0
487	491	-1	0
491	147	-1	0
147	294	-1	0
294	23	-1	0
23	293	-1	0
293	288	-1	0
288	430	-1	0
430	336	-1	0
336	163	-1	0
163	246	-1	0
246	200	-1	0
200	62	-1	0
62	474	-1	0
474	123	-1	0
123	149	-1	0
149	122	-1	0
122	426	-1	0
426	226	-1	0
226	166	-1	0
166	480	-1	0
480	385	-1	0
385	214	-1	0
214	54	-1	0
54	361	-1	0
361	229	-1	0
229	335	-1	0
335	325	-1	0
325	11	-1	0
11	345	-1	0
345	364	-1	0
364	193	-1	0
193	282	-1	0
282	154	-1	0
154	467	-1	0
467	275	-1	0
275	439	-1	0
439	389	-1	0
389	350	-1	0
350	232	-1	0
232	442	-1	0
442	175	-1	0
175	272	-1	0
272	235	-1	0
235	482	-1	0
482	402	-1	0
402	234	-1	0
234	266	-1	0
266	174	-1	0
174	412	-1	0
412	444	-1	0
444	32	-1	0
32	373	-1	0
373	9	-1	0
9	358	-1	0
358	464	-1	0
464	445	-1	0
445	264	-1	0
264	130	-1	0
130	283	-1	0
283	169	-1	0
169	276	-1	0
276	324	-1	0
324	145	-1	0
145	348	-1	0
348	379	-1	0
379	306	-1	0
306	28	-1	0
28	59	-1	0
59	376	-1	0
376	292	-1	0
292	392	-1	0
392	39	-1	0
39	342	-1	0
342	476	-1	0
476	111	-1	0
111	440	-1	0
440	46	-1	0
46	153	-1	0
153	86	-1	0
86	69	-1	0
69	432	-1	0
432	88	-1	0
88	204	-1	0
204	215	-1	0
215	311	-1	0
311	297	-1	0
297	456	-1	0
456	219	-1	0
219	378	-1	0
378	159	-1	0
159	469	-1	0
469	327	-1	0
327	131	-1	0
131	43	-1	0
43	244	-1	0
244	15	-1	0
15	258	-1	0
258	157	-1	0
157	429	-1	0
429	51	-1	0
51	178	-1	0
178	87	-1	0
87	483	-1	0
483	109	-1	0
109	343	-1	0
343	30	-1	0
30	357	-1	0
357	85	-1	0
85	7	-1	0
7	8	-1	0
8	371	-1	0
371	151	-1	0
151	94	-1	0
94	267	-1	0
267	236	-1	0
236	0	-1	0
