/* Number of Operations */
175
/* List of Operations. */
/* Start	End	Fly	#Internal	Locations...*/
0	5	-1	0
5	60	-1	0
60	44	-1	0
44	88	-1	0
88	37	-1	0
37	47	-1	0
47	51	-1	0
51	90	-1	0
90	33	-1	0
33	123	-1	0
123	18	-1	0
18	159	-1	0
159	72	-1	0
72	160	-1	0
160	38	-1	0
38	58	-1	0
58	150	-1	0
150	97	-1	0
97	92	-1	0
92	152	-1	0
152	133	-1	0
133	3	-1	0
3	98	-1	0
98	131	-1	0
131	11	-1	0
11	132	-1	0
132	10	-1	0
10	15	-1	0
15	6	-1	0
6	119	-1	0
119	85	-1	0
85	2	-1	0
2	95	-1	0
95	168	-1	0
168	145	-1	0
145	99	-1	0
99	94	-1	0
94	66	-1	0
66	9	-1	0
9	78	-1	0
78	161	-1	0
161	43	-1	0
43	163	-1	0
163	69	-1	0
69	111	-1	0
111	128	-1	0
128	107	-1	0
107	146	-1	0
146	139	-1	0
139	144	-1	0
144	110	-1	0
110	81	-1	0
81	171	-1	0
171	164	-1	0
164	32	-1	0
32	74	-1	0
74	68	-1	0
68	57	-1	0
57	138	-1	0
138	130	-1	0
130	84	-1	0
84	112	-1	0
112	1	-1	0
1	22	-1	0
22	108	-1	0
108	27	-1	0
27	155	-1	0
155	167	-1	0
167	127	-1	0
127	96	-1	0
96	34	-1	0
34	13	-1	0
13	137	-1	0
137	100	-1	0
100	87	-1	0
87	82	-1	0
82	172	-1	0
172	42	-1	0
42	83	-1	0
83	67	-1	0
67	103	-1	0
103	148	-1	0
148	162	-1	0
162	140	-1	0
140	7	-1	0
7	40	-1	0
40	101	-1	0
101	24	-1	0
24	19	-1	0
19	115	-1	0
115	141	-1	0
141	21	-1	0
21	41	-1	0
41	134	-1	0
134	36	-1	0
36	149	-1	0
149	129	-1	0
129	169	-1	0
169	23	-1	0
23	136	-1	0
136	8	-1	0
8	31	-1	0
31	56	-1	0
56	122	-1	0
122	71	-1	0
71	143	-1	0
143	65	-1	0
65	62	-1	0
62	76	-1	0
76	91	-1	0
91	64	-1	0
64	26	-1	0
26	125	-1	0
125	109	-1	0
109	157	-1	0
157	135	-1	0
135	173	-1	0
173	28	-1	0
28	77	-1	0
77	114	-1	0
114	54	-1	0
54	16	-1	0
16	154	-1	0
154	59	-1	0
59	29	-1	0
29	12	-1	0
12	50	-1	0
50	49	-1	0
49	75	-1	0
75	79	-1	0
79	156	-1	0
156	20	-1	0
20	25	-1	0
25	166	-1	0
166	158	-1	0
158	121	-1	0
121	117	-1	0
117	63	-1	0
63	118	-1	0
118	70	-1	0
70	46	-1	0
46	102	-1	0
102	53	-1	0
53	73	-1	0
73	105	-1	0
105	30	-1	0
30	14	-1	0
14	106	-1	0
106	151	-1	0
151	124	-1	0
124	93	-1	0
93	120	-1	0
120	116	-1	0
116	86	-1	0
86	165	-1	0
165	126	-1	0
126	45	-1	0
45	4	-1	0
4	17	-1	0
17	80	-1	0
80	153	-1	0
153	35	-1	0
35	170	-1	0
170	142	-1	0
142	104	-1	0
104	52	-1	0
52	39	-1	0
39	61	-1	0
61	48	-1	0
48	147	-1	0
147	55	-1	0
55	113	-1	0
113	89	-1	0
89	174	-1	0
174	0	-1	0
