/* Number of Operations */
250
/* List of Operations. */
/* Start	End	Fly	#Internal	Locations...*/
0	178	-1	0
178	200	-1	0
200	24	-1	0
24	245	-1	0
245	74	-1	0
74	139	-1	0
139	171	-1	0
171	123	-1	0
123	142	-1	0
142	206	-1	0
206	16	-1	0
16	204	-1	0
204	41	-1	0
41	78	-1	0
78	180	-1	0
180	93	-1	0
93	244	-1	0
244	25	-1	0
25	150	-1	0
150	221	-1	0
221	236	-1	0
236	137	-1	0
137	163	-1	0
163	167	-1	0
167	210	-1	0
210	148	-1	0
148	32	-1	0
32	219	-1	0
219	237	-1	0
237	94	-1	0
94	57	-1	0
57	73	-1	0
73	240	-1	0
240	169	-1	0
169	212	-1	0
212	49	-1	0
49	153	-1	0
153	224	-1	0
224	87	-1	0
87	127	-1	0
127	239	-1	0
239	116	-1	0
116	188	-1	0
188	138	-1	0
138	84	-1	0
84	60	-1	0
60	66	-1	0
66	102	-1	0
102	118	-1	0
118	36	-1	0
36	40	-1	0
40	208	-1	0
208	23	-1	0
23	182	-1	0
182	61	-1	0
61	106	-1	0
106	55	-1	0
55	174	-1	0
174	92	-1	0
92	37	-1	0
37	108	-1	0
108	162	-1	0
162	218	-1	0
218	42	-1	0
42	146	-1	0
146	77	-1	0
77	185	-1	0
185	80	-1	0
80	122	-1	0
122	100	-1	0
100	194	-1	0
194	34	-1	0
34	190	-1	0
190	120	-1	0
120	195	-1	0
195	134	-1	0
134	12	-1	0
12	85	-1	0
85	165	-1	0
165	172	-1	0
172	147	-1	0
147	1	-1	0
1	22	-1	0
22	132	-1	0
132	232	-1	0
232	193	-1	0
193	175	-1	0
175	231	-1	0
231	86	-1	0
86	29	-1	0
29	65	-1	0
65	246	-1	0
246	113	-1	0
113	203	-1	0
203	214	-1	0
214	45	-1	0
45	160	-1	0
160	89	-1	0
89	215	-1	0
215	191	-1	0
191	35	-1	0
35	242	-1	0
242	133	-1	0
133	151	-1	0
151	2	-1	0
2	130	-1	0
130	211	-1	0
211	112	-1	0
112	207	-1	0
207	157	-1	0
157	71	-1	0
71	121	-1	0
121	176	-1	0
176	131	-1	0
131	186	-1	0
186	144	-1	0
144	83	-1	0
83	136	-1	0
136	249	-1	0
249	201	-1	0
201	189	-1	0
189	15	-1	0
15	18	-1	0
18	179	-1	0
179	209	-1	0
209	183	-1	0
183	14	-1	0
14	69	-1	0
69	53	-1	0
53	72	-1	0
72	233	-1	0
233	216	-1	0
216	8	-1	0
8	141	-1	0
141	58	-1	0
58	98	-1	0
98	177	-1	0
177	62	-1	0
62	4	-1	0
4	28	-1	0
28	103	-1	0
103	227	-1	0
227	30	-1	0
30	117	-1	0
117	135	-1	0
135	128	-1	0
128	119	-1	0
119	79	-1	0
79	158	-1	0
158	96	-1	0
96	21	-1	0
21	198	-1	0
198	213	-1	0
213	76	-1	0
76	229	-1	0
229	126	-1	0
126	223	-1	0
223	6	-1	0
6	243	-1	0
243	95	-1	0
95	43	-1	0
43	46	-1	0
46	9	-1	0
9	155	-1	0
155	225	-1	0
225	181	-1	0
181	140	-1	0
140	31	-1	0
31	54	-1	0
54	75	-1	0
75	81	-1	0
81	199	-1	0
199	17	-1	0
17	202	-1	0
202	230	-1	0
230	10	-1	0
10	173	-1	0
173	217	-1	0
217	107	-1	0
107	56	-1	0
56	196	-1	0
196	99	-1	0
99	124	-1	0
124	145	-1	0
145	109	-1	0
109	48	-1	0
48	234	-1	0
234	247	-1	0
247	166	-1	0
166	105	-1	0
105	110	-1	0
110	13	-1	0
13	7	-1	0
7	82	-1	0
82	226	-1	0
226	88	-1	0
88	220	-1	0
220	39	-1	0
39	5	-1	0
5	115	-1	0
115	51	-1	0
51	19	-1	0
19	156	-1	0
156	192	-1	0
192	63	-1	0
63	168	-1	0
168	91	-1	0
91	27	-1	0
27	159	-1	0
159	184	-1	0
184	59	-1	0
59	228	-1	0
228	129	-1	0
129	222	-1	0
222	241	-1	0
241	50	-1	0
50	205	-1	0
205	64	-1	0
64	70	-1	0
70	238	-1	0
238	52	-1	0
52	104	-1	0
104	47	-1	0
47	187	-1	0
187	125	-1	0
125	33	-1	0
33	101	-1	0
101	114	-1	0
114	149	-1	0
149	20	-1	0
20	197	-1	0
197	97	-1	0
97	111	-1	0
111	161	-1	0
161	44	-1	0
44	38	-1	0
38	235	-1	0
235	3	-1	0
3	164	-1	0
164	90	-1	0
90	11	-1	0
11	26	-1	0
26	68	-1	0
68	170	-1	0
170	143	-1	0
143	248	-1	0
248	152	-1	0
152	67	-1	0
67	154	-1	0
154	0	-1	0
