/* Number of Operations */
75
/* List of Operations. */
/* Start	End	Fly	#Internal	Locations...*/
0	18	-1	0
18	44	-1	0
44	73	-1	0
73	15	-1	0
15	31	-1	0
31	66	-1	0
66	62	-1	0
62	33	-1	0
33	20	-1	0
20	64	-1	0
64	37	-1	0
37	30	-1	0
30	55	-1	0
55	5	-1	0
5	56	-1	0
56	60	-1	0
60	53	-1	0
53	54	-1	0
54	41	-1	0
41	11	-1	0
11	12	-1	0
12	63	-1	0
63	23	-1	0
23	47	-1	0
47	69	-1	0
69	10	-1	0
10	72	-1	0
72	70	-1	0
70	46	-1	0
46	58	-1	0
58	48	-1	0
48	2	-1	0
2	6	-1	0
6	17	-1	0
17	34	-1	0
34	57	-1	0
57	16	-1	0
16	9	-1	0
9	38	-1	0
38	59	-1	0
59	40	-1	0
40	3	-1	0
3	7	-1	0
7	49	-1	0
49	61	-1	0
61	13	-1	0
13	19	-1	0
19	51	-1	0
51	4	-1	0
4	45	-1	0
45	43	-1	0
43	14	-1	0
14	35	-1	0
35	52	-1	0
52	27	-1	0
27	50	-1	0
50	36	-1	0
36	28	-1	0
28	22	-1	0
22	71	-1	0
71	67	-1	0
67	29	-1	0
29	21	-1	0
21	65	-1	0
65	68	-1	0
68	24	-1	0
24	32	-1	0
32	26	-1	0
26	25	-1	0
25	1	-1	0
1	39	-1	0
39	74	-1	0
74	8	-1	0
8	42	-1	0
42	0	-1	0
