/* Number of Operations */
250
/* List of Operations. */
/* Start	End	Fly	#Internal	Locations...*/
0	179	-1	0
179	133	-1	0
133	32	-1	0
32	28	-1	0
28	152	-1	0
152	84	-1	0
84	199	-1	0
199	141	-1	0
141	143	-1	0
143	159	-1	0
159	123	-1	0
123	223	-1	0
223	35	-1	0
35	203	-1	0
203	103	-1	0
103	181	-1	0
181	118	-1	0
118	113	-1	0
113	249	-1	0
249	129	-1	0
129	204	-1	0
204	29	-1	0
29	221	-1	0
221	190	-1	0
190	215	-1	0
215	160	-1	0
160	192	-1	0
192	6	-1	0
6	146	-1	0
146	156	-1	0
156	18	-1	0
18	66	-1	0
66	53	-1	0
53	43	-1	0
43	93	-1	0
93	12	-1	0
12	67	-1	0
67	86	-1	0
86	220	-1	0
220	16	-1	0
16	138	-1	0
138	79	-1	0
79	230	-1	0
230	33	-1	0
33	59	-1	0
59	26	-1	0
26	233	-1	0
233	23	-1	0
23	15	-1	0
15	82	-1	0
82	62	-1	0
62	75	-1	0
75	173	-1	0
173	171	-1	0
171	109	-1	0
109	60	-1	0
60	8	-1	0
8	151	-1	0
151	219	-1	0
219	130	-1	0
130	165	-1	0
165	105	-1	0
105	244	-1	0
244	226	-1	0
226	239	-1	0
239	117	-1	0
117	120	-1	0
120	124	-1	0
124	228	-1	0
228	97	-1	0
97	153	-1	0
153	169	-1	0
169	54	-1	0
54	247	-1	0
247	135	-1	0
135	107	-1	0
107	128	-1	0
128	78	-1	0
78	37	-1	0
37	61	-1	0
61	90	-1	0
90	195	-1	0
195	201	-1	0
201	44	-1	0
44	27	-1	0
27	24	-1	0
24	114	-1	0
114	132	-1	0
132	102	-1	0
102	111	-1	0
111	217	-1	0
217	148	-1	0
148	71	-1	0
71	73	-1	0
73	31	-1	0
31	180	-1	0
180	99	-1	0
99	55	-1	0
55	174	-1	0
174	119	-1	0
119	209	-1	0
209	112	-1	0
112	70	-1	0
70	237	-1	0
237	101	-1	0
101	14	-1	0
14	80	-1	0
80	77	-1	0
77	175	-1	0
175	205	-1	0
205	17	-1	0
17	64	-1	0
64	191	-1	0
191	185	-1	0
185	142	-1	0
142	149	-1	0
149	110	-1	0
110	108	-1	0
108	235	-1	0
235	5	-1	0
5	50	-1	0
50	214	-1	0
214	91	-1	0
91	162	-1	0
162	11	-1	0
11	182	-1	0
182	248	-1	0
248	19	-1	0
19	57	-1	0
57	89	-1	0
89	25	-1	0
25	68	-1	0
68	127	-1	0
127	131	-1	0
131	96	-1	0
96	38	-1	0
38	47	-1	0
47	193	-1	0
193	21	-1	0
21	246	-1	0
246	115	-1	0
115	41	-1	0
41	7	-1	0
7	85	-1	0
85	213	-1	0
213	45	-1	0
45	241	-1	0
241	187	-1	0
187	136	-1	0
136	46	-1	0
46	208	-1	0
208	238	-1	0
238	164	-1	0
164	176	-1	0
176	211	-1	0
211	72	-1	0
72	83	-1	0
83	236	-1	0
236	197	-1	0
197	3	-1	0
3	1	-1	0
1	157	-1	0
157	125	-1	0
125	134	-1	0
134	104	-1	0
104	39	-1	0
39	242	-1	0
242	13	-1	0
13	184	-1	0
184	30	-1	0
30	200	-1	0
200	9	-1	0
9	232	-1	0
232	147	-1	0
147	49	-1	0
49	34	-1	0
34	52	-1	0
52	178	-1	0
178	81	-1	0
81	240	-1	0
240	168	-1	0
168	150	-1	0
150	212	-1	0
212	170	-1	0
170	189	-1	0
189	42	-1	0
42	144	-1	0
144	87	-1	0
87	95	-1	0
95	145	-1	0
145	48	-1	0
48	2	-1	0
2	92	-1	0
92	56	-1	0
56	63	-1	0
63	76	-1	0
76	222	-1	0
222	154	-1	0
154	98	-1	0
98	245	-1	0
245	100	-1	0
100	186	-1	0
186	94	-1	0
94	22	-1	0
22	20	-1	0
20	74	-1	0
74	40	-1	0
40	198	-1	0
198	183	-1	0
183	36	-1	0
36	137	-1	0
137	69	-1	0
69	166	-1	0
166	196	-1	0
196	206	-1	0
206	177	-1	0
177	231	-1	0
231	172	-1	0
172	218	-1	0
218	139	-1	0
139	116	-1	0
116	207	-1	0
207	227	-1	0
227	158	-1	0
158	4	-1	0
4	188	-1	0
188	210	-1	0
210	202	-1	0
202	163	-1	0
163	224	-1	0
224	155	-1	0
155	161	-1	0
161	126	-1	0
126	10	-1	0
10	88	-1	0
88	140	-1	0
140	121	-1	0
121	216	-1	0
216	51	-1	0
51	234	-1	0
234	58	-1	0
58	122	-1	0
122	65	-1	0
65	106	-1	0
106	229	-1	0
229	225	-1	0
225	243	-1	0
243	194	-1	0
194	167	-1	0
167	0	-1	0
