/* Number of Operations */
500
/* List of Operations. */
/* Start	End	Fly	#Internal	Locations...*/
0	107	-1	0
107	295	-1	0
295	360	-1	0
360	171	-1	0
171	22	-1	0
22	11	-1	0
11	451	-1	0
451	39	-1	0
39	167	-1	0
167	41	-1	0
41	284	-1	0
284	175	-1	0
175	19	-1	0
19	253	-1	0
253	336	-1	0
336	387	-1	0
387	229	-1	0
229	305	-1	0
305	428	-1	0
428	445	-1	0
445	199	-1	0
199	159	-1	0
159	438	-1	0
438	430	-1	0
430	378	-1	0
378	179	-1	0
179	405	-1	0
405	52	-1	0
52	164	-1	0
164	408	-1	0
408	117	-1	0
117	301	-1	0
301	379	-1	0
379	350	-1	0
350	82	-1	0
82	292	-1	0
292	47	-1	0
47	385	-1	0
385	376	-1	0
376	429	-1	0
429	480	-1	0
480	17	-1	0
17	494	-1	0
494	319	-1	0
319	479	-1	0
479	278	-1	0
278	127	-1	0
127	410	-1	0
410	352	-1	0
352	75	-1	0
75	338	-1	0
338	111	-1	0
111	473	-1	0
473	140	-1	0
140	335	-1	0
335	499	-1	0
499	258	-1	0
258	287	-1	0
287	214	-1	0
214	113	-1	0
113	265	-1	0
265	2	-1	0
2	355	-1	0
355	118	-1	0
118	321	-1	0
321	316	-1	0
316	446	-1	0
446	23	-1	0
23	249	-1	0
249	413	-1	0
413	246	-1	0
246	190	-1	0
190	79	-1	0
79	100	-1	0
100	243	-1	0
243	411	-1	0
411	63	-1	0
63	330	-1	0
330	112	-1	0
112	450	-1	0
450	436	-1	0
436	255	-1	0
255	340	-1	0
340	447	-1	0
447	108	-1	0
108	237	-1	0
237	196	-1	0
196	478	-1	0
478	189	-1	0
189	477	-1	0
477	257	-1	0
257	399	-1	0
399	442	-1	0
442	40	-1	0
40	294	-1	0
294	213	-1	0
213	397	-1	0
397	357	-1	0
357	3	-1	0
3	483	-1	0
483	344	-1	0
344	10	-1	0
10	165	-1	0
165	267	-1	0
267	362	-1	0
362	221	-1	0
221	21	-1	0
21	331	-1	0
331	141	-1	0
141	420	-1	0
420	103	-1	0
103	225	-1	0
225	324	-1	0
324	15	-1	0
15	185	-1	0
185	157	-1	0
157	460	-1	0
460	37	-1	0
37	216	-1	0
216	92	-1	0
92	347	-1	0
347	176	-1	0
176	51	-1	0
51	59	-1	0
59	435	-1	0
435	281	-1	0
281	421	-1	0
421	200	-1	0
200	244	-1	0
244	388	-1	0
388	286	-1	0
286	133	-1	0
133	431	-1	0
431	169	-1	0
169	427	-1	0
427	282	-1	0
282	106	-1	0
106	72	-1	0
72	489	-1	0
489	183	-1	0
183	302	-1	0
302	424	-1	0
424	125	-1	0
125	263	-1	0
263	146	-1	0
146	29	-1	0
29	60	-1	0
60	290	-1	0
290	329	-1	0
329	448	-1	0
448	426	-1	0
426	406	-1	0
406	306	-1	0
306	475	-1	0
475	145	-1	0
145	235	-1	0
235	181	-1	0
181	236	-1	0
236	381	-1	0
381	115	-1	0
115	27	-1	0
27	142	-1	0
142	456	-1	0
456	96	-1	0
96	217	-1	0
217	114	-1	0
114	197	-1	0
197	455	-1	0
455	462	-1	0
462	166	-1	0
166	315	-1	0
315	485	-1	0
485	186	-1	0
186	218	-1	0
218	392	-1	0
392	239	-1	0
239	28	-1	0
28	407	-1	0
407	68	-1	0
68	339	-1	0
339	58	-1	0
58	195	-1	0
195	277	-1	0
277	328	-1	0
328	361	-1	0
361	283	-1	0
283	64	-1	0
64	245	-1	0
245	370	-1	0
370	53	-1	0
53	94	-1	0
94	97	-1	0
97	26	-1	0
26	481	-1	0
481	313	-1	0
313	144	-1	0
144	161	-1	0
161	137	-1	0
137	457	-1	0
457	304	-1	0
304	496	-1	0
496	135	-1	0
135	346	-1	0
346	391	-1	0
391	177	-1	0
177	465	-1	0
465	493	-1	0
493	120	-1	0
120	322	-1	0
322	139	-1	0
139	55	-1	0
55	293	-1	0
293	32	-1	0
32	178	-1	0
178	444	-1	0
444	224	-1	0
224	138	-1	0
138	205	-1	0
205	310	-1	0
310	93	-1	0
93	377	-1	0
377	90	-1	0
90	275	-1	0
275	24	-1	0
24	398	-1	0
398	33	-1	0
33	497	-1	0
497	474	-1	0
474	369	-1	0
369	128	-1	0
128	66	-1	0
66	119	-1	0
119	25	-1	0
25	434	-1	0
434	363	-1	0
363	89	-1	0
89	403	-1	0
403	191	-1	0
191	372	-1	0
372	76	-1	0
76	269	-1	0
269	50	-1	0
50	422	-1	0
422	182	-1	0
182	173	-1	0
173	45	-1	0
45	83	-1	0
83	498	-1	0
498	367	-1	0
367	44	-1	0
44	272	-1	0
272	393	-1	0
393	184	-1	0
184	14	-1	0
14	323	-1	0
323	180	-1	0
180	358	-1	0
358	384	-1	0
384	248	-1	0
248	276	-1	0
276	454	-1	0
454	250	-1	0
250	223	-1	0
223	354	-1	0
354	490	-1	0
490	155	-1	0
155	202	-1	0
202	261	-1	0
261	271	-1	0
271	414	-1	0
414	226	-1	0
226	18	-1	0
18	469	-1	0
469	440	-1	0
440	307	-1	0
307	1	-1	0
1	210	-1	0
210	389	-1	0
389	482	-1	0
482	341	-1	0
341	492	-1	0
492	314	-1	0
314	312	-1	0
312	201	-1	0
201	61	-1	0
61	366	-1	0
366	374	-1	0
374	110	-1	0
110	102	-1	0
102	471	-1	0
471	208	-1	0
208	88	-1	0
88	274	-1	0
274	174	-1	0
174	31	-1	0
31	309	-1	0
309	192	-1	0
192	151	-1	0
151	289	-1	0
289	57	-1	0
57	311	-1	0
311	373	-1	0
373	365	-1	0
365	409	-1	0
409	34	-1	0
34	162	-1	0
162	54	-1	0
54	240	-1	0
240	215	-1	0
215	259	-1	0
259	158	-1	0
158	222	-1	0
222	152	-1	0
152	209	-1	0
209	458	-1	0
458	86	-1	0
86	416	-1	0
416	343	-1	0
343	6	-1	0
6	126	-1	0
126	280	-1	0
280	268	-1	0
268	296	-1	0
296	488	-1	0
488	129	-1	0
129	300	-1	0
300	80	-1	0
80	353	-1	0
353	5	-1	0
5	71	-1	0
71	437	-1	0
437	337	-1	0
337	299	-1	0
299	395	-1	0
395	194	-1	0
194	13	-1	0
13	417	-1	0
417	320	-1	0
320	233	-1	0
233	49	-1	0
49	466	-1	0
466	396	-1	0
396	65	-1	0
65	123	-1	0
123	303	-1	0
303	46	-1	0
46	404	-1	0
404	73	-1	0
73	472	-1	0
472	461	-1	0
461	116	-1	0
116	351	-1	0
351	43	-1	0
43	326	-1	0
326	7	-1	0
7	156	-1	0
156	99	-1	0
99	242	-1	0
242	168	-1	0
168	327	-1	0
327	266	-1	0
266	418	-1	0
418	187	-1	0
187	262	-1	0
262	220	-1	0
220	368	-1	0
368	70	-1	0
70	231	-1	0
231	308	-1	0
308	273	-1	0
273	247	-1	0
247	149	-1	0
149	204	-1	0
204	42	-1	0
42	317	-1	0
317	467	-1	0
467	288	-1	0
288	425	-1	0
425	459	-1	0
459	206	-1	0
206	484	-1	0
484	419	-1	0
419	298	-1	0
298	285	-1	0
285	20	-1	0
20	124	-1	0
124	264	-1	0
264	130	-1	0
130	297	-1	0
297	386	-1	0
386	260	-1	0
260	415	-1	0
415	147	-1	0
147	212	-1	0
212	193	-1	0
193	382	-1	0
382	67	-1	0
67	35	-1	0
35	348	-1	0
348	439	-1	0
439	241	-1	0
241	104	-1	0
104	9	-1	0
9	443	-1	0
443	131	-1	0
131	452	-1	0
452	232	-1	0
232	251	-1	0
251	219	-1	0
219	375	-1	0
375	476	-1	0
476	188	-1	0
188	160	-1	0
160	432	-1	0
432	334	-1	0
334	78	-1	0
78	36	-1	0
36	84	-1	0
84	101	-1	0
101	154	-1	0
154	279	-1	0
279	38	-1	0
38	143	-1	0
143	371	-1	0
371	342	-1	0
342	74	-1	0
74	318	-1	0
318	153	-1	0
153	364	-1	0
364	172	-1	0
172	390	-1	0
390	383	-1	0
383	132	-1	0
132	433	-1	0
433	8	-1	0
8	325	-1	0
325	203	-1	0
203	48	-1	0
48	491	-1	0
491	91	-1	0
91	345	-1	0
345	12	-1	0
12	333	-1	0
333	109	-1	0
109	254	-1	0
254	394	-1	0
394	256	-1	0
256	198	-1	0
198	150	-1	0
150	349	-1	0
349	148	-1	0
148	170	-1	0
170	486	-1	0
486	238	-1	0
238	470	-1	0
470	400	-1	0
400	332	-1	0
332	85	-1	0
85	441	-1	0
441	77	-1	0
77	412	-1	0
412	487	-1	0
487	134	-1	0
134	228	-1	0
228	401	-1	0
401	105	-1	0
105	252	-1	0
252	227	-1	0
227	449	-1	0
449	87	-1	0
87	122	-1	0
122	495	-1	0
495	463	-1	0
463	291	-1	0
291	56	-1	0
56	16	-1	0
16	81	-1	0
81	270	-1	0
270	464	-1	0
464	402	-1	0
402	356	-1	0
356	69	-1	0
69	207	-1	0
207	121	-1	0
121	30	-1	0
30	423	-1	0
423	380	-1	0
380	234	-1	0
234	211	-1	0
211	468	-1	0
468	453	-1	0
453	359	-1	0
359	98	-1	0
98	62	-1	0
62	163	-1	0
163	230	-1	0
230	136	-1	0
136	4	-1	0
4	95	-1	0
95	0	-1	0
