/* Number of Operations */
100
/* List of Operations. */
/* Start	End	Fly	#Internal	Locations...*/
0	61	-1	0
61	52	-1	0
52	5	-1	0
5	92	-1	0
92	62	-1	0
62	4	-1	0
4	35	-1	0
35	94	-1	0
94	63	-1	0
63	75	-1	0
75	3	-1	0
3	34	-1	0
34	16	-1	0
16	20	-1	0
20	6	-1	0
6	24	-1	0
24	18	-1	0
18	56	-1	0
56	76	-1	0
76	79	-1	0
79	83	-1	0
83	58	-1	0
58	71	-1	0
71	81	-1	0
81	30	-1	0
30	44	-1	0
44	68	-1	0
68	72	-1	0
72	59	-1	0
59	91	-1	0
91	54	-1	0
54	29	-1	0
29	88	-1	0
88	38	-1	0
38	90	-1	0
90	73	-1	0
73	87	-1	0
87	41	-1	0
41	49	-1	0
49	36	-1	0
36	70	-1	0
70	39	-1	0
39	47	-1	0
47	86	-1	0
86	40	-1	0
40	55	-1	0
55	25	-1	0
25	11	-1	0
11	37	-1	0
37	57	-1	0
57	97	-1	0
97	26	-1	0
26	46	-1	0
46	27	-1	0
27	60	-1	0
60	84	-1	0
84	78	-1	0
78	12	-1	0
12	15	-1	0
15	66	-1	0
66	43	-1	0
43	17	-1	0
17	51	-1	0
51	9	-1	0
9	45	-1	0
45	1	-1	0
1	32	-1	0
32	53	-1	0
53	96	-1	0
96	82	-1	0
82	65	-1	0
65	14	-1	0
14	67	-1	0
67	50	-1	0
50	77	-1	0
77	21	-1	0
21	22	-1	0
22	2	-1	0
2	13	-1	0
13	31	-1	0
31	23	-1	0
23	7	-1	0
7	93	-1	0
93	33	-1	0
33	10	-1	0
10	69	-1	0
69	48	-1	0
48	64	-1	0
64	89	-1	0
89	85	-1	0
85	99	-1	0
99	98	-1	0
98	8	-1	0
8	19	-1	0
19	74	-1	0
74	42	-1	0
42	95	-1	0
95	80	-1	0
80	28	-1	0
28	0	-1	0
