/* Number of Operations */
100
/* List of Operations. */
/* Start	End	Fly	#Internal	Locations...*/
0	40	-1	0
40	83	-1	0
83	8	-1	0
8	79	-1	0
79	69	-1	0
69	18	-1	0
18	6	-1	0
6	53	-1	0
53	55	-1	0
55	4	-1	0
4	19	-1	0
19	63	-1	0
63	77	-1	0
77	60	-1	0
60	99	-1	0
99	33	-1	0
33	72	-1	0
72	70	-1	0
70	37	-1	0
37	93	-1	0
93	16	-1	0
16	23	-1	0
23	91	-1	0
91	36	-1	0
36	45	-1	0
45	10	-1	0
10	30	-1	0
30	11	-1	0
11	35	-1	0
35	49	-1	0
49	58	-1	0
58	27	-1	0
27	51	-1	0
51	14	-1	0
14	96	-1	0
96	68	-1	0
68	95	-1	0
95	73	-1	0
73	87	-1	0
87	31	-1	0
31	5	-1	0
5	75	-1	0
75	26	-1	0
26	7	-1	0
7	38	-1	0
38	85	-1	0
85	2	-1	0
2	59	-1	0
59	9	-1	0
9	66	-1	0
66	61	-1	0
61	67	-1	0
67	89	-1	0
89	86	-1	0
86	80	-1	0
80	78	-1	0
78	42	-1	0
42	13	-1	0
13	82	-1	0
82	64	-1	0
64	39	-1	0
39	41	-1	0
41	62	-1	0
62	22	-1	0
22	47	-1	0
47	43	-1	0
43	46	-1	0
46	15	-1	0
15	34	-1	0
34	17	-1	0
17	50	-1	0
50	3	-1	0
3	56	-1	0
56	90	-1	0
90	54	-1	0
54	65	-1	0
65	32	-1	0
32	92	-1	0
92	29	-1	0
29	44	-1	0
44	94	-1	0
94	28	-1	0
28	84	-1	0
84	25	-1	0
25	57	-1	0
57	74	-1	0
74	48	-1	0
48	97	-1	0
97	20	-1	0
20	21	-1	0
21	71	-1	0
71	81	-1	0
81	1	-1	0
1	52	-1	0
52	88	-1	0
88	98	-1	0
98	12	-1	0
12	76	-1	0
76	24	-1	0
24	0	-1	0
