/* Number of Operations */
100
/* List of Operations. */
/* Start	End	Fly	#Internal	Locations...*/
0	8	-1	0
8	28	-1	0
28	53	-1	0
53	22	-1	0
22	4	-1	0
4	70	-1	0
70	2	-1	0
2	97	-1	0
97	21	-1	0
21	69	-1	0
69	79	-1	0
79	67	-1	0
67	49	-1	0
49	94	-1	0
94	55	-1	0
55	42	-1	0
42	20	-1	0
20	75	-1	0
75	77	-1	0
77	43	-1	0
43	26	-1	0
26	63	-1	0
63	74	-1	0
74	92	-1	0
92	57	-1	0
57	71	-1	0
71	89	-1	0
89	93	-1	0
93	29	-1	0
29	83	-1	0
83	52	-1	0
52	60	-1	0
60	62	-1	0
62	31	-1	0
31	88	-1	0
88	33	-1	0
33	6	-1	0
6	98	-1	0
98	5	-1	0
5	40	-1	0
40	36	-1	0
36	30	-1	0
30	87	-1	0
87	78	-1	0
78	39	-1	0
39	14	-1	0
14	81	-1	0
81	35	-1	0
35	12	-1	0
12	72	-1	0
72	76	-1	0
76	61	-1	0
61	16	-1	0
16	68	-1	0
68	7	-1	0
7	44	-1	0
44	59	-1	0
59	84	-1	0
84	90	-1	0
90	17	-1	0
17	32	-1	0
32	27	-1	0
27	25	-1	0
25	47	-1	0
47	66	-1	0
66	48	-1	0
48	58	-1	0
58	91	-1	0
91	10	-1	0
10	37	-1	0
37	86	-1	0
86	19	-1	0
19	18	-1	0
18	85	-1	0
85	1	-1	0
1	80	-1	0
80	3	-1	0
3	56	-1	0
56	96	-1	0
96	65	-1	0
65	41	-1	0
41	38	-1	0
38	45	-1	0
45	9	-1	0
9	24	-1	0
24	54	-1	0
54	99	-1	0
99	50	-1	0
50	73	-1	0
73	51	-1	0
51	95	-1	0
95	82	-1	0
82	11	-1	0
11	46	-1	0
46	64	-1	0
64	15	-1	0
15	34	-1	0
34	13	-1	0
13	23	-1	0
23	0	-1	0
