/* Number of Operations */
250
/* List of Operations. */
/* Start	End	Fly	#Internal	Locations...*/
0	169	-1	0
169	100	-1	0
100	99	-1	0
99	163	-1	0
163	89	-1	0
89	123	-1	0
123	137	-1	0
137	39	-1	0
39	234	-1	0
234	26	-1	0
26	107	-1	0
107	101	-1	0
101	187	-1	0
187	126	-1	0
126	136	-1	0
136	238	-1	0
238	48	-1	0
48	146	-1	0
146	62	-1	0
62	135	-1	0
135	12	-1	0
12	29	-1	0
29	114	-1	0
114	178	-1	0
178	115	-1	0
115	59	-1	0
59	92	-1	0
92	186	-1	0
186	211	-1	0
211	175	-1	0
175	38	-1	0
38	68	-1	0
68	189	-1	0
189	233	-1	0
233	197	-1	0
197	88	-1	0
88	122	-1	0
122	18	-1	0
18	2	-1	0
2	214	-1	0
214	160	-1	0
160	235	-1	0
235	76	-1	0
76	132	-1	0
132	43	-1	0
43	116	-1	0
116	190	-1	0
190	72	-1	0
72	174	-1	0
174	155	-1	0
155	46	-1	0
46	227	-1	0
227	148	-1	0
148	69	-1	0
69	215	-1	0
215	191	-1	0
191	183	-1	0
183	41	-1	0
41	164	-1	0
164	19	-1	0
19	195	-1	0
195	87	-1	0
87	165	-1	0
165	188	-1	0
188	236	-1	0
236	179	-1	0
179	207	-1	0
207	118	-1	0
118	16	-1	0
16	56	-1	0
56	210	-1	0
210	229	-1	0
229	28	-1	0
28	247	-1	0
247	78	-1	0
78	144	-1	0
144	199	-1	0
199	60	-1	0
60	8	-1	0
8	91	-1	0
91	139	-1	0
139	240	-1	0
240	13	-1	0
13	130	-1	0
130	5	-1	0
5	143	-1	0
143	150	-1	0
150	119	-1	0
119	203	-1	0
203	33	-1	0
33	225	-1	0
225	239	-1	0
239	90	-1	0
90	161	-1	0
161	202	-1	0
202	194	-1	0
194	27	-1	0
27	192	-1	0
192	3	-1	0
3	241	-1	0
241	103	-1	0
103	77	-1	0
77	65	-1	0
65	152	-1	0
152	55	-1	0
55	204	-1	0
204	158	-1	0
158	124	-1	0
124	201	-1	0
201	22	-1	0
22	49	-1	0
49	97	-1	0
97	15	-1	0
15	159	-1	0
159	80	-1	0
80	212	-1	0
212	133	-1	0
133	112	-1	0
112	237	-1	0
237	193	-1	0
193	1	-1	0
1	153	-1	0
153	208	-1	0
208	171	-1	0
171	219	-1	0
219	245	-1	0
245	95	-1	0
95	67	-1	0
67	248	-1	0
248	246	-1	0
246	127	-1	0
127	109	-1	0
109	221	-1	0
221	30	-1	0
30	244	-1	0
244	113	-1	0
113	228	-1	0
228	14	-1	0
14	213	-1	0
213	71	-1	0
71	20	-1	0
20	93	-1	0
93	206	-1	0
206	198	-1	0
198	83	-1	0
83	94	-1	0
94	242	-1	0
242	134	-1	0
134	57	-1	0
57	220	-1	0
220	154	-1	0
154	157	-1	0
157	37	-1	0
37	82	-1	0
82	230	-1	0
230	10	-1	0
10	217	-1	0
217	32	-1	0
32	128	-1	0
128	249	-1	0
249	47	-1	0
47	117	-1	0
117	40	-1	0
40	180	-1	0
180	35	-1	0
35	36	-1	0
36	9	-1	0
9	209	-1	0
209	120	-1	0
120	84	-1	0
84	182	-1	0
182	166	-1	0
166	66	-1	0
66	226	-1	0
226	21	-1	0
21	98	-1	0
98	86	-1	0
86	79	-1	0
79	54	-1	0
54	73	-1	0
73	156	-1	0
156	176	-1	0
176	170	-1	0
170	106	-1	0
106	85	-1	0
85	75	-1	0
75	131	-1	0
131	74	-1	0
74	142	-1	0
142	218	-1	0
218	110	-1	0
110	105	-1	0
105	44	-1	0
44	4	-1	0
4	51	-1	0
51	104	-1	0
104	138	-1	0
138	45	-1	0
45	50	-1	0
50	7	-1	0
7	149	-1	0
149	108	-1	0
108	17	-1	0
17	125	-1	0
125	196	-1	0
196	185	-1	0
185	184	-1	0
184	63	-1	0
63	61	-1	0
61	162	-1	0
162	222	-1	0
222	140	-1	0
140	53	-1	0
53	141	-1	0
141	96	-1	0
96	11	-1	0
11	34	-1	0
34	172	-1	0
172	173	-1	0
173	147	-1	0
147	216	-1	0
216	129	-1	0
129	23	-1	0
23	243	-1	0
243	6	-1	0
6	31	-1	0
31	111	-1	0
111	223	-1	0
223	181	-1	0
181	145	-1	0
145	70	-1	0
70	64	-1	0
64	81	-1	0
81	205	-1	0
205	200	-1	0
200	24	-1	0
24	167	-1	0
167	25	-1	0
25	224	-1	0
224	231	-1	0
231	151	-1	0
151	177	-1	0
177	232	-1	0
232	42	-1	0
42	121	-1	0
121	58	-1	0
58	102	-1	0
102	52	-1	0
52	168	-1	0
168	0	-1	0
