/* Number of Operations */
50
/* List of Operations. */
/* Start	End	Fly	#Internal	Locations...*/
0	46	-1	0
46	12	-1	0
12	29	-1	0
29	48	-1	0
48	10	-1	0
10	4	-1	0
4	41	-1	0
41	40	-1	0
40	11	-1	0
11	39	-1	0
39	7	-1	0
7	22	-1	0
22	45	-1	0
45	47	-1	0
47	49	-1	0
49	1	-1	0
1	32	-1	0
32	5	-1	0
5	20	-1	0
20	38	-1	0
38	2	-1	0
2	9	-1	0
9	43	-1	0
43	25	-1	0
25	13	-1	0
13	6	-1	0
6	18	-1	0
18	15	-1	0
15	31	-1	0
31	26	-1	0
26	44	-1	0
44	30	-1	0
30	8	-1	0
8	23	-1	0
23	14	-1	0
14	36	-1	0
36	42	-1	0
42	3	-1	0
3	24	-1	0
24	19	-1	0
19	28	-1	0
28	35	-1	0
35	33	-1	0
33	37	-1	0
37	34	-1	0
34	16	-1	0
16	17	-1	0
17	27	-1	0
27	21	-1	0
21	0	-1	0
