/* Number of Operations */
250
/* List of Operations. */
/* Start	End	Fly	#Internal	Locations...*/
0	96	-1	0
96	124	-1	0
124	155	-1	0
155	199	-1	0
199	71	-1	0
71	130	-1	0
130	221	-1	0
221	16	-1	0
16	116	-1	0
116	15	-1	0
15	223	-1	0
223	235	-1	0
235	161	-1	0
161	92	-1	0
92	109	-1	0
109	59	-1	0
59	146	-1	0
146	2	-1	0
2	13	-1	0
13	184	-1	0
184	29	-1	0
29	42	-1	0
42	110	-1	0
110	47	-1	0
47	229	-1	0
229	61	-1	0
61	34	-1	0
34	200	-1	0
200	208	-1	0
208	82	-1	0
82	44	-1	0
44	1	-1	0
1	85	-1	0
85	28	-1	0
28	186	-1	0
186	21	-1	0
21	99	-1	0
99	157	-1	0
157	171	-1	0
171	187	-1	0
187	230	-1	0
230	191	-1	0
191	10	-1	0
10	123	-1	0
123	143	-1	0
143	195	-1	0
195	78	-1	0
78	91	-1	0
91	50	-1	0
50	138	-1	0
138	46	-1	0
46	154	-1	0
154	19	-1	0
19	112	-1	0
112	95	-1	0
95	53	-1	0
53	58	-1	0
58	177	-1	0
177	197	-1	0
197	225	-1	0
225	94	-1	0
94	165	-1	0
165	52	-1	0
52	105	-1	0
105	76	-1	0
76	48	-1	0
48	236	-1	0
236	213	-1	0
213	77	-1	0
77	54	-1	0
54	173	-1	0
173	164	-1	0
164	80	-1	0
80	219	-1	0
219	9	-1	0
9	97	-1	0
97	190	-1	0
190	45	-1	0
45	39	-1	0
39	214	-1	0
214	220	-1	0
220	103	-1	0
103	144	-1	0
144	64	-1	0
64	114	-1	0
114	22	-1	0
22	20	-1	0
20	182	-1	0
182	192	-1	0
192	88	-1	0
88	11	-1	0
11	40	-1	0
40	104	-1	0
104	33	-1	0
33	211	-1	0
211	150	-1	0
150	125	-1	0
125	55	-1	0
55	224	-1	0
224	3	-1	0
3	241	-1	0
241	62	-1	0
62	206	-1	0
206	75	-1	0
75	204	-1	0
204	69	-1	0
69	149	-1	0
149	7	-1	0
7	198	-1	0
198	89	-1	0
89	145	-1	0
145	216	-1	0
216	38	-1	0
38	203	-1	0
203	193	-1	0
193	135	-1	0
135	136	-1	0
136	119	-1	0
119	172	-1	0
172	118	-1	0
118	156	-1	0
156	60	-1	0
60	163	-1	0
163	51	-1	0
51	113	-1	0
113	127	-1	0
127	12	-1	0
12	5	-1	0
5	231	-1	0
231	160	-1	0
160	128	-1	0
128	222	-1	0
222	246	-1	0
246	178	-1	0
178	158	-1	0
158	152	-1	0
152	180	-1	0
180	234	-1	0
234	202	-1	0
202	175	-1	0
175	32	-1	0
32	120	-1	0
120	83	-1	0
83	179	-1	0
179	72	-1	0
72	126	-1	0
126	102	-1	0
102	84	-1	0
84	218	-1	0
218	176	-1	0
176	151	-1	0
151	148	-1	0
148	188	-1	0
188	37	-1	0
37	43	-1	0
43	106	-1	0
106	86	-1	0
86	74	-1	0
74	57	-1	0
57	226	-1	0
226	243	-1	0
243	167	-1	0
167	169	-1	0
169	232	-1	0
232	68	-1	0
68	63	-1	0
63	237	-1	0
237	168	-1	0
168	111	-1	0
111	17	-1	0
17	81	-1	0
81	66	-1	0
66	4	-1	0
4	174	-1	0
174	227	-1	0
227	117	-1	0
117	67	-1	0
67	93	-1	0
93	108	-1	0
108	196	-1	0
196	183	-1	0
183	122	-1	0
122	65	-1	0
65	79	-1	0
79	244	-1	0
244	121	-1	0
121	30	-1	0
30	233	-1	0
233	249	-1	0
249	147	-1	0
147	101	-1	0
101	107	-1	0
107	87	-1	0
87	24	-1	0
24	31	-1	0
31	140	-1	0
140	90	-1	0
90	153	-1	0
153	238	-1	0
238	35	-1	0
35	133	-1	0
133	209	-1	0
209	56	-1	0
56	245	-1	0
245	139	-1	0
139	194	-1	0
194	36	-1	0
36	129	-1	0
129	18	-1	0
18	23	-1	0
23	141	-1	0
141	73	-1	0
73	166	-1	0
166	131	-1	0
131	6	-1	0
6	14	-1	0
14	240	-1	0
240	239	-1	0
239	132	-1	0
132	207	-1	0
207	137	-1	0
137	228	-1	0
228	247	-1	0
247	8	-1	0
8	41	-1	0
41	27	-1	0
27	134	-1	0
134	142	-1	0
142	210	-1	0
210	70	-1	0
70	181	-1	0
181	25	-1	0
25	212	-1	0
212	49	-1	0
49	242	-1	0
242	248	-1	0
248	170	-1	0
170	201	-1	0
201	98	-1	0
98	115	-1	0
115	162	-1	0
162	215	-1	0
215	100	-1	0
100	185	-1	0
185	159	-1	0
159	189	-1	0
189	217	-1	0
217	205	-1	0
205	26	-1	0
26	0	-1	0
