/* Number of Operations */
500
/* List of Operations. */
/* Start	End	Fly	#Internal	Locations...*/
0	54	-1	0
54	267	-1	0
267	311	-1	0
311	429	-1	0
429	475	-1	0
475	382	-1	0
382	218	-1	0
218	59	-1	0
59	392	-1	0
392	46	-1	0
46	283	-1	0
283	348	-1	0
348	86	-1	0
86	399	-1	0
399	166	-1	0
166	287	-1	0
287	109	-1	0
109	245	-1	0
245	410	-1	0
410	233	-1	0
233	244	-1	0
244	61	-1	0
61	209	-1	0
209	327	-1	0
327	169	-1	0
169	437	-1	0
437	308	-1	0
308	144	-1	0
144	329	-1	0
329	129	-1	0
129	197	-1	0
197	483	-1	0
483	35	-1	0
35	8	-1	0
8	436	-1	0
436	99	-1	0
99	433	-1	0
433	381	-1	0
381	464	-1	0
464	496	-1	0
496	444	-1	0
444	10	-1	0
10	295	-1	0
295	393	-1	0
393	181	-1	0
181	331	-1	0
331	468	-1	0
468	100	-1	0
100	65	-1	0
65	58	-1	0
58	451	-1	0
451	71	-1	0
71	335	-1	0
335	420	-1	0
420	443	-1	0
443	189	-1	0
189	231	-1	0
231	149	-1	0
149	256	-1	0
256	493	-1	0
493	237	-1	0
237	419	-1	0
419	230	-1	0
230	48	-1	0
48	303	-1	0
303	50	-1	0
50	168	-1	0
168	400	-1	0
400	385	-1	0
385	387	-1	0
387	481	-1	0
481	395	-1	0
395	286	-1	0
286	476	-1	0
476	44	-1	0
44	321	-1	0
321	1	-1	0
1	171	-1	0
171	31	-1	0
31	402	-1	0
402	34	-1	0
34	26	-1	0
26	124	-1	0
124	223	-1	0
223	490	-1	0
490	301	-1	0
301	89	-1	0
89	320	-1	0
320	360	-1	0
360	264	-1	0
264	41	-1	0
41	260	-1	0
260	130	-1	0
130	259	-1	0
259	442	-1	0
442	219	-1	0
219	300	-1	0
300	330	-1	0
330	29	-1	0
29	183	-1	0
183	85	-1	0
85	76	-1	0
76	262	-1	0
262	346	-1	0
346	97	-1	0
97	20	-1	0
20	394	-1	0
394	302	-1	0
302	325	-1	0
325	115	-1	0
115	366	-1	0
366	424	-1	0
424	127	-1	0
127	397	-1	0
397	254	-1	0
254	336	-1	0
336	160	-1	0
160	313	-1	0
313	211	-1	0
211	214	-1	0
214	362	-1	0
362	196	-1	0
196	222	-1	0
222	117	-1	0
117	341	-1	0
341	376	-1	0
376	243	-1	0
243	17	-1	0
17	72	-1	0
72	206	-1	0
206	175	-1	0
175	274	-1	0
274	16	-1	0
16	205	-1	0
205	30	-1	0
30	390	-1	0
390	240	-1	0
240	289	-1	0
289	4	-1	0
4	268	-1	0
268	273	-1	0
273	458	-1	0
458	162	-1	0
162	247	-1	0
247	90	-1	0
90	388	-1	0
388	91	-1	0
91	180	-1	0
180	165	-1	0
165	53	-1	0
53	439	-1	0
439	337	-1	0
337	312	-1	0
312	150	-1	0
150	232	-1	0
232	370	-1	0
370	79	-1	0
79	45	-1	0
45	159	-1	0
159	221	-1	0
221	133	-1	0
133	19	-1	0
19	220	-1	0
220	74	-1	0
74	39	-1	0
39	485	-1	0
485	294	-1	0
294	431	-1	0
431	479	-1	0
479	292	-1	0
292	207	-1	0
207	486	-1	0
486	112	-1	0
112	279	-1	0
279	18	-1	0
18	38	-1	0
38	463	-1	0
463	251	-1	0
251	305	-1	0
305	282	-1	0
282	23	-1	0
23	49	-1	0
49	314	-1	0
314	477	-1	0
477	246	-1	0
246	460	-1	0
460	407	-1	0
407	235	-1	0
235	248	-1	0
248	88	-1	0
88	110	-1	0
110	275	-1	0
275	271	-1	0
271	111	-1	0
111	494	-1	0
494	499	-1	0
499	474	-1	0
474	445	-1	0
445	456	-1	0
456	191	-1	0
191	213	-1	0
213	284	-1	0
284	351	-1	0
351	296	-1	0
296	432	-1	0
432	202	-1	0
202	228	-1	0
228	250	-1	0
250	469	-1	0
469	371	-1	0
371	446	-1	0
446	63	-1	0
63	242	-1	0
242	406	-1	0
406	398	-1	0
398	132	-1	0
132	125	-1	0
125	408	-1	0
408	142	-1	0
142	198	-1	0
198	363	-1	0
363	417	-1	0
417	81	-1	0
81	441	-1	0
441	491	-1	0
491	307	-1	0
307	7	-1	0
7	179	-1	0
179	252	-1	0
252	438	-1	0
438	217	-1	0
217	11	-1	0
11	227	-1	0
227	470	-1	0
470	328	-1	0
328	121	-1	0
121	216	-1	0
216	201	-1	0
201	361	-1	0
361	108	-1	0
108	369	-1	0
369	51	-1	0
51	339	-1	0
339	154	-1	0
154	186	-1	0
186	288	-1	0
288	306	-1	0
306	265	-1	0
265	188	-1	0
188	368	-1	0
368	178	-1	0
178	212	-1	0
212	404	-1	0
404	338	-1	0
338	425	-1	0
425	146	-1	0
146	386	-1	0
386	365	-1	0
365	422	-1	0
422	453	-1	0
453	57	-1	0
57	36	-1	0
36	357	-1	0
357	352	-1	0
352	383	-1	0
383	32	-1	0
32	241	-1	0
241	25	-1	0
25	471	-1	0
471	42	-1	0
42	182	-1	0
182	452	-1	0
452	208	-1	0
208	495	-1	0
495	157	-1	0
157	119	-1	0
119	391	-1	0
391	435	-1	0
435	426	-1	0
426	498	-1	0
498	342	-1	0
342	455	-1	0
455	375	-1	0
375	379	-1	0
379	47	-1	0
47	135	-1	0
135	263	-1	0
263	40	-1	0
40	187	-1	0
187	434	-1	0
434	326	-1	0
326	448	-1	0
448	83	-1	0
83	266	-1	0
266	299	-1	0
299	152	-1	0
152	194	-1	0
194	447	-1	0
447	37	-1	0
37	269	-1	0
269	226	-1	0
226	33	-1	0
33	293	-1	0
293	401	-1	0
401	423	-1	0
423	14	-1	0
14	98	-1	0
98	290	-1	0
290	113	-1	0
113	309	-1	0
309	472	-1	0
472	62	-1	0
62	163	-1	0
163	176	-1	0
176	497	-1	0
497	5	-1	0
5	69	-1	0
69	94	-1	0
94	277	-1	0
277	102	-1	0
102	138	-1	0
138	107	-1	0
107	421	-1	0
421	12	-1	0
12	334	-1	0
334	384	-1	0
384	310	-1	0
310	450	-1	0
450	350	-1	0
350	75	-1	0
75	156	-1	0
156	238	-1	0
238	105	-1	0
105	13	-1	0
13	411	-1	0
411	412	-1	0
412	215	-1	0
215	459	-1	0
459	161	-1	0
161	70	-1	0
70	126	-1	0
126	78	-1	0
78	170	-1	0
170	185	-1	0
185	373	-1	0
373	229	-1	0
229	380	-1	0
380	249	-1	0
249	3	-1	0
3	204	-1	0
204	118	-1	0
118	139	-1	0
139	43	-1	0
43	15	-1	0
15	353	-1	0
353	428	-1	0
428	467	-1	0
467	418	-1	0
418	489	-1	0
489	276	-1	0
276	318	-1	0
318	291	-1	0
291	104	-1	0
104	167	-1	0
167	354	-1	0
354	21	-1	0
21	116	-1	0
116	457	-1	0
457	239	-1	0
239	55	-1	0
55	343	-1	0
343	377	-1	0
377	340	-1	0
340	60	-1	0
60	224	-1	0
224	281	-1	0
281	236	-1	0
236	92	-1	0
92	225	-1	0
225	128	-1	0
128	177	-1	0
177	192	-1	0
192	389	-1	0
389	355	-1	0
355	347	-1	0
347	6	-1	0
6	319	-1	0
319	147	-1	0
147	73	-1	0
73	173	-1	0
173	96	-1	0
96	199	-1	0
199	440	-1	0
440	322	-1	0
322	345	-1	0
345	80	-1	0
80	77	-1	0
77	158	-1	0
158	344	-1	0
344	349	-1	0
349	210	-1	0
210	145	-1	0
145	101	-1	0
101	427	-1	0
427	172	-1	0
172	405	-1	0
405	258	-1	0
258	278	-1	0
278	323	-1	0
323	9	-1	0
9	84	-1	0
84	332	-1	0
332	24	-1	0
24	270	-1	0
270	143	-1	0
143	22	-1	0
22	272	-1	0
272	136	-1	0
136	141	-1	0
141	480	-1	0
480	87	-1	0
87	466	-1	0
466	164	-1	0
164	255	-1	0
255	95	-1	0
95	484	-1	0
484	82	-1	0
82	482	-1	0
482	415	-1	0
415	253	-1	0
253	372	-1	0
372	488	-1	0
488	416	-1	0
416	28	-1	0
28	478	-1	0
478	316	-1	0
316	462	-1	0
462	190	-1	0
190	364	-1	0
364	333	-1	0
333	315	-1	0
315	27	-1	0
27	153	-1	0
153	134	-1	0
134	203	-1	0
203	66	-1	0
66	195	-1	0
195	297	-1	0
297	304	-1	0
304	131	-1	0
131	93	-1	0
93	324	-1	0
324	465	-1	0
465	473	-1	0
473	148	-1	0
148	64	-1	0
64	317	-1	0
317	174	-1	0
174	137	-1	0
137	358	-1	0
358	492	-1	0
492	449	-1	0
449	234	-1	0
234	200	-1	0
200	68	-1	0
68	414	-1	0
414	367	-1	0
367	123	-1	0
123	56	-1	0
56	409	-1	0
409	413	-1	0
413	396	-1	0
396	120	-1	0
120	114	-1	0
114	403	-1	0
403	461	-1	0
461	155	-1	0
155	52	-1	0
52	378	-1	0
378	298	-1	0
298	454	-1	0
454	356	-1	0
356	285	-1	0
285	487	-1	0
487	193	-1	0
193	261	-1	0
261	67	-1	0
67	374	-1	0
374	430	-1	0
430	103	-1	0
103	151	-1	0
151	106	-1	0
106	2	-1	0
2	122	-1	0
122	184	-1	0
184	280	-1	0
280	359	-1	0
359	140	-1	0
140	257	-1	0
257	0	-1	0
