/* Number of Operations */
50
/* List of Operations. */
/* Start	End	Fly	#Internal	Locations...*/
0	28	-1	0
28	35	-1	0
35	11	-1	0
11	10	-1	0
10	14	-1	0
14	21	-1	0
21	32	-1	0
32	45	-1	0
45	49	-1	0
49	33	-1	0
33	8	-1	0
8	37	-1	0
37	12	-1	0
12	6	-1	0
6	46	-1	0
46	23	-1	0
23	30	-1	0
30	39	-1	0
39	34	-1	0
34	41	-1	0
41	31	-1	0
31	27	-1	0
27	4	-1	0
4	29	-1	0
29	19	-1	0
19	40	-1	0
40	48	-1	0
48	26	-1	0
26	7	-1	0
7	47	-1	0
47	38	-1	0
38	1	-1	0
1	17	-1	0
17	44	-1	0
44	15	-1	0
15	43	-1	0
43	25	-1	0
25	24	-1	0
24	20	-1	0
20	13	-1	0
13	42	-1	0
42	5	-1	0
5	2	-1	0
2	36	-1	0
36	3	-1	0
3	9	-1	0
9	16	-1	0
16	22	-1	0
22	18	-1	0
18	0	-1	0
