/* Number of Operations */
500
/* List of Operations. */
/* Start	End	Fly	#Internal	Locations...*/
0	185	-1	0
185	308	-1	0
308	266	-1	0
266	444	-1	0
444	114	-1	0
114	110	-1	0
110	45	-1	0
45	285	-1	0
285	313	-1	0
313	336	-1	0
336	493	-1	0
493	474	-1	0
474	317	-1	0
317	209	-1	0
209	106	-1	0
106	81	-1	0
81	264	-1	0
264	116	-1	0
116	276	-1	0
276	280	-1	0
280	298	-1	0
298	406	-1	0
406	232	-1	0
232	28	-1	0
28	251	-1	0
251	21	-1	0
21	40	-1	0
40	77	-1	0
77	301	-1	0
301	99	-1	0
99	473	-1	0
473	243	-1	0
243	265	-1	0
265	287	-1	0
287	220	-1	0
220	55	-1	0
55	190	-1	0
190	226	-1	0
226	282	-1	0
282	412	-1	0
412	228	-1	0
228	469	-1	0
469	207	-1	0
207	43	-1	0
43	461	-1	0
461	91	-1	0
91	498	-1	0
498	90	-1	0
90	255	-1	0
255	446	-1	0
446	441	-1	0
441	89	-1	0
89	448	-1	0
448	338	-1	0
338	362	-1	0
362	318	-1	0
318	353	-1	0
353	204	-1	0
204	163	-1	0
163	126	-1	0
126	172	-1	0
172	12	-1	0
12	405	-1	0
405	375	-1	0
375	398	-1	0
398	96	-1	0
96	329	-1	0
329	147	-1	0
147	78	-1	0
78	103	-1	0
103	222	-1	0
222	472	-1	0
472	161	-1	0
161	426	-1	0
426	175	-1	0
175	22	-1	0
22	56	-1	0
56	225	-1	0
225	305	-1	0
305	72	-1	0
72	174	-1	0
174	483	-1	0
483	36	-1	0
36	34	-1	0
34	166	-1	0
166	19	-1	0
19	481	-1	0
481	60	-1	0
60	364	-1	0
364	283	-1	0
283	57	-1	0
57	314	-1	0
314	165	-1	0
165	424	-1	0
424	37	-1	0
37	322	-1	0
322	122	-1	0
122	48	-1	0
48	213	-1	0
213	321	-1	0
321	379	-1	0
379	69	-1	0
69	391	-1	0
391	366	-1	0
366	164	-1	0
164	30	-1	0
30	162	-1	0
162	85	-1	0
85	428	-1	0
428	62	-1	0
62	29	-1	0
29	456	-1	0
456	452	-1	0
452	100	-1	0
100	479	-1	0
479	459	-1	0
459	297	-1	0
297	392	-1	0
392	179	-1	0
179	212	-1	0
212	66	-1	0
66	98	-1	0
98	374	-1	0
374	475	-1	0
475	49	-1	0
49	458	-1	0
458	238	-1	0
238	156	-1	0
156	478	-1	0
478	95	-1	0
95	92	-1	0
92	9	-1	0
9	109	-1	0
109	1	-1	0
1	413	-1	0
413	350	-1	0
350	462	-1	0
462	215	-1	0
215	355	-1	0
355	344	-1	0
344	64	-1	0
64	206	-1	0
206	346	-1	0
346	112	-1	0
112	241	-1	0
241	319	-1	0
319	410	-1	0
410	10	-1	0
10	74	-1	0
74	47	-1	0
47	260	-1	0
260	361	-1	0
361	463	-1	0
463	315	-1	0
315	176	-1	0
176	457	-1	0
457	476	-1	0
476	316	-1	0
316	54	-1	0
54	83	-1	0
83	332	-1	0
332	108	-1	0
108	249	-1	0
249	422	-1	0
422	407	-1	0
407	94	-1	0
94	494	-1	0
494	199	-1	0
199	432	-1	0
432	227	-1	0
227	104	-1	0
104	300	-1	0
300	307	-1	0
307	15	-1	0
15	239	-1	0
239	341	-1	0
341	231	-1	0
231	425	-1	0
425	16	-1	0
16	278	-1	0
278	348	-1	0
348	492	-1	0
492	44	-1	0
44	460	-1	0
460	84	-1	0
84	431	-1	0
431	46	-1	0
46	32	-1	0
32	186	-1	0
186	491	-1	0
491	223	-1	0
223	124	-1	0
124	496	-1	0
496	295	-1	0
295	365	-1	0
365	141	-1	0
141	73	-1	0
73	384	-1	0
384	277	-1	0
277	262	-1	0
262	310	-1	0
310	330	-1	0
330	38	-1	0
38	286	-1	0
286	453	-1	0
453	8	-1	0
8	284	-1	0
284	211	-1	0
211	154	-1	0
154	333	-1	0
333	158	-1	0
158	443	-1	0
443	61	-1	0
61	343	-1	0
343	394	-1	0
394	111	-1	0
111	184	-1	0
184	86	-1	0
86	349	-1	0
349	360	-1	0
360	167	-1	0
167	368	-1	0
368	371	-1	0
371	76	-1	0
76	181	-1	0
181	3	-1	0
3	105	-1	0
105	131	-1	0
131	367	-1	0
367	414	-1	0
414	268	-1	0
268	485	-1	0
485	2	-1	0
2	93	-1	0
93	148	-1	0
148	193	-1	0
193	468	-1	0
468	429	-1	0
429	125	-1	0
125	490	-1	0
490	292	-1	0
292	288	-1	0
288	192	-1	0
192	208	-1	0
208	436	-1	0
436	323	-1	0
323	359	-1	0
359	447	-1	0
447	50	-1	0
50	497	-1	0
497	70	-1	0
70	261	-1	0
261	434	-1	0
434	121	-1	0
121	117	-1	0
117	421	-1	0
421	188	-1	0
188	275	-1	0
275	440	-1	0
440	433	-1	0
433	202	-1	0
202	194	-1	0
194	159	-1	0
159	221	-1	0
221	380	-1	0
380	442	-1	0
442	240	-1	0
240	137	-1	0
137	183	-1	0
183	270	-1	0
270	33	-1	0
33	273	-1	0
273	178	-1	0
178	449	-1	0
449	416	-1	0
416	217	-1	0
217	409	-1	0
409	396	-1	0
396	455	-1	0
455	347	-1	0
347	489	-1	0
489	397	-1	0
397	294	-1	0
294	438	-1	0
438	354	-1	0
354	401	-1	0
401	465	-1	0
465	437	-1	0
437	58	-1	0
58	417	-1	0
417	200	-1	0
200	272	-1	0
272	102	-1	0
102	233	-1	0
233	383	-1	0
383	153	-1	0
153	151	-1	0
151	195	-1	0
195	168	-1	0
168	191	-1	0
191	430	-1	0
430	160	-1	0
160	79	-1	0
79	17	-1	0
17	320	-1	0
320	471	-1	0
471	291	-1	0
291	352	-1	0
352	120	-1	0
120	42	-1	0
42	244	-1	0
244	242	-1	0
242	129	-1	0
129	327	-1	0
327	139	-1	0
139	482	-1	0
482	68	-1	0
68	20	-1	0
20	267	-1	0
267	390	-1	0
390	216	-1	0
216	334	-1	0
334	487	-1	0
487	299	-1	0
299	205	-1	0
205	439	-1	0
439	107	-1	0
107	357	-1	0
357	7	-1	0
7	39	-1	0
39	450	-1	0
450	52	-1	0
52	23	-1	0
23	386	-1	0
386	252	-1	0
252	408	-1	0
408	393	-1	0
393	279	-1	0
279	400	-1	0
400	312	-1	0
312	27	-1	0
27	248	-1	0
248	377	-1	0
377	133	-1	0
133	259	-1	0
259	253	-1	0
253	123	-1	0
123	136	-1	0
136	127	-1	0
127	385	-1	0
385	218	-1	0
218	201	-1	0
201	132	-1	0
132	189	-1	0
189	293	-1	0
293	118	-1	0
118	196	-1	0
196	402	-1	0
402	376	-1	0
376	150	-1	0
150	134	-1	0
134	88	-1	0
88	281	-1	0
281	152	-1	0
152	326	-1	0
326	4	-1	0
4	13	-1	0
13	403	-1	0
403	274	-1	0
274	309	-1	0
309	182	-1	0
182	358	-1	0
358	427	-1	0
427	245	-1	0
245	247	-1	0
247	499	-1	0
499	230	-1	0
230	18	-1	0
18	173	-1	0
173	198	-1	0
198	304	-1	0
304	87	-1	0
87	197	-1	0
197	144	-1	0
144	435	-1	0
435	187	-1	0
187	378	-1	0
378	271	-1	0
271	31	-1	0
31	71	-1	0
71	454	-1	0
454	415	-1	0
415	464	-1	0
464	246	-1	0
246	306	-1	0
306	119	-1	0
119	146	-1	0
146	75	-1	0
75	340	-1	0
340	351	-1	0
351	325	-1	0
325	203	-1	0
203	258	-1	0
258	257	-1	0
257	234	-1	0
234	420	-1	0
420	302	-1	0
302	149	-1	0
149	290	-1	0
290	6	-1	0
6	14	-1	0
14	342	-1	0
342	214	-1	0
214	177	-1	0
177	224	-1	0
224	53	-1	0
53	296	-1	0
296	59	-1	0
59	303	-1	0
303	145	-1	0
145	11	-1	0
11	82	-1	0
82	97	-1	0
97	171	-1	0
171	388	-1	0
388	337	-1	0
337	130	-1	0
130	51	-1	0
51	140	-1	0
140	5	-1	0
5	269	-1	0
269	339	-1	0
339	382	-1	0
382	345	-1	0
345	381	-1	0
381	387	-1	0
387	115	-1	0
115	157	-1	0
157	484	-1	0
484	389	-1	0
389	229	-1	0
229	128	-1	0
128	113	-1	0
113	235	-1	0
235	138	-1	0
138	331	-1	0
331	237	-1	0
237	24	-1	0
24	155	-1	0
155	411	-1	0
411	480	-1	0
480	169	-1	0
169	236	-1	0
236	210	-1	0
210	423	-1	0
423	372	-1	0
372	328	-1	0
328	180	-1	0
180	26	-1	0
26	451	-1	0
451	67	-1	0
67	369	-1	0
369	370	-1	0
370	404	-1	0
404	250	-1	0
250	311	-1	0
311	495	-1	0
495	419	-1	0
419	289	-1	0
289	467	-1	0
467	143	-1	0
143	256	-1	0
256	35	-1	0
35	254	-1	0
254	101	-1	0
101	363	-1	0
363	324	-1	0
324	263	-1	0
263	399	-1	0
399	445	-1	0
445	63	-1	0
63	335	-1	0
335	356	-1	0
356	219	-1	0
219	135	-1	0
135	25	-1	0
25	142	-1	0
142	477	-1	0
477	170	-1	0
170	41	-1	0
41	486	-1	0
486	395	-1	0
395	466	-1	0
466	418	-1	0
418	80	-1	0
80	488	-1	0
488	65	-1	0
65	373	-1	0
373	470	-1	0
470	0	-1	0
