/* Number of Operations */
175
/* List of Operations. */
/* Start	End	Fly	#Internal	Locations...*/
0	174	-1	0
174	89	-1	0
89	113	-1	0
113	55	-1	0
55	147	-1	0
147	48	-1	0
48	61	-1	0
61	39	-1	0
39	52	-1	0
52	142	-1	0
142	104	-1	0
104	170	-1	0
170	35	-1	0
35	153	-1	0
153	80	-1	0
80	17	-1	0
17	4	-1	0
4	45	-1	0
45	126	-1	0
126	165	-1	0
165	86	-1	0
86	116	-1	0
116	120	-1	0
120	93	-1	0
93	124	-1	0
124	151	-1	0
151	106	-1	0
106	14	-1	0
14	30	-1	0
30	105	-1	0
105	73	-1	0
73	53	-1	0
53	102	-1	0
102	46	-1	0
46	70	-1	0
70	118	-1	0
118	63	-1	0
63	117	-1	0
117	121	-1	0
121	158	-1	0
158	166	-1	0
166	25	-1	0
25	20	-1	0
20	156	-1	0
156	79	-1	0
79	75	-1	0
75	49	-1	0
49	50	-1	0
50	12	-1	0
12	29	-1	0
29	59	-1	0
59	16	-1	0
16	154	-1	0
154	54	-1	0
54	114	-1	0
114	77	-1	0
77	28	-1	0
28	173	-1	0
173	135	-1	0
135	157	-1	0
157	109	-1	0
109	125	-1	0
125	26	-1	0
26	64	-1	0
64	91	-1	0
91	76	-1	0
76	62	-1	0
62	65	-1	0
65	143	-1	0
143	71	-1	0
71	122	-1	0
122	56	-1	0
56	31	-1	0
31	8	-1	0
8	136	-1	0
136	23	-1	0
23	169	-1	0
169	129	-1	0
129	149	-1	0
149	36	-1	0
36	134	-1	0
134	41	-1	0
41	21	-1	0
21	141	-1	0
141	115	-1	0
115	19	-1	0
19	24	-1	0
24	101	-1	0
101	40	-1	0
40	7	-1	0
7	140	-1	0
140	162	-1	0
162	148	-1	0
148	103	-1	0
103	67	-1	0
67	83	-1	0
83	42	-1	0
42	172	-1	0
172	82	-1	0
82	87	-1	0
87	100	-1	0
100	137	-1	0
137	13	-1	0
13	34	-1	0
34	96	-1	0
96	127	-1	0
127	167	-1	0
167	155	-1	0
155	27	-1	0
27	108	-1	0
108	22	-1	0
22	1	-1	0
1	112	-1	0
112	84	-1	0
84	130	-1	0
130	138	-1	0
138	57	-1	0
57	68	-1	0
68	74	-1	0
74	32	-1	0
32	164	-1	0
164	171	-1	0
171	81	-1	0
81	110	-1	0
110	144	-1	0
144	139	-1	0
139	146	-1	0
146	107	-1	0
107	128	-1	0
128	111	-1	0
111	69	-1	0
69	163	-1	0
163	43	-1	0
43	161	-1	0
161	78	-1	0
78	9	-1	0
9	66	-1	0
66	94	-1	0
94	99	-1	0
99	145	-1	0
145	168	-1	0
168	95	-1	0
95	2	-1	0
2	85	-1	0
85	119	-1	0
119	6	-1	0
6	15	-1	0
15	10	-1	0
10	132	-1	0
132	11	-1	0
11	131	-1	0
131	98	-1	0
98	3	-1	0
3	133	-1	0
133	152	-1	0
152	92	-1	0
92	97	-1	0
97	150	-1	0
150	58	-1	0
58	38	-1	0
38	160	-1	0
160	72	-1	0
72	159	-1	0
159	18	-1	0
18	123	-1	0
123	33	-1	0
33	90	-1	0
90	51	-1	0
51	47	-1	0
47	37	-1	0
37	88	-1	0
88	44	-1	0
44	60	-1	0
60	5	-1	0
5	0	-1	0
