/* Number of Operations */
175
/* List of Operations. */
/* Start	End	Fly	#Internal	Locations...*/
0	119	-1	0
119	24	-1	0
24	81	-1	0
81	153	-1	0
153	68	-1	0
68	39	-1	0
39	169	-1	0
169	127	-1	0
127	100	-1	0
100	148	-1	0
148	31	-1	0
31	93	-1	0
93	154	-1	0
154	33	-1	0
33	105	-1	0
105	92	-1	0
92	147	-1	0
147	138	-1	0
138	74	-1	0
74	160	-1	0
160	164	-1	0
164	70	-1	0
70	103	-1	0
103	112	-1	0
112	45	-1	0
45	134	-1	0
134	90	-1	0
90	118	-1	0
118	2	-1	0
2	7	-1	0
7	58	-1	0
58	60	-1	0
60	85	-1	0
85	136	-1	0
136	98	-1	0
98	89	-1	0
89	51	-1	0
51	44	-1	0
44	142	-1	0
142	25	-1	0
25	32	-1	0
32	113	-1	0
113	123	-1	0
123	21	-1	0
21	8	-1	0
8	34	-1	0
34	172	-1	0
172	146	-1	0
146	16	-1	0
16	9	-1	0
9	59	-1	0
59	47	-1	0
47	83	-1	0
83	129	-1	0
129	106	-1	0
106	37	-1	0
37	141	-1	0
141	30	-1	0
30	125	-1	0
125	95	-1	0
95	132	-1	0
132	110	-1	0
110	12	-1	0
12	151	-1	0
151	144	-1	0
144	149	-1	0
149	54	-1	0
54	62	-1	0
62	121	-1	0
121	11	-1	0
11	124	-1	0
124	75	-1	0
75	56	-1	0
56	165	-1	0
165	76	-1	0
76	53	-1	0
53	36	-1	0
36	170	-1	0
170	140	-1	0
140	26	-1	0
26	87	-1	0
87	52	-1	0
52	27	-1	0
27	158	-1	0
158	130	-1	0
130	22	-1	0
22	171	-1	0
171	162	-1	0
162	137	-1	0
137	167	-1	0
167	40	-1	0
40	19	-1	0
19	35	-1	0
35	101	-1	0
101	145	-1	0
145	57	-1	0
57	161	-1	0
161	65	-1	0
65	97	-1	0
97	150	-1	0
150	46	-1	0
46	107	-1	0
107	88	-1	0
88	14	-1	0
14	108	-1	0
108	155	-1	0
155	91	-1	0
91	23	-1	0
23	6	-1	0
6	157	-1	0
157	102	-1	0
102	116	-1	0
116	117	-1	0
117	86	-1	0
86	49	-1	0
49	5	-1	0
5	71	-1	0
71	4	-1	0
4	84	-1	0
84	79	-1	0
79	120	-1	0
120	114	-1	0
114	41	-1	0
41	10	-1	0
10	38	-1	0
38	63	-1	0
63	143	-1	0
143	122	-1	0
122	99	-1	0
99	115	-1	0
115	73	-1	0
73	126	-1	0
126	82	-1	0
82	173	-1	0
173	111	-1	0
111	168	-1	0
168	64	-1	0
64	159	-1	0
159	18	-1	0
18	13	-1	0
13	3	-1	0
3	135	-1	0
135	61	-1	0
61	20	-1	0
20	1	-1	0
1	69	-1	0
69	43	-1	0
43	67	-1	0
67	80	-1	0
80	42	-1	0
42	96	-1	0
96	48	-1	0
48	133	-1	0
133	174	-1	0
174	17	-1	0
17	166	-1	0
166	77	-1	0
77	139	-1	0
139	109	-1	0
109	152	-1	0
152	15	-1	0
15	50	-1	0
50	94	-1	0
94	156	-1	0
156	72	-1	0
72	163	-1	0
163	29	-1	0
29	66	-1	0
66	78	-1	0
78	104	-1	0
104	131	-1	0
131	28	-1	0
28	55	-1	0
55	128	-1	0
128	0	-1	0
