/* Number of Operations */
175
/* List of Operations. */
/* Start	End	Fly	#Internal	Locations...*/
0	69	-1	0
69	4	-1	0
4	79	-1	0
79	148	-1	0
148	132	-1	0
132	137	-1	0
137	99	-1	0
99	104	-1	0
104	130	-1	0
130	133	-1	0
133	156	-1	0
156	43	-1	0
43	66	-1	0
66	72	-1	0
72	125	-1	0
125	80	-1	0
80	10	-1	0
10	40	-1	0
40	155	-1	0
155	94	-1	0
94	46	-1	0
46	152	-1	0
152	24	-1	0
24	129	-1	0
129	74	-1	0
74	16	-1	0
16	44	-1	0
44	163	-1	0
163	150	-1	0
150	26	-1	0
26	57	-1	0
57	90	-1	0
90	145	-1	0
145	86	-1	0
86	114	-1	0
114	103	-1	0
103	18	-1	0
18	89	-1	0
89	173	-1	0
173	32	-1	0
32	116	-1	0
116	140	-1	0
140	2	-1	0
2	17	-1	0
17	56	-1	0
56	63	-1	0
63	29	-1	0
29	27	-1	0
27	146	-1	0
146	15	-1	0
15	117	-1	0
117	162	-1	0
162	170	-1	0
170	59	-1	0
59	100	-1	0
100	75	-1	0
75	120	-1	0
120	174	-1	0
174	159	-1	0
159	93	-1	0
93	151	-1	0
151	144	-1	0
144	39	-1	0
39	154	-1	0
154	138	-1	0
138	83	-1	0
83	8	-1	0
8	110	-1	0
110	38	-1	0
38	141	-1	0
141	88	-1	0
88	25	-1	0
25	118	-1	0
118	48	-1	0
48	101	-1	0
101	3	-1	0
3	6	-1	0
6	22	-1	0
22	131	-1	0
131	166	-1	0
166	47	-1	0
47	30	-1	0
30	153	-1	0
153	58	-1	0
58	85	-1	0
85	123	-1	0
123	7	-1	0
7	67	-1	0
67	96	-1	0
96	28	-1	0
28	65	-1	0
65	50	-1	0
50	164	-1	0
164	149	-1	0
149	52	-1	0
52	139	-1	0
139	142	-1	0
142	134	-1	0
134	70	-1	0
70	81	-1	0
81	68	-1	0
68	136	-1	0
136	97	-1	0
97	33	-1	0
33	13	-1	0
13	121	-1	0
121	161	-1	0
161	36	-1	0
36	106	-1	0
106	42	-1	0
42	165	-1	0
165	78	-1	0
78	34	-1	0
34	91	-1	0
91	168	-1	0
168	14	-1	0
14	11	-1	0
11	55	-1	0
55	98	-1	0
98	102	-1	0
102	171	-1	0
171	35	-1	0
35	169	-1	0
169	37	-1	0
37	95	-1	0
95	61	-1	0
61	160	-1	0
160	124	-1	0
124	127	-1	0
127	12	-1	0
12	1	-1	0
1	119	-1	0
119	109	-1	0
109	49	-1	0
49	135	-1	0
135	77	-1	0
77	122	-1	0
122	92	-1	0
92	53	-1	0
53	115	-1	0
115	9	-1	0
9	64	-1	0
64	54	-1	0
54	84	-1	0
84	158	-1	0
158	167	-1	0
167	107	-1	0
107	51	-1	0
51	113	-1	0
113	172	-1	0
172	112	-1	0
112	126	-1	0
126	5	-1	0
5	108	-1	0
108	41	-1	0
41	23	-1	0
23	20	-1	0
20	76	-1	0
76	19	-1	0
19	147	-1	0
147	143	-1	0
143	128	-1	0
128	45	-1	0
45	82	-1	0
82	31	-1	0
31	111	-1	0
111	60	-1	0
60	21	-1	0
21	87	-1	0
87	157	-1	0
157	105	-1	0
105	71	-1	0
71	73	-1	0
73	62	-1	0
62	0	-1	0
