/* Number of Operations */
250
/* List of Operations. */
/* Start	End	Fly	#Internal	Locations...*/
0	33	-1	0
33	38	-1	0
38	210	-1	0
210	83	-1	0
83	203	-1	0
203	74	-1	0
74	91	-1	0
91	108	-1	0
108	98	-1	0
98	70	-1	0
70	23	-1	0
23	132	-1	0
132	249	-1	0
249	114	-1	0
114	228	-1	0
228	143	-1	0
143	133	-1	0
133	123	-1	0
123	205	-1	0
205	199	-1	0
199	20	-1	0
20	202	-1	0
202	107	-1	0
107	206	-1	0
206	39	-1	0
39	194	-1	0
194	188	-1	0
188	162	-1	0
162	138	-1	0
138	119	-1	0
119	6	-1	0
6	16	-1	0
16	24	-1	0
24	158	-1	0
158	36	-1	0
36	208	-1	0
208	247	-1	0
247	45	-1	0
45	85	-1	0
85	218	-1	0
218	236	-1	0
236	51	-1	0
51	88	-1	0
88	209	-1	0
209	87	-1	0
87	227	-1	0
227	197	-1	0
197	232	-1	0
232	94	-1	0
94	104	-1	0
104	196	-1	0
196	245	-1	0
245	223	-1	0
223	134	-1	0
134	183	-1	0
183	184	-1	0
184	3	-1	0
3	159	-1	0
159	66	-1	0
66	73	-1	0
73	135	-1	0
135	137	-1	0
137	215	-1	0
215	229	-1	0
229	7	-1	0
7	61	-1	0
61	179	-1	0
179	221	-1	0
221	28	-1	0
28	160	-1	0
160	14	-1	0
14	46	-1	0
46	161	-1	0
161	17	-1	0
17	32	-1	0
32	152	-1	0
152	222	-1	0
222	18	-1	0
18	239	-1	0
239	106	-1	0
106	136	-1	0
136	99	-1	0
99	172	-1	0
172	129	-1	0
129	102	-1	0
102	120	-1	0
120	201	-1	0
201	144	-1	0
144	71	-1	0
71	19	-1	0
19	112	-1	0
112	81	-1	0
81	192	-1	0
192	111	-1	0
111	50	-1	0
50	93	-1	0
93	109	-1	0
109	248	-1	0
248	176	-1	0
176	76	-1	0
76	41	-1	0
41	58	-1	0
58	96	-1	0
96	118	-1	0
118	2	-1	0
2	9	-1	0
9	13	-1	0
13	151	-1	0
151	128	-1	0
128	242	-1	0
242	219	-1	0
219	211	-1	0
211	60	-1	0
60	149	-1	0
149	190	-1	0
190	78	-1	0
78	48	-1	0
48	95	-1	0
95	150	-1	0
150	8	-1	0
8	244	-1	0
244	103	-1	0
103	89	-1	0
89	171	-1	0
171	90	-1	0
90	26	-1	0
26	139	-1	0
139	82	-1	0
82	169	-1	0
169	189	-1	0
189	69	-1	0
69	116	-1	0
116	140	-1	0
140	240	-1	0
240	157	-1	0
157	67	-1	0
67	100	-1	0
100	22	-1	0
22	62	-1	0
62	224	-1	0
224	147	-1	0
147	187	-1	0
187	168	-1	0
168	166	-1	0
166	167	-1	0
167	130	-1	0
130	142	-1	0
142	77	-1	0
77	15	-1	0
15	40	-1	0
40	31	-1	0
31	42	-1	0
42	156	-1	0
156	243	-1	0
243	55	-1	0
55	145	-1	0
145	1	-1	0
1	163	-1	0
163	191	-1	0
191	59	-1	0
59	72	-1	0
72	185	-1	0
185	225	-1	0
225	214	-1	0
214	155	-1	0
155	53	-1	0
53	52	-1	0
52	122	-1	0
122	204	-1	0
204	198	-1	0
198	44	-1	0
44	92	-1	0
92	212	-1	0
212	64	-1	0
64	124	-1	0
124	97	-1	0
97	231	-1	0
231	34	-1	0
34	220	-1	0
220	25	-1	0
25	195	-1	0
195	101	-1	0
101	173	-1	0
173	113	-1	0
113	141	-1	0
141	148	-1	0
148	182	-1	0
182	153	-1	0
153	4	-1	0
4	131	-1	0
131	174	-1	0
174	126	-1	0
126	226	-1	0
226	165	-1	0
165	10	-1	0
10	154	-1	0
154	110	-1	0
110	27	-1	0
27	175	-1	0
175	117	-1	0
117	193	-1	0
193	186	-1	0
186	230	-1	0
230	68	-1	0
68	47	-1	0
47	105	-1	0
105	238	-1	0
238	11	-1	0
11	43	-1	0
43	75	-1	0
75	177	-1	0
177	80	-1	0
80	35	-1	0
35	29	-1	0
29	30	-1	0
30	12	-1	0
12	125	-1	0
125	63	-1	0
63	246	-1	0
246	181	-1	0
181	216	-1	0
216	180	-1	0
180	217	-1	0
217	115	-1	0
115	234	-1	0
234	84	-1	0
84	65	-1	0
65	237	-1	0
237	79	-1	0
79	86	-1	0
86	49	-1	0
49	170	-1	0
170	37	-1	0
37	146	-1	0
146	5	-1	0
5	56	-1	0
56	178	-1	0
178	213	-1	0
213	164	-1	0
164	21	-1	0
21	54	-1	0
54	127	-1	0
127	200	-1	0
200	207	-1	0
207	241	-1	0
241	235	-1	0
235	57	-1	0
57	121	-1	0
121	233	-1	0
233	0	-1	0
