/* Number of Operations */
250
/* List of Operations. */
/* Start	End	Fly	#Internal	Locations...*/
0	212	-1	0
212	204	-1	0
204	25	-1	0
25	206	-1	0
206	121	-1	0
121	202	-1	0
202	218	-1	0
218	217	-1	0
217	36	-1	0
36	52	-1	0
52	189	-1	0
189	249	-1	0
249	62	-1	0
62	120	-1	0
120	3	-1	0
3	190	-1	0
190	74	-1	0
74	53	-1	0
53	145	-1	0
145	37	-1	0
37	230	-1	0
230	159	-1	0
159	185	-1	0
185	110	-1	0
110	214	-1	0
214	144	-1	0
144	97	-1	0
97	240	-1	0
240	222	-1	0
222	93	-1	0
93	86	-1	0
86	193	-1	0
193	152	-1	0
152	198	-1	0
198	28	-1	0
28	30	-1	0
30	200	-1	0
200	32	-1	0
32	47	-1	0
47	215	-1	0
215	79	-1	0
79	231	-1	0
231	124	-1	0
124	106	-1	0
106	82	-1	0
82	84	-1	0
84	163	-1	0
163	138	-1	0
138	184	-1	0
184	168	-1	0
168	95	-1	0
95	205	-1	0
205	119	-1	0
119	183	-1	0
183	232	-1	0
232	72	-1	0
72	101	-1	0
101	244	-1	0
244	73	-1	0
73	48	-1	0
48	153	-1	0
153	5	-1	0
5	109	-1	0
109	18	-1	0
18	225	-1	0
225	43	-1	0
43	194	-1	0
194	227	-1	0
227	115	-1	0
115	131	-1	0
131	201	-1	0
201	42	-1	0
42	54	-1	0
54	67	-1	0
67	116	-1	0
116	161	-1	0
161	63	-1	0
63	50	-1	0
50	147	-1	0
147	216	-1	0
216	65	-1	0
65	130	-1	0
130	35	-1	0
35	237	-1	0
237	107	-1	0
107	96	-1	0
96	75	-1	0
75	178	-1	0
178	142	-1	0
142	235	-1	0
235	69	-1	0
69	92	-1	0
92	98	-1	0
98	117	-1	0
117	175	-1	0
175	104	-1	0
104	165	-1	0
165	197	-1	0
197	22	-1	0
22	78	-1	0
78	59	-1	0
59	114	-1	0
114	234	-1	0
234	221	-1	0
221	236	-1	0
236	90	-1	0
90	21	-1	0
21	135	-1	0
135	46	-1	0
46	51	-1	0
51	155	-1	0
155	40	-1	0
40	39	-1	0
39	111	-1	0
111	2	-1	0
2	158	-1	0
158	132	-1	0
132	219	-1	0
219	10	-1	0
10	247	-1	0
247	100	-1	0
100	87	-1	0
87	6	-1	0
6	136	-1	0
136	112	-1	0
112	20	-1	0
20	27	-1	0
27	105	-1	0
105	182	-1	0
182	9	-1	0
9	134	-1	0
134	186	-1	0
186	16	-1	0
16	71	-1	0
71	13	-1	0
13	94	-1	0
94	203	-1	0
203	208	-1	0
208	85	-1	0
85	146	-1	0
146	61	-1	0
61	26	-1	0
26	11	-1	0
11	191	-1	0
191	128	-1	0
128	44	-1	0
44	118	-1	0
118	77	-1	0
77	157	-1	0
157	151	-1	0
151	239	-1	0
239	220	-1	0
220	89	-1	0
89	17	-1	0
17	210	-1	0
210	129	-1	0
129	141	-1	0
141	223	-1	0
223	248	-1	0
248	4	-1	0
4	108	-1	0
108	45	-1	0
45	177	-1	0
177	176	-1	0
176	143	-1	0
143	179	-1	0
179	180	-1	0
180	56	-1	0
56	23	-1	0
23	224	-1	0
224	19	-1	0
19	113	-1	0
113	81	-1	0
81	148	-1	0
148	164	-1	0
164	169	-1	0
169	66	-1	0
66	213	-1	0
213	167	-1	0
167	166	-1	0
166	140	-1	0
140	154	-1	0
154	7	-1	0
7	171	-1	0
171	209	-1	0
209	174	-1	0
174	70	-1	0
70	41	-1	0
41	156	-1	0
156	123	-1	0
123	149	-1	0
149	173	-1	0
173	125	-1	0
125	211	-1	0
211	127	-1	0
127	83	-1	0
83	29	-1	0
29	139	-1	0
139	187	-1	0
187	14	-1	0
14	188	-1	0
188	150	-1	0
150	172	-1	0
172	31	-1	0
31	241	-1	0
241	15	-1	0
15	64	-1	0
64	199	-1	0
199	24	-1	0
24	162	-1	0
162	49	-1	0
49	196	-1	0
196	99	-1	0
99	242	-1	0
242	133	-1	0
133	192	-1	0
192	91	-1	0
91	137	-1	0
137	233	-1	0
233	103	-1	0
103	80	-1	0
80	88	-1	0
88	238	-1	0
238	226	-1	0
226	8	-1	0
8	38	-1	0
38	160	-1	0
160	102	-1	0
102	229	-1	0
229	55	-1	0
55	195	-1	0
195	228	-1	0
228	207	-1	0
207	57	-1	0
57	1	-1	0
1	126	-1	0
126	76	-1	0
76	122	-1	0
122	170	-1	0
170	68	-1	0
68	34	-1	0
34	12	-1	0
12	60	-1	0
60	245	-1	0
245	181	-1	0
181	58	-1	0
58	243	-1	0
243	246	-1	0
246	33	-1	0
33	0	-1	0
