/* Number of Operations */
250
/* List of Operations. */
/* Start	End	Fly	#Internal	Locations...*/
0	233	-1	0
233	121	-1	0
121	57	-1	0
57	235	-1	0
235	241	-1	0
241	207	-1	0
207	200	-1	0
200	127	-1	0
127	54	-1	0
54	21	-1	0
21	164	-1	0
164	213	-1	0
213	178	-1	0
178	56	-1	0
56	5	-1	0
5	146	-1	0
146	37	-1	0
37	170	-1	0
170	49	-1	0
49	86	-1	0
86	79	-1	0
79	237	-1	0
237	65	-1	0
65	84	-1	0
84	234	-1	0
234	115	-1	0
115	217	-1	0
217	180	-1	0
180	216	-1	0
216	181	-1	0
181	246	-1	0
246	63	-1	0
63	125	-1	0
125	12	-1	0
12	30	-1	0
30	29	-1	0
29	35	-1	0
35	80	-1	0
80	177	-1	0
177	75	-1	0
75	43	-1	0
43	11	-1	0
11	238	-1	0
238	105	-1	0
105	47	-1	0
47	68	-1	0
68	230	-1	0
230	186	-1	0
186	193	-1	0
193	117	-1	0
117	175	-1	0
175	27	-1	0
27	110	-1	0
110	154	-1	0
154	10	-1	0
10	165	-1	0
165	226	-1	0
226	126	-1	0
126	174	-1	0
174	131	-1	0
131	4	-1	0
4	153	-1	0
153	182	-1	0
182	148	-1	0
148	141	-1	0
141	113	-1	0
113	173	-1	0
173	101	-1	0
101	195	-1	0
195	25	-1	0
25	220	-1	0
220	34	-1	0
34	231	-1	0
231	97	-1	0
97	124	-1	0
124	64	-1	0
64	212	-1	0
212	92	-1	0
92	44	-1	0
44	198	-1	0
198	204	-1	0
204	122	-1	0
122	52	-1	0
52	53	-1	0
53	155	-1	0
155	214	-1	0
214	225	-1	0
225	185	-1	0
185	72	-1	0
72	59	-1	0
59	191	-1	0
191	163	-1	0
163	1	-1	0
1	145	-1	0
145	55	-1	0
55	243	-1	0
243	156	-1	0
156	42	-1	0
42	31	-1	0
31	40	-1	0
40	15	-1	0
15	77	-1	0
77	142	-1	0
142	130	-1	0
130	167	-1	0
167	166	-1	0
166	168	-1	0
168	187	-1	0
187	147	-1	0
147	224	-1	0
224	62	-1	0
62	22	-1	0
22	100	-1	0
100	67	-1	0
67	157	-1	0
157	240	-1	0
240	140	-1	0
140	116	-1	0
116	69	-1	0
69	189	-1	0
189	169	-1	0
169	82	-1	0
82	139	-1	0
139	26	-1	0
26	90	-1	0
90	171	-1	0
171	89	-1	0
89	103	-1	0
103	244	-1	0
244	8	-1	0
8	150	-1	0
150	95	-1	0
95	48	-1	0
48	78	-1	0
78	190	-1	0
190	149	-1	0
149	60	-1	0
60	211	-1	0
211	219	-1	0
219	242	-1	0
242	128	-1	0
128	151	-1	0
151	13	-1	0
13	9	-1	0
9	2	-1	0
2	118	-1	0
118	96	-1	0
96	58	-1	0
58	41	-1	0
41	76	-1	0
76	176	-1	0
176	248	-1	0
248	109	-1	0
109	93	-1	0
93	50	-1	0
50	111	-1	0
111	192	-1	0
192	81	-1	0
81	112	-1	0
112	19	-1	0
19	71	-1	0
71	144	-1	0
144	201	-1	0
201	120	-1	0
120	102	-1	0
102	129	-1	0
129	172	-1	0
172	99	-1	0
99	136	-1	0
136	106	-1	0
106	239	-1	0
239	18	-1	0
18	222	-1	0
222	152	-1	0
152	32	-1	0
32	17	-1	0
17	161	-1	0
161	46	-1	0
46	14	-1	0
14	160	-1	0
160	28	-1	0
28	221	-1	0
221	179	-1	0
179	61	-1	0
61	7	-1	0
7	229	-1	0
229	215	-1	0
215	137	-1	0
137	135	-1	0
135	73	-1	0
73	66	-1	0
66	159	-1	0
159	3	-1	0
3	184	-1	0
184	183	-1	0
183	134	-1	0
134	223	-1	0
223	245	-1	0
245	196	-1	0
196	104	-1	0
104	94	-1	0
94	232	-1	0
232	133	-1	0
133	143	-1	0
143	228	-1	0
228	114	-1	0
114	249	-1	0
249	132	-1	0
132	23	-1	0
23	70	-1	0
70	98	-1	0
98	108	-1	0
108	91	-1	0
91	74	-1	0
74	203	-1	0
203	83	-1	0
83	107	-1	0
107	202	-1	0
202	20	-1	0
20	123	-1	0
123	205	-1	0
205	199	-1	0
199	197	-1	0
197	227	-1	0
227	87	-1	0
87	209	-1	0
209	88	-1	0
88	51	-1	0
51	236	-1	0
236	218	-1	0
218	85	-1	0
85	45	-1	0
45	247	-1	0
247	208	-1	0
208	36	-1	0
36	24	-1	0
24	158	-1	0
158	16	-1	0
16	119	-1	0
119	6	-1	0
6	138	-1	0
138	162	-1	0
162	188	-1	0
188	194	-1	0
194	39	-1	0
39	206	-1	0
206	210	-1	0
210	38	-1	0
38	33	-1	0
33	0	-1	0
