/* Number of Operations */
50
/* List of Operations. */
/* Start	End	Fly	#Internal	Locations...*/
0	19	-1	0
19	20	-1	0
20	32	-1	0
32	35	-1	0
35	14	-1	0
14	11	-1	0
11	9	-1	0
9	47	-1	0
47	34	-1	0
34	46	-1	0
46	36	-1	0
36	5	-1	0
5	23	-1	0
23	1	-1	0
1	44	-1	0
44	48	-1	0
48	37	-1	0
37	13	-1	0
13	41	-1	0
41	3	-1	0
3	10	-1	0
10	29	-1	0
29	2	-1	0
2	6	-1	0
6	33	-1	0
33	21	-1	0
21	24	-1	0
24	40	-1	0
40	4	-1	0
4	42	-1	0
42	17	-1	0
17	16	-1	0
16	39	-1	0
39	27	-1	0
27	30	-1	0
30	38	-1	0
38	43	-1	0
43	18	-1	0
18	8	-1	0
8	28	-1	0
28	25	-1	0
25	12	-1	0
12	22	-1	0
22	15	-1	0
15	7	-1	0
7	31	-1	0
31	26	-1	0
26	49	-1	0
49	45	-1	0
45	0	-1	0
