/* Number of Operations */
250
/* List of Operations. */
/* Start	End	Fly	#Internal	Locations...*/
0	241	-1	0
241	147	-1	0
147	161	-1	0
161	110	-1	0
110	18	-1	0
18	96	-1	0
96	236	-1	0
236	246	-1	0
246	218	-1	0
218	116	-1	0
116	190	-1	0
190	224	-1	0
224	37	-1	0
37	12	-1	0
12	197	-1	0
197	214	-1	0
214	136	-1	0
136	247	-1	0
247	81	-1	0
81	240	-1	0
240	82	-1	0
82	14	-1	0
14	76	-1	0
76	244	-1	0
244	182	-1	0
182	68	-1	0
68	115	-1	0
115	23	-1	0
23	5	-1	0
5	151	-1	0
151	237	-1	0
237	149	-1	0
149	194	-1	0
194	248	-1	0
248	227	-1	0
227	163	-1	0
163	230	-1	0
230	122	-1	0
122	94	-1	0
94	40	-1	0
40	30	-1	0
30	38	-1	0
38	138	-1	0
138	220	-1	0
220	159	-1	0
159	87	-1	0
87	235	-1	0
235	222	-1	0
222	15	-1	0
15	212	-1	0
212	57	-1	0
57	187	-1	0
187	174	-1	0
174	135	-1	0
135	208	-1	0
208	56	-1	0
56	249	-1	0
249	210	-1	0
210	211	-1	0
211	47	-1	0
47	124	-1	0
124	6	-1	0
6	63	-1	0
63	21	-1	0
21	62	-1	0
62	134	-1	0
134	203	-1	0
203	84	-1	0
84	198	-1	0
198	119	-1	0
119	52	-1	0
52	71	-1	0
71	221	-1	0
221	173	-1	0
173	74	-1	0
74	59	-1	0
59	17	-1	0
17	141	-1	0
141	131	-1	0
131	154	-1	0
154	7	-1	0
7	86	-1	0
86	152	-1	0
152	28	-1	0
28	26	-1	0
26	73	-1	0
73	67	-1	0
67	166	-1	0
166	53	-1	0
53	20	-1	0
20	42	-1	0
42	165	-1	0
165	104	-1	0
104	172	-1	0
172	160	-1	0
160	185	-1	0
185	93	-1	0
93	127	-1	0
127	2	-1	0
2	16	-1	0
16	44	-1	0
44	216	-1	0
216	4	-1	0
4	192	-1	0
192	79	-1	0
79	231	-1	0
231	77	-1	0
77	97	-1	0
97	35	-1	0
35	167	-1	0
167	46	-1	0
46	19	-1	0
19	78	-1	0
78	196	-1	0
196	202	-1	0
202	223	-1	0
223	41	-1	0
41	245	-1	0
245	146	-1	0
146	239	-1	0
239	243	-1	0
243	80	-1	0
80	191	-1	0
191	65	-1	0
65	34	-1	0
34	60	-1	0
60	114	-1	0
114	109	-1	0
109	178	-1	0
178	195	-1	0
195	133	-1	0
133	103	-1	0
103	189	-1	0
189	171	-1	0
171	100	-1	0
100	31	-1	0
31	36	-1	0
36	148	-1	0
148	226	-1	0
226	181	-1	0
181	204	-1	0
204	13	-1	0
13	145	-1	0
145	24	-1	0
24	69	-1	0
69	33	-1	0
33	54	-1	0
54	169	-1	0
169	75	-1	0
75	49	-1	0
49	225	-1	0
225	170	-1	0
170	58	-1	0
58	118	-1	0
118	108	-1	0
108	234	-1	0
234	106	-1	0
106	157	-1	0
157	91	-1	0
91	232	-1	0
232	85	-1	0
85	43	-1	0
43	238	-1	0
238	8	-1	0
8	11	-1	0
11	193	-1	0
193	177	-1	0
177	137	-1	0
137	88	-1	0
88	176	-1	0
176	51	-1	0
51	143	-1	0
143	120	-1	0
120	32	-1	0
32	111	-1	0
111	142	-1	0
142	199	-1	0
199	90	-1	0
90	123	-1	0
123	229	-1	0
229	144	-1	0
144	162	-1	0
162	39	-1	0
39	175	-1	0
175	101	-1	0
101	188	-1	0
188	48	-1	0
48	107	-1	0
107	184	-1	0
184	180	-1	0
180	164	-1	0
164	1	-1	0
1	99	-1	0
99	83	-1	0
83	55	-1	0
55	205	-1	0
205	102	-1	0
102	179	-1	0
179	130	-1	0
130	140	-1	0
140	158	-1	0
158	112	-1	0
112	200	-1	0
200	95	-1	0
95	125	-1	0
125	3	-1	0
3	121	-1	0
121	61	-1	0
61	207	-1	0
207	213	-1	0
213	217	-1	0
217	242	-1	0
242	156	-1	0
156	72	-1	0
72	153	-1	0
153	27	-1	0
27	105	-1	0
105	219	-1	0
219	168	-1	0
168	22	-1	0
22	183	-1	0
183	228	-1	0
228	92	-1	0
92	10	-1	0
10	113	-1	0
113	209	-1	0
209	233	-1	0
233	186	-1	0
186	117	-1	0
117	206	-1	0
206	155	-1	0
155	139	-1	0
139	66	-1	0
66	70	-1	0
70	201	-1	0
201	126	-1	0
126	215	-1	0
215	129	-1	0
129	29	-1	0
29	98	-1	0
98	25	-1	0
25	50	-1	0
50	150	-1	0
150	45	-1	0
45	128	-1	0
128	64	-1	0
64	89	-1	0
89	132	-1	0
132	9	-1	0
9	0	-1	0
