/* Number of Operations */
75
/* List of Operations. */
/* Start	End	Fly	#Internal	Locations...*/
0	21	-1	0
21	17	-1	0
17	29	-1	0
29	69	-1	0
69	65	-1	0
65	47	-1	0
47	16	-1	0
16	71	-1	0
71	31	-1	0
31	67	-1	0
67	27	-1	0
27	26	-1	0
26	58	-1	0
58	48	-1	0
48	9	-1	0
9	18	-1	0
18	38	-1	0
38	62	-1	0
62	4	-1	0
4	70	-1	0
70	40	-1	0
40	24	-1	0
24	44	-1	0
44	14	-1	0
14	39	-1	0
39	45	-1	0
45	1	-1	0
1	20	-1	0
20	42	-1	0
42	2	-1	0
2	19	-1	0
19	56	-1	0
56	13	-1	0
13	66	-1	0
66	37	-1	0
37	52	-1	0
52	53	-1	0
53	68	-1	0
68	46	-1	0
46	7	-1	0
7	22	-1	0
22	61	-1	0
61	5	-1	0
5	55	-1	0
55	72	-1	0
72	73	-1	0
73	59	-1	0
59	8	-1	0
8	33	-1	0
33	10	-1	0
10	35	-1	0
35	36	-1	0
36	25	-1	0
25	3	-1	0
3	34	-1	0
34	43	-1	0
43	57	-1	0
57	6	-1	0
6	23	-1	0
23	50	-1	0
50	28	-1	0
28	74	-1	0
74	64	-1	0
64	41	-1	0
41	15	-1	0
15	54	-1	0
54	63	-1	0
63	60	-1	0
60	49	-1	0
49	11	-1	0
11	32	-1	0
32	12	-1	0
12	51	-1	0
51	30	-1	0
30	0	-1	0
