/* Number of Operations */
100
/* List of Operations. */
/* Start	End	Fly	#Internal	Locations...*/
0	80	-1	0
80	55	-1	0
55	39	-1	0
39	60	-1	0
60	88	-1	0
88	18	-1	0
18	58	-1	0
58	82	-1	0
82	53	-1	0
53	95	-1	0
95	5	-1	0
5	79	-1	0
79	75	-1	0
75	91	-1	0
91	13	-1	0
13	37	-1	0
37	86	-1	0
86	47	-1	0
47	19	-1	0
19	41	-1	0
41	52	-1	0
52	51	-1	0
51	22	-1	0
22	25	-1	0
25	34	-1	0
34	83	-1	0
83	70	-1	0
70	42	-1	0
42	49	-1	0
49	63	-1	0
63	65	-1	0
65	85	-1	0
85	40	-1	0
40	68	-1	0
68	21	-1	0
21	62	-1	0
62	74	-1	0
74	54	-1	0
54	45	-1	0
45	84	-1	0
84	4	-1	0
4	78	-1	0
78	38	-1	0
38	93	-1	0
93	26	-1	0
26	44	-1	0
44	28	-1	0
28	30	-1	0
30	8	-1	0
8	72	-1	0
72	77	-1	0
77	2	-1	0
2	89	-1	0
89	11	-1	0
11	35	-1	0
35	33	-1	0
33	46	-1	0
46	43	-1	0
43	16	-1	0
16	92	-1	0
92	20	-1	0
20	87	-1	0
87	9	-1	0
9	32	-1	0
32	90	-1	0
90	14	-1	0
14	23	-1	0
23	56	-1	0
56	10	-1	0
10	67	-1	0
67	31	-1	0
31	36	-1	0
36	7	-1	0
7	64	-1	0
64	97	-1	0
97	50	-1	0
50	27	-1	0
27	98	-1	0
98	71	-1	0
71	48	-1	0
48	99	-1	0
99	94	-1	0
94	17	-1	0
17	57	-1	0
57	61	-1	0
61	66	-1	0
66	81	-1	0
81	24	-1	0
24	3	-1	0
3	69	-1	0
69	73	-1	0
73	29	-1	0
29	6	-1	0
6	76	-1	0
76	12	-1	0
12	15	-1	0
15	1	-1	0
1	59	-1	0
59	96	-1	0
96	0	-1	0
