/* Number of Operations */
250
/* List of Operations. */
/* Start	End	Fly	#Internal	Locations...*/
0	132	-1	0
132	211	-1	0
211	141	-1	0
141	178	-1	0
178	248	-1	0
248	24	-1	0
24	120	-1	0
120	219	-1	0
219	94	-1	0
94	28	-1	0
28	114	-1	0
114	174	-1	0
174	59	-1	0
59	42	-1	0
42	102	-1	0
102	186	-1	0
186	137	-1	0
137	36	-1	0
36	196	-1	0
196	207	-1	0
207	206	-1	0
206	1	-1	0
1	103	-1	0
103	83	-1	0
83	167	-1	0
167	75	-1	0
75	185	-1	0
185	58	-1	0
58	112	-1	0
112	127	-1	0
127	204	-1	0
204	122	-1	0
122	181	-1	0
181	37	-1	0
37	222	-1	0
222	158	-1	0
158	166	-1	0
166	97	-1	0
97	130	-1	0
130	149	-1	0
149	232	-1	0
232	31	-1	0
31	16	-1	0
16	160	-1	0
160	77	-1	0
77	100	-1	0
100	143	-1	0
143	156	-1	0
156	231	-1	0
231	20	-1	0
20	14	-1	0
14	74	-1	0
74	176	-1	0
176	72	-1	0
72	7	-1	0
7	13	-1	0
13	208	-1	0
208	67	-1	0
67	173	-1	0
173	189	-1	0
189	153	-1	0
153	116	-1	0
116	249	-1	0
249	235	-1	0
235	125	-1	0
125	115	-1	0
115	242	-1	0
242	86	-1	0
86	230	-1	0
230	3	-1	0
3	2	-1	0
2	113	-1	0
113	210	-1	0
210	40	-1	0
40	228	-1	0
228	244	-1	0
244	5	-1	0
5	51	-1	0
51	26	-1	0
26	79	-1	0
79	175	-1	0
175	15	-1	0
15	88	-1	0
88	152	-1	0
152	194	-1	0
194	52	-1	0
52	239	-1	0
239	45	-1	0
45	233	-1	0
233	60	-1	0
60	224	-1	0
224	150	-1	0
150	48	-1	0
48	25	-1	0
25	68	-1	0
68	39	-1	0
39	123	-1	0
123	188	-1	0
188	43	-1	0
43	202	-1	0
202	135	-1	0
135	22	-1	0
22	247	-1	0
247	138	-1	0
138	96	-1	0
96	139	-1	0
139	214	-1	0
214	162	-1	0
162	200	-1	0
200	213	-1	0
213	71	-1	0
71	161	-1	0
161	32	-1	0
32	117	-1	0
117	93	-1	0
93	50	-1	0
50	30	-1	0
30	193	-1	0
193	147	-1	0
147	35	-1	0
35	171	-1	0
171	21	-1	0
21	169	-1	0
169	109	-1	0
109	111	-1	0
111	57	-1	0
57	163	-1	0
163	128	-1	0
128	12	-1	0
12	90	-1	0
90	165	-1	0
165	164	-1	0
164	136	-1	0
136	151	-1	0
151	121	-1	0
121	145	-1	0
145	179	-1	0
179	61	-1	0
61	237	-1	0
237	70	-1	0
70	191	-1	0
191	4	-1	0
4	133	-1	0
133	154	-1	0
154	104	-1	0
104	34	-1	0
34	142	-1	0
142	195	-1	0
195	205	-1	0
205	64	-1	0
64	9	-1	0
9	190	-1	0
190	92	-1	0
92	49	-1	0
49	95	-1	0
95	69	-1	0
69	56	-1	0
56	203	-1	0
203	225	-1	0
225	148	-1	0
148	33	-1	0
33	144	-1	0
144	212	-1	0
212	87	-1	0
87	11	-1	0
11	217	-1	0
217	108	-1	0
108	241	-1	0
241	55	-1	0
55	29	-1	0
29	177	-1	0
177	38	-1	0
38	223	-1	0
223	134	-1	0
134	129	-1	0
129	47	-1	0
47	18	-1	0
18	220	-1	0
220	240	-1	0
240	80	-1	0
80	243	-1	0
243	6	-1	0
6	146	-1	0
146	192	-1	0
192	140	-1	0
140	245	-1	0
245	81	-1	0
81	65	-1	0
65	170	-1	0
170	236	-1	0
236	78	-1	0
78	182	-1	0
182	131	-1	0
131	8	-1	0
8	227	-1	0
227	197	-1	0
197	44	-1	0
44	17	-1	0
17	118	-1	0
118	91	-1	0
91	172	-1	0
172	215	-1	0
215	107	-1	0
107	226	-1	0
226	180	-1	0
180	89	-1	0
89	218	-1	0
218	159	-1	0
159	209	-1	0
209	62	-1	0
62	66	-1	0
66	53	-1	0
53	110	-1	0
110	229	-1	0
229	23	-1	0
23	184	-1	0
184	216	-1	0
216	105	-1	0
105	187	-1	0
187	82	-1	0
82	157	-1	0
157	199	-1	0
199	238	-1	0
238	85	-1	0
85	46	-1	0
46	10	-1	0
10	19	-1	0
19	41	-1	0
41	198	-1	0
198	168	-1	0
168	234	-1	0
234	76	-1	0
76	101	-1	0
101	73	-1	0
73	99	-1	0
99	54	-1	0
54	221	-1	0
221	246	-1	0
246	27	-1	0
27	183	-1	0
183	63	-1	0
63	84	-1	0
84	124	-1	0
124	126	-1	0
126	98	-1	0
98	155	-1	0
155	106	-1	0
106	119	-1	0
119	201	-1	0
201	0	-1	0
