/* Number of Operations */
75
/* List of Operations. */
/* Start	End	Fly	#Internal	Locations...*/
0	59	-1	0
59	71	-1	0
71	40	-1	0
40	15	-1	0
15	74	-1	0
74	34	-1	0
34	45	-1	0
45	2	-1	0
2	4	-1	0
4	20	-1	0
20	55	-1	0
55	27	-1	0
27	72	-1	0
72	17	-1	0
17	9	-1	0
9	30	-1	0
30	18	-1	0
18	66	-1	0
66	24	-1	0
24	6	-1	0
6	12	-1	0
12	42	-1	0
42	7	-1	0
7	29	-1	0
29	73	-1	0
73	67	-1	0
67	1	-1	0
1	10	-1	0
10	35	-1	0
35	70	-1	0
70	60	-1	0
60	5	-1	0
5	3	-1	0
3	57	-1	0
57	54	-1	0
54	11	-1	0
11	53	-1	0
53	28	-1	0
28	21	-1	0
21	51	-1	0
51	64	-1	0
64	8	-1	0
8	32	-1	0
32	43	-1	0
43	37	-1	0
37	46	-1	0
46	13	-1	0
13	58	-1	0
58	65	-1	0
65	23	-1	0
23	41	-1	0
41	62	-1	0
62	69	-1	0
69	52	-1	0
52	39	-1	0
39	14	-1	0
14	61	-1	0
61	25	-1	0
25	22	-1	0
22	26	-1	0
26	33	-1	0
33	63	-1	0
63	31	-1	0
31	19	-1	0
19	16	-1	0
16	36	-1	0
36	38	-1	0
38	44	-1	0
44	47	-1	0
47	50	-1	0
50	68	-1	0
68	48	-1	0
48	56	-1	0
56	49	-1	0
49	0	-1	0
