/* Number of Operations */
375
/* List of Operations. */
/* Start	End	Fly	#Internal	Locations...*/
0	274	-1	0
274	224	-1	0
224	161	-1	0
161	197	-1	0
197	163	-1	0
163	103	-1	0
103	76	-1	0
76	373	-1	0
373	108	-1	0
108	37	-1	0
37	51	-1	0
51	81	-1	0
81	276	-1	0
276	255	-1	0
255	92	-1	0
92	227	-1	0
227	354	-1	0
354	279	-1	0
279	182	-1	0
182	159	-1	0
159	196	-1	0
196	309	-1	0
309	29	-1	0
29	348	-1	0
348	242	-1	0
242	355	-1	0
355	156	-1	0
156	59	-1	0
59	199	-1	0
199	85	-1	0
85	356	-1	0
356	269	-1	0
269	164	-1	0
164	297	-1	0
297	91	-1	0
91	228	-1	0
228	306	-1	0
306	176	-1	0
176	22	-1	0
22	241	-1	0
241	194	-1	0
194	185	-1	0
185	336	-1	0
336	262	-1	0
262	20	-1	0
20	315	-1	0
315	121	-1	0
121	90	-1	0
90	335	-1	0
335	237	-1	0
237	77	-1	0
77	122	-1	0
122	287	-1	0
287	118	-1	0
118	321	-1	0
321	331	-1	0
331	213	-1	0
213	149	-1	0
149	172	-1	0
172	175	-1	0
175	283	-1	0
283	342	-1	0
342	87	-1	0
87	101	-1	0
101	55	-1	0
55	48	-1	0
48	260	-1	0
260	127	-1	0
127	340	-1	0
340	277	-1	0
277	211	-1	0
211	33	-1	0
33	305	-1	0
305	128	-1	0
128	210	-1	0
210	265	-1	0
265	284	-1	0
284	115	-1	0
115	7	-1	0
7	275	-1	0
275	63	-1	0
63	107	-1	0
107	259	-1	0
259	263	-1	0
263	102	-1	0
102	105	-1	0
105	86	-1	0
86	133	-1	0
133	351	-1	0
351	191	-1	0
191	60	-1	0
60	144	-1	0
144	21	-1	0
21	318	-1	0
318	27	-1	0
27	291	-1	0
291	173	-1	0
173	218	-1	0
218	109	-1	0
109	359	-1	0
359	251	-1	0
251	188	-1	0
188	125	-1	0
125	243	-1	0
243	343	-1	0
343	62	-1	0
62	89	-1	0
89	295	-1	0
295	135	-1	0
135	141	-1	0
141	39	-1	0
39	38	-1	0
38	372	-1	0
372	257	-1	0
257	96	-1	0
96	365	-1	0
365	352	-1	0
352	270	-1	0
270	54	-1	0
54	82	-1	0
82	198	-1	0
198	99	-1	0
99	364	-1	0
364	310	-1	0
310	145	-1	0
145	66	-1	0
66	114	-1	0
114	205	-1	0
205	70	-1	0
70	184	-1	0
184	222	-1	0
222	190	-1	0
190	290	-1	0
290	366	-1	0
366	248	-1	0
248	313	-1	0
313	339	-1	0
339	324	-1	0
324	4	-1	0
4	165	-1	0
165	75	-1	0
75	5	-1	0
5	367	-1	0
367	296	-1	0
296	206	-1	0
206	360	-1	0
360	268	-1	0
268	286	-1	0
286	217	-1	0
217	10	-1	0
10	111	-1	0
111	317	-1	0
317	58	-1	0
58	30	-1	0
30	301	-1	0
301	334	-1	0
334	330	-1	0
330	56	-1	0
56	34	-1	0
34	168	-1	0
168	347	-1	0
347	280	-1	0
280	314	-1	0
314	187	-1	0
187	152	-1	0
152	302	-1	0
302	130	-1	0
130	72	-1	0
72	129	-1	0
129	97	-1	0
97	174	-1	0
174	226	-1	0
226	12	-1	0
12	53	-1	0
53	169	-1	0
169	117	-1	0
117	371	-1	0
371	202	-1	0
202	239	-1	0
239	307	-1	0
307	353	-1	0
353	180	-1	0
180	42	-1	0
42	349	-1	0
349	244	-1	0
244	337	-1	0
337	346	-1	0
346	361	-1	0
361	214	-1	0
214	247	-1	0
247	45	-1	0
45	162	-1	0
162	204	-1	0
204	273	-1	0
273	319	-1	0
319	261	-1	0
261	369	-1	0
369	44	-1	0
44	41	-1	0
41	166	-1	0
166	1	-1	0
1	140	-1	0
140	231	-1	0
231	57	-1	0
57	147	-1	0
147	316	-1	0
316	235	-1	0
235	68	-1	0
68	246	-1	0
246	285	-1	0
285	98	-1	0
98	139	-1	0
139	26	-1	0
26	181	-1	0
181	138	-1	0
138	186	-1	0
186	345	-1	0
345	230	-1	0
230	358	-1	0
358	320	-1	0
320	113	-1	0
113	299	-1	0
299	95	-1	0
95	216	-1	0
216	178	-1	0
178	16	-1	0
16	271	-1	0
271	69	-1	0
69	35	-1	0
35	300	-1	0
300	225	-1	0
225	212	-1	0
212	170	-1	0
170	183	-1	0
183	221	-1	0
221	308	-1	0
308	71	-1	0
71	2	-1	0
2	157	-1	0
157	298	-1	0
298	171	-1	0
171	143	-1	0
143	50	-1	0
50	79	-1	0
79	325	-1	0
325	52	-1	0
52	281	-1	0
281	293	-1	0
293	65	-1	0
65	303	-1	0
303	326	-1	0
326	124	-1	0
124	368	-1	0
368	155	-1	0
155	154	-1	0
154	78	-1	0
78	233	-1	0
233	333	-1	0
333	341	-1	0
341	209	-1	0
209	234	-1	0
234	28	-1	0
28	148	-1	0
148	153	-1	0
153	278	-1	0
278	374	-1	0
374	254	-1	0
254	207	-1	0
207	120	-1	0
120	134	-1	0
134	338	-1	0
338	3	-1	0
3	61	-1	0
61	25	-1	0
25	104	-1	0
104	131	-1	0
131	94	-1	0
94	74	-1	0
74	362	-1	0
362	203	-1	0
203	8	-1	0
8	229	-1	0
229	132	-1	0
132	344	-1	0
344	312	-1	0
312	267	-1	0
267	266	-1	0
266	40	-1	0
40	11	-1	0
11	88	-1	0
88	311	-1	0
311	43	-1	0
43	83	-1	0
83	258	-1	0
258	223	-1	0
223	49	-1	0
49	332	-1	0
332	201	-1	0
201	93	-1	0
93	19	-1	0
19	31	-1	0
31	24	-1	0
24	146	-1	0
146	23	-1	0
23	328	-1	0
328	177	-1	0
177	322	-1	0
322	160	-1	0
160	192	-1	0
192	252	-1	0
252	137	-1	0
137	208	-1	0
208	6	-1	0
6	189	-1	0
189	272	-1	0
272	73	-1	0
73	106	-1	0
106	84	-1	0
84	151	-1	0
151	249	-1	0
249	219	-1	0
219	179	-1	0
179	327	-1	0
327	357	-1	0
357	46	-1	0
46	240	-1	0
240	112	-1	0
112	47	-1	0
47	289	-1	0
289	292	-1	0
292	150	-1	0
150	100	-1	0
100	304	-1	0
304	80	-1	0
80	350	-1	0
350	253	-1	0
253	36	-1	0
36	294	-1	0
294	193	-1	0
193	256	-1	0
256	167	-1	0
167	32	-1	0
32	282	-1	0
282	232	-1	0
232	200	-1	0
200	119	-1	0
119	245	-1	0
245	329	-1	0
329	264	-1	0
264	64	-1	0
64	323	-1	0
323	288	-1	0
288	142	-1	0
142	110	-1	0
110	370	-1	0
370	18	-1	0
18	9	-1	0
9	14	-1	0
14	236	-1	0
236	238	-1	0
238	15	-1	0
15	195	-1	0
195	123	-1	0
123	250	-1	0
250	126	-1	0
126	136	-1	0
136	220	-1	0
220	13	-1	0
13	17	-1	0
17	158	-1	0
158	67	-1	0
67	363	-1	0
363	215	-1	0
215	116	-1	0
116	0	-1	0
