/* Number of Operations */
50
/* List of Operations. */
/* Start	End	Fly	#Internal	Locations...*/
0	1	-1	0
1	4	-1	0
4	36	-1	0
36	14	-1	0
14	49	-1	0
49	16	-1	0
16	31	-1	0
31	30	-1	0
30	17	-1	0
17	38	-1	0
38	27	-1	0
27	7	-1	0
7	20	-1	0
20	47	-1	0
47	39	-1	0
39	42	-1	0
42	13	-1	0
13	26	-1	0
26	43	-1	0
43	34	-1	0
34	46	-1	0
46	48	-1	0
48	23	-1	0
23	22	-1	0
22	41	-1	0
41	37	-1	0
37	8	-1	0
8	45	-1	0
45	35	-1	0
35	21	-1	0
21	5	-1	0
5	10	-1	0
10	29	-1	0
29	3	-1	0
3	6	-1	0
6	24	-1	0
24	19	-1	0
19	32	-1	0
32	15	-1	0
15	25	-1	0
25	18	-1	0
18	12	-1	0
12	28	-1	0
28	9	-1	0
9	33	-1	0
33	40	-1	0
40	11	-1	0
11	2	-1	0
2	44	-1	0
44	0	-1	0
