/* Number of Operations */
50
/* List of Operations. */
/* Start	End	Fly	#Internal	Locations...*/
0	21	-1	0
21	12	-1	0
12	2	-1	0
2	17	-1	0
17	36	-1	0
36	28	-1	0
28	40	-1	0
40	43	-1	0
43	18	-1	0
18	30	-1	0
30	10	-1	0
10	48	-1	0
48	13	-1	0
13	14	-1	0
14	29	-1	0
29	3	-1	0
3	26	-1	0
26	7	-1	0
7	1	-1	0
1	25	-1	0
25	9	-1	0
9	45	-1	0
45	16	-1	0
16	39	-1	0
39	38	-1	0
38	44	-1	0
44	49	-1	0
49	22	-1	0
22	24	-1	0
24	46	-1	0
46	4	-1	0
4	6	-1	0
6	35	-1	0
35	32	-1	0
32	33	-1	0
33	15	-1	0
15	11	-1	0
11	23	-1	0
23	37	-1	0
37	31	-1	0
31	20	-1	0
20	42	-1	0
42	19	-1	0
19	41	-1	0
41	5	-1	0
5	8	-1	0
8	47	-1	0
47	34	-1	0
34	27	-1	0
27	0	-1	0
