/* Number of Operations */
250
/* List of Operations. */
/* Start	End	Fly	#Internal	Locations...*/
0	32	-1	0
32	109	-1	0
109	72	-1	0
72	69	-1	0
69	135	-1	0
135	123	-1	0
123	147	-1	0
147	206	-1	0
206	94	-1	0
94	2	-1	0
2	26	-1	0
26	61	-1	0
61	59	-1	0
59	33	-1	0
33	203	-1	0
203	102	-1	0
102	113	-1	0
113	164	-1	0
164	117	-1	0
117	180	-1	0
180	183	-1	0
183	54	-1	0
54	168	-1	0
168	93	-1	0
93	91	-1	0
91	234	-1	0
234	66	-1	0
66	46	-1	0
46	233	-1	0
233	98	-1	0
98	223	-1	0
223	68	-1	0
68	175	-1	0
175	85	-1	0
85	50	-1	0
50	96	-1	0
96	12	-1	0
12	11	-1	0
11	238	-1	0
238	22	-1	0
22	82	-1	0
82	171	-1	0
171	217	-1	0
217	237	-1	0
237	86	-1	0
86	17	-1	0
17	229	-1	0
229	140	-1	0
140	39	-1	0
39	111	-1	0
111	99	-1	0
99	209	-1	0
209	112	-1	0
112	23	-1	0
23	172	-1	0
172	47	-1	0
47	73	-1	0
73	87	-1	0
87	228	-1	0
228	65	-1	0
65	84	-1	0
84	80	-1	0
80	204	-1	0
204	219	-1	0
219	216	-1	0
216	201	-1	0
201	220	-1	0
220	227	-1	0
227	106	-1	0
106	196	-1	0
196	162	-1	0
162	28	-1	0
28	118	-1	0
118	189	-1	0
189	103	-1	0
103	235	-1	0
235	170	-1	0
170	13	-1	0
13	167	-1	0
167	158	-1	0
158	107	-1	0
107	221	-1	0
221	241	-1	0
241	225	-1	0
225	177	-1	0
177	9	-1	0
9	21	-1	0
21	136	-1	0
136	231	-1	0
231	247	-1	0
247	51	-1	0
51	7	-1	0
7	8	-1	0
8	222	-1	0
222	25	-1	0
25	232	-1	0
232	16	-1	0
16	165	-1	0
165	40	-1	0
40	138	-1	0
138	230	-1	0
230	214	-1	0
214	246	-1	0
246	48	-1	0
48	43	-1	0
43	30	-1	0
30	41	-1	0
41	53	-1	0
53	115	-1	0
115	27	-1	0
27	243	-1	0
243	97	-1	0
97	150	-1	0
150	181	-1	0
181	208	-1	0
208	142	-1	0
142	149	-1	0
149	211	-1	0
211	29	-1	0
29	3	-1	0
3	169	-1	0
169	212	-1	0
212	151	-1	0
151	1	-1	0
1	67	-1	0
67	64	-1	0
64	198	-1	0
198	101	-1	0
101	210	-1	0
210	105	-1	0
105	146	-1	0
146	6	-1	0
6	239	-1	0
239	224	-1	0
224	236	-1	0
236	5	-1	0
5	139	-1	0
139	104	-1	0
104	176	-1	0
176	10	-1	0
10	153	-1	0
153	174	-1	0
174	95	-1	0
95	137	-1	0
137	188	-1	0
188	154	-1	0
154	185	-1	0
185	90	-1	0
90	114	-1	0
114	163	-1	0
163	18	-1	0
18	129	-1	0
129	42	-1	0
42	37	-1	0
37	193	-1	0
193	56	-1	0
56	144	-1	0
144	155	-1	0
155	130	-1	0
130	31	-1	0
31	108	-1	0
108	200	-1	0
200	182	-1	0
182	240	-1	0
240	156	-1	0
156	125	-1	0
125	173	-1	0
173	119	-1	0
119	242	-1	0
242	143	-1	0
143	4	-1	0
4	197	-1	0
197	226	-1	0
226	157	-1	0
157	88	-1	0
88	15	-1	0
15	78	-1	0
78	161	-1	0
161	14	-1	0
14	92	-1	0
92	128	-1	0
128	83	-1	0
83	199	-1	0
199	89	-1	0
89	133	-1	0
133	202	-1	0
202	120	-1	0
120	49	-1	0
49	160	-1	0
160	191	-1	0
191	58	-1	0
58	132	-1	0
132	186	-1	0
186	74	-1	0
74	207	-1	0
207	195	-1	0
195	45	-1	0
45	121	-1	0
121	76	-1	0
76	44	-1	0
44	19	-1	0
19	62	-1	0
62	127	-1	0
127	116	-1	0
116	152	-1	0
152	55	-1	0
55	215	-1	0
215	35	-1	0
35	213	-1	0
213	205	-1	0
205	70	-1	0
70	145	-1	0
145	77	-1	0
77	190	-1	0
190	79	-1	0
79	38	-1	0
38	141	-1	0
141	245	-1	0
245	218	-1	0
218	184	-1	0
184	34	-1	0
34	148	-1	0
148	131	-1	0
131	248	-1	0
248	100	-1	0
100	20	-1	0
20	178	-1	0
178	63	-1	0
63	126	-1	0
126	124	-1	0
124	110	-1	0
110	122	-1	0
122	71	-1	0
71	179	-1	0
179	194	-1	0
194	192	-1	0
192	52	-1	0
52	57	-1	0
57	187	-1	0
187	159	-1	0
159	81	-1	0
81	166	-1	0
166	75	-1	0
75	60	-1	0
60	249	-1	0
249	24	-1	0
24	36	-1	0
36	244	-1	0
244	134	-1	0
134	0	-1	0
