/* Number of Operations */
250
/* List of Operations. */
/* Start	End	Fly	#Internal	Locations...*/
0	201	-1	0
201	119	-1	0
119	106	-1	0
106	155	-1	0
155	98	-1	0
98	126	-1	0
126	124	-1	0
124	84	-1	0
84	63	-1	0
63	183	-1	0
183	27	-1	0
27	246	-1	0
246	221	-1	0
221	54	-1	0
54	99	-1	0
99	101	-1	0
101	73	-1	0
73	76	-1	0
76	234	-1	0
234	168	-1	0
168	198	-1	0
198	41	-1	0
41	19	-1	0
19	10	-1	0
10	46	-1	0
46	85	-1	0
85	238	-1	0
238	199	-1	0
199	157	-1	0
157	82	-1	0
82	187	-1	0
187	105	-1	0
105	216	-1	0
216	184	-1	0
184	23	-1	0
23	229	-1	0
229	110	-1	0
110	53	-1	0
53	66	-1	0
66	62	-1	0
62	209	-1	0
209	159	-1	0
159	218	-1	0
218	89	-1	0
89	180	-1	0
180	226	-1	0
226	107	-1	0
107	215	-1	0
215	172	-1	0
172	91	-1	0
91	118	-1	0
118	17	-1	0
17	44	-1	0
44	197	-1	0
197	227	-1	0
227	8	-1	0
8	131	-1	0
131	182	-1	0
182	78	-1	0
78	236	-1	0
236	170	-1	0
170	65	-1	0
65	81	-1	0
81	245	-1	0
245	140	-1	0
140	192	-1	0
192	146	-1	0
146	6	-1	0
6	243	-1	0
243	80	-1	0
80	240	-1	0
240	220	-1	0
220	18	-1	0
18	37	-1	0
37	181	-1	0
181	122	-1	0
122	204	-1	0
204	127	-1	0
127	112	-1	0
112	58	-1	0
58	185	-1	0
185	75	-1	0
75	167	-1	0
167	83	-1	0
83	103	-1	0
103	1	-1	0
1	206	-1	0
206	207	-1	0
207	196	-1	0
196	36	-1	0
36	137	-1	0
137	186	-1	0
186	102	-1	0
102	42	-1	0
42	174	-1	0
174	59	-1	0
59	28	-1	0
28	114	-1	0
114	94	-1	0
94	219	-1	0
219	120	-1	0
120	24	-1	0
24	248	-1	0
248	141	-1	0
141	178	-1	0
178	189	-1	0
189	153	-1	0
153	208	-1	0
208	7	-1	0
7	72	-1	0
72	13	-1	0
13	173	-1	0
173	67	-1	0
67	176	-1	0
176	74	-1	0
74	14	-1	0
14	20	-1	0
20	231	-1	0
231	156	-1	0
156	143	-1	0
143	100	-1	0
100	77	-1	0
77	160	-1	0
160	16	-1	0
16	31	-1	0
31	232	-1	0
232	149	-1	0
149	130	-1	0
130	97	-1	0
97	158	-1	0
158	166	-1	0
166	222	-1	0
222	47	-1	0
47	129	-1	0
129	134	-1	0
134	223	-1	0
223	38	-1	0
38	177	-1	0
177	29	-1	0
29	55	-1	0
55	241	-1	0
241	108	-1	0
108	217	-1	0
217	11	-1	0
11	87	-1	0
87	212	-1	0
212	144	-1	0
144	33	-1	0
33	148	-1	0
148	225	-1	0
225	203	-1	0
203	56	-1	0
56	69	-1	0
69	95	-1	0
95	49	-1	0
49	92	-1	0
92	190	-1	0
190	9	-1	0
9	64	-1	0
64	205	-1	0
205	195	-1	0
195	142	-1	0
142	34	-1	0
34	104	-1	0
104	154	-1	0
154	133	-1	0
133	4	-1	0
4	191	-1	0
191	70	-1	0
70	237	-1	0
237	61	-1	0
61	179	-1	0
179	145	-1	0
145	121	-1	0
121	151	-1	0
151	136	-1	0
136	164	-1	0
164	165	-1	0
165	90	-1	0
90	12	-1	0
12	128	-1	0
128	163	-1	0
163	57	-1	0
57	111	-1	0
111	109	-1	0
109	169	-1	0
169	21	-1	0
21	171	-1	0
171	35	-1	0
35	147	-1	0
147	193	-1	0
193	30	-1	0
30	50	-1	0
50	93	-1	0
93	117	-1	0
117	32	-1	0
32	161	-1	0
161	71	-1	0
71	213	-1	0
213	200	-1	0
200	162	-1	0
162	214	-1	0
214	139	-1	0
139	96	-1	0
96	138	-1	0
138	247	-1	0
247	22	-1	0
22	135	-1	0
135	202	-1	0
202	43	-1	0
43	188	-1	0
188	123	-1	0
123	39	-1	0
39	68	-1	0
68	25	-1	0
25	48	-1	0
48	150	-1	0
150	224	-1	0
224	60	-1	0
60	233	-1	0
233	45	-1	0
45	239	-1	0
239	52	-1	0
52	194	-1	0
194	152	-1	0
152	88	-1	0
88	15	-1	0
15	175	-1	0
175	79	-1	0
79	26	-1	0
26	51	-1	0
51	5	-1	0
5	244	-1	0
244	228	-1	0
228	40	-1	0
40	210	-1	0
210	113	-1	0
113	2	-1	0
2	3	-1	0
3	230	-1	0
230	86	-1	0
86	242	-1	0
242	116	-1	0
116	115	-1	0
115	125	-1	0
125	249	-1	0
249	235	-1	0
235	211	-1	0
211	132	-1	0
132	0	-1	0
