/* Number of Operations */
375
/* List of Operations. */
/* Start	End	Fly	#Internal	Locations...*/
0	179	-1	0
179	167	-1	0
167	233	-1	0
233	210	-1	0
210	354	-1	0
354	123	-1	0
123	246	-1	0
246	25	-1	0
25	145	-1	0
145	37	-1	0
37	333	-1	0
333	235	-1	0
235	357	-1	0
357	330	-1	0
330	78	-1	0
78	335	-1	0
335	350	-1	0
350	39	-1	0
39	297	-1	0
297	358	-1	0
358	244	-1	0
244	135	-1	0
135	310	-1	0
310	294	-1	0
294	107	-1	0
107	95	-1	0
95	322	-1	0
322	155	-1	0
155	57	-1	0
57	374	-1	0
374	42	-1	0
42	193	-1	0
193	180	-1	0
180	34	-1	0
34	225	-1	0
225	205	-1	0
205	61	-1	0
61	89	-1	0
89	174	-1	0
174	7	-1	0
7	152	-1	0
152	312	-1	0
312	100	-1	0
100	10	-1	0
10	198	-1	0
198	171	-1	0
171	195	-1	0
195	184	-1	0
184	272	-1	0
272	301	-1	0
301	33	-1	0
33	151	-1	0
151	117	-1	0
117	261	-1	0
261	268	-1	0
268	197	-1	0
197	84	-1	0
84	308	-1	0
308	18	-1	0
18	38	-1	0
38	132	-1	0
132	2	-1	0
2	255	-1	0
255	137	-1	0
137	243	-1	0
243	59	-1	0
59	146	-1	0
146	80	-1	0
80	28	-1	0
28	263	-1	0
263	277	-1	0
277	173	-1	0
173	290	-1	0
290	274	-1	0
274	19	-1	0
19	306	-1	0
306	313	-1	0
313	13	-1	0
13	258	-1	0
258	111	-1	0
111	372	-1	0
372	201	-1	0
201	345	-1	0
345	325	-1	0
325	222	-1	0
222	234	-1	0
234	291	-1	0
291	208	-1	0
208	160	-1	0
160	260	-1	0
260	289	-1	0
289	53	-1	0
53	125	-1	0
125	153	-1	0
153	118	-1	0
118	148	-1	0
148	332	-1	0
332	309	-1	0
309	362	-1	0
362	138	-1	0
138	129	-1	0
129	82	-1	0
82	192	-1	0
192	143	-1	0
143	226	-1	0
226	293	-1	0
293	5	-1	0
5	285	-1	0
285	30	-1	0
30	108	-1	0
108	219	-1	0
219	134	-1	0
134	181	-1	0
181	232	-1	0
232	352	-1	0
352	88	-1	0
88	189	-1	0
189	176	-1	0
176	367	-1	0
367	251	-1	0
251	355	-1	0
355	85	-1	0
85	190	-1	0
190	74	-1	0
74	97	-1	0
97	67	-1	0
67	65	-1	0
65	121	-1	0
121	99	-1	0
99	56	-1	0
56	141	-1	0
141	347	-1	0
347	87	-1	0
87	324	-1	0
324	169	-1	0
169	223	-1	0
223	279	-1	0
279	106	-1	0
106	124	-1	0
124	250	-1	0
250	287	-1	0
287	139	-1	0
139	231	-1	0
231	228	-1	0
228	162	-1	0
162	248	-1	0
248	209	-1	0
209	241	-1	0
241	40	-1	0
40	58	-1	0
58	31	-1	0
31	280	-1	0
280	366	-1	0
366	369	-1	0
369	112	-1	0
112	194	-1	0
194	161	-1	0
161	318	-1	0
318	199	-1	0
199	6	-1	0
6	238	-1	0
238	101	-1	0
101	32	-1	0
32	311	-1	0
311	227	-1	0
227	120	-1	0
120	344	-1	0
344	230	-1	0
230	66	-1	0
66	175	-1	0
175	257	-1	0
257	21	-1	0
21	360	-1	0
360	361	-1	0
361	270	-1	0
270	72	-1	0
72	221	-1	0
221	214	-1	0
214	14	-1	0
14	185	-1	0
185	212	-1	0
212	224	-1	0
224	191	-1	0
191	320	-1	0
320	15	-1	0
15	186	-1	0
186	273	-1	0
273	373	-1	0
373	4	-1	0
4	295	-1	0
295	46	-1	0
46	266	-1	0
266	342	-1	0
342	275	-1	0
275	296	-1	0
296	16	-1	0
16	79	-1	0
79	91	-1	0
91	346	-1	0
346	336	-1	0
336	218	-1	0
218	114	-1	0
114	11	-1	0
11	203	-1	0
203	249	-1	0
249	73	-1	0
73	299	-1	0
299	71	-1	0
71	327	-1	0
327	236	-1	0
236	340	-1	0
340	93	-1	0
93	170	-1	0
170	77	-1	0
77	116	-1	0
116	341	-1	0
341	69	-1	0
69	110	-1	0
110	166	-1	0
166	371	-1	0
371	323	-1	0
323	49	-1	0
49	305	-1	0
305	370	-1	0
370	158	-1	0
158	127	-1	0
127	204	-1	0
204	316	-1	0
316	183	-1	0
183	229	-1	0
229	334	-1	0
334	326	-1	0
326	36	-1	0
36	282	-1	0
282	276	-1	0
276	96	-1	0
96	113	-1	0
113	314	-1	0
314	98	-1	0
98	356	-1	0
356	3	-1	0
3	64	-1	0
64	307	-1	0
307	35	-1	0
35	22	-1	0
22	211	-1	0
211	47	-1	0
47	178	-1	0
178	207	-1	0
207	187	-1	0
187	48	-1	0
48	240	-1	0
240	321	-1	0
321	26	-1	0
26	365	-1	0
365	262	-1	0
262	102	-1	0
102	70	-1	0
70	196	-1	0
196	206	-1	0
206	83	-1	0
83	269	-1	0
269	348	-1	0
348	9	-1	0
9	304	-1	0
304	1	-1	0
1	90	-1	0
90	302	-1	0
302	12	-1	0
12	329	-1	0
329	353	-1	0
353	92	-1	0
92	252	-1	0
252	165	-1	0
165	55	-1	0
55	130	-1	0
130	133	-1	0
133	247	-1	0
247	17	-1	0
17	239	-1	0
239	81	-1	0
81	177	-1	0
177	278	-1	0
278	115	-1	0
115	159	-1	0
159	264	-1	0
264	94	-1	0
94	215	-1	0
215	76	-1	0
76	29	-1	0
29	319	-1	0
319	131	-1	0
131	267	-1	0
267	142	-1	0
142	62	-1	0
62	202	-1	0
202	20	-1	0
20	163	-1	0
163	43	-1	0
43	60	-1	0
60	68	-1	0
68	54	-1	0
54	52	-1	0
52	24	-1	0
24	154	-1	0
154	109	-1	0
109	338	-1	0
338	271	-1	0
271	363	-1	0
363	259	-1	0
259	283	-1	0
283	351	-1	0
351	51	-1	0
51	156	-1	0
156	188	-1	0
188	168	-1	0
168	237	-1	0
237	157	-1	0
157	256	-1	0
256	245	-1	0
245	128	-1	0
128	217	-1	0
217	328	-1	0
328	104	-1	0
104	136	-1	0
136	150	-1	0
150	315	-1	0
315	140	-1	0
140	300	-1	0
300	298	-1	0
298	303	-1	0
303	216	-1	0
216	103	-1	0
103	281	-1	0
281	337	-1	0
337	119	-1	0
119	242	-1	0
242	172	-1	0
172	220	-1	0
220	265	-1	0
265	144	-1	0
144	343	-1	0
343	292	-1	0
292	349	-1	0
349	8	-1	0
8	317	-1	0
317	27	-1	0
27	182	-1	0
182	105	-1	0
105	122	-1	0
122	286	-1	0
286	23	-1	0
23	200	-1	0
200	147	-1	0
147	213	-1	0
213	288	-1	0
288	359	-1	0
359	364	-1	0
364	44	-1	0
44	253	-1	0
253	41	-1	0
41	75	-1	0
75	284	-1	0
284	164	-1	0
164	331	-1	0
331	126	-1	0
126	63	-1	0
63	50	-1	0
50	149	-1	0
149	368	-1	0
368	45	-1	0
45	254	-1	0
254	86	-1	0
86	339	-1	0
339	0	-1	0
