/* Number of Operations */
500
/* List of Operations. */
/* Start	End	Fly	#Internal	Locations...*/
0	419	-1	0
419	297	-1	0
297	380	-1	0
380	473	-1	0
473	306	-1	0
306	266	-1	0
266	345	-1	0
345	478	-1	0
478	420	-1	0
420	179	-1	0
179	428	-1	0
428	197	-1	0
197	113	-1	0
113	488	-1	0
488	82	-1	0
82	37	-1	0
37	269	-1	0
269	466	-1	0
466	186	-1	0
186	147	-1	0
147	460	-1	0
460	132	-1	0
132	202	-1	0
202	61	-1	0
61	84	-1	0
84	256	-1	0
256	152	-1	0
152	231	-1	0
231	64	-1	0
64	347	-1	0
347	468	-1	0
468	234	-1	0
234	110	-1	0
110	335	-1	0
335	382	-1	0
382	493	-1	0
493	385	-1	0
385	168	-1	0
168	4	-1	0
4	170	-1	0
170	163	-1	0
163	386	-1	0
386	268	-1	0
268	280	-1	0
280	77	-1	0
77	384	-1	0
384	442	-1	0
442	443	-1	0
443	489	-1	0
489	373	-1	0
373	180	-1	0
180	213	-1	0
213	200	-1	0
200	484	-1	0
484	87	-1	0
87	36	-1	0
36	90	-1	0
90	275	-1	0
275	161	-1	0
161	486	-1	0
486	151	-1	0
151	348	-1	0
348	444	-1	0
444	394	-1	0
394	50	-1	0
50	133	-1	0
133	137	-1	0
137	456	-1	0
456	145	-1	0
145	86	-1	0
86	391	-1	0
391	96	-1	0
96	114	-1	0
114	304	-1	0
304	224	-1	0
224	247	-1	0
247	415	-1	0
415	248	-1	0
248	396	-1	0
396	395	-1	0
395	140	-1	0
140	322	-1	0
322	421	-1	0
421	63	-1	0
63	263	-1	0
263	154	-1	0
154	490	-1	0
490	230	-1	0
230	313	-1	0
313	30	-1	0
30	43	-1	0
43	354	-1	0
354	15	-1	0
15	156	-1	0
156	233	-1	0
233	463	-1	0
463	291	-1	0
291	2	-1	0
2	282	-1	0
282	19	-1	0
19	14	-1	0
14	285	-1	0
285	371	-1	0
371	429	-1	0
429	439	-1	0
439	472	-1	0
472	246	-1	0
246	127	-1	0
127	76	-1	0
76	368	-1	0
368	39	-1	0
39	413	-1	0
413	288	-1	0
288	367	-1	0
367	141	-1	0
141	83	-1	0
83	226	-1	0
226	316	-1	0
316	243	-1	0
243	150	-1	0
150	80	-1	0
80	446	-1	0
446	93	-1	0
93	475	-1	0
475	216	-1	0
216	318	-1	0
318	69	-1	0
69	314	-1	0
314	485	-1	0
485	196	-1	0
196	40	-1	0
40	430	-1	0
430	264	-1	0
264	379	-1	0
379	320	-1	0
320	159	-1	0
159	293	-1	0
293	211	-1	0
211	474	-1	0
474	98	-1	0
98	289	-1	0
289	88	-1	0
88	459	-1	0
459	241	-1	0
241	148	-1	0
148	300	-1	0
300	134	-1	0
134	262	-1	0
262	392	-1	0
392	464	-1	0
464	467	-1	0
467	32	-1	0
32	416	-1	0
416	381	-1	0
381	377	-1	0
377	51	-1	0
51	405	-1	0
405	265	-1	0
265	130	-1	0
130	120	-1	0
120	236	-1	0
236	6	-1	0
6	450	-1	0
450	95	-1	0
95	408	-1	0
408	397	-1	0
397	65	-1	0
65	232	-1	0
232	108	-1	0
108	278	-1	0
278	471	-1	0
471	225	-1	0
225	362	-1	0
362	401	-1	0
401	273	-1	0
273	221	-1	0
221	364	-1	0
364	217	-1	0
217	254	-1	0
254	252	-1	0
252	328	-1	0
328	62	-1	0
62	28	-1	0
28	462	-1	0
462	284	-1	0
284	165	-1	0
165	276	-1	0
276	287	-1	0
287	412	-1	0
412	67	-1	0
67	271	-1	0
271	239	-1	0
239	143	-1	0
143	432	-1	0
432	125	-1	0
125	286	-1	0
286	270	-1	0
270	212	-1	0
212	20	-1	0
20	81	-1	0
81	72	-1	0
72	106	-1	0
106	146	-1	0
146	183	-1	0
183	356	-1	0
356	8	-1	0
8	258	-1	0
258	191	-1	0
191	257	-1	0
257	451	-1	0
451	181	-1	0
181	326	-1	0
326	305	-1	0
305	105	-1	0
105	499	-1	0
499	333	-1	0
333	16	-1	0
16	411	-1	0
411	249	-1	0
249	469	-1	0
469	481	-1	0
481	242	-1	0
242	198	-1	0
198	209	-1	0
209	75	-1	0
75	208	-1	0
208	372	-1	0
372	387	-1	0
387	483	-1	0
483	330	-1	0
330	177	-1	0
177	153	-1	0
153	29	-1	0
29	237	-1	0
237	477	-1	0
477	350	-1	0
350	336	-1	0
336	38	-1	0
38	441	-1	0
441	119	-1	0
119	138	-1	0
138	251	-1	0
251	339	-1	0
339	455	-1	0
455	97	-1	0
97	498	-1	0
498	338	-1	0
338	332	-1	0
332	302	-1	0
302	169	-1	0
169	299	-1	0
299	240	-1	0
240	470	-1	0
470	292	-1	0
292	126	-1	0
126	9	-1	0
9	309	-1	0
309	404	-1	0
404	315	-1	0
315	70	-1	0
70	390	-1	0
390	172	-1	0
172	173	-1	0
173	149	-1	0
149	13	-1	0
13	388	-1	0
388	59	-1	0
59	492	-1	0
492	453	-1	0
453	52	-1	0
52	279	-1	0
279	46	-1	0
46	342	-1	0
342	245	-1	0
245	201	-1	0
201	376	-1	0
376	227	-1	0
227	274	-1	0
274	357	-1	0
357	26	-1	0
26	351	-1	0
351	334	-1	0
334	144	-1	0
144	448	-1	0
448	68	-1	0
68	135	-1	0
135	45	-1	0
45	369	-1	0
369	24	-1	0
24	229	-1	0
229	166	-1	0
166	58	-1	0
58	424	-1	0
424	437	-1	0
437	215	-1	0
215	21	-1	0
21	491	-1	0
491	461	-1	0
461	66	-1	0
66	427	-1	0
427	167	-1	0
167	112	-1	0
112	190	-1	0
190	434	-1	0
434	479	-1	0
479	402	-1	0
402	111	-1	0
111	155	-1	0
155	324	-1	0
324	290	-1	0
290	73	-1	0
73	194	-1	0
194	301	-1	0
301	272	-1	0
272	31	-1	0
31	277	-1	0
277	129	-1	0
129	311	-1	0
311	298	-1	0
298	47	-1	0
47	352	-1	0
352	204	-1	0
204	435	-1	0
435	399	-1	0
399	48	-1	0
48	157	-1	0
157	495	-1	0
495	244	-1	0
244	11	-1	0
11	103	-1	0
103	94	-1	0
94	422	-1	0
422	425	-1	0
425	214	-1	0
214	295	-1	0
295	41	-1	0
41	410	-1	0
410	49	-1	0
49	303	-1	0
303	423	-1	0
423	12	-1	0
12	27	-1	0
27	496	-1	0
496	25	-1	0
25	346	-1	0
346	366	-1	0
366	100	-1	0
100	189	-1	0
189	449	-1	0
449	447	-1	0
447	403	-1	0
403	17	-1	0
17	433	-1	0
433	454	-1	0
454	438	-1	0
438	160	-1	0
160	10	-1	0
10	188	-1	0
188	136	-1	0
136	139	-1	0
139	370	-1	0
370	400	-1	0
400	360	-1	0
360	319	-1	0
319	164	-1	0
164	414	-1	0
414	99	-1	0
99	337	-1	0
337	426	-1	0
426	321	-1	0
321	259	-1	0
259	116	-1	0
116	199	-1	0
199	378	-1	0
378	142	-1	0
142	476	-1	0
476	344	-1	0
344	192	-1	0
192	261	-1	0
261	158	-1	0
158	89	-1	0
89	383	-1	0
383	23	-1	0
23	203	-1	0
203	343	-1	0
343	22	-1	0
22	482	-1	0
482	355	-1	0
355	109	-1	0
109	363	-1	0
363	85	-1	0
85	131	-1	0
131	253	-1	0
253	1	-1	0
1	220	-1	0
220	34	-1	0
34	195	-1	0
195	250	-1	0
250	407	-1	0
407	56	-1	0
56	101	-1	0
101	349	-1	0
349	128	-1	0
128	60	-1	0
60	361	-1	0
361	74	-1	0
74	205	-1	0
205	7	-1	0
7	440	-1	0
440	457	-1	0
457	494	-1	0
494	171	-1	0
171	223	-1	0
223	57	-1	0
57	294	-1	0
294	33	-1	0
33	281	-1	0
281	331	-1	0
331	184	-1	0
184	452	-1	0
452	312	-1	0
312	267	-1	0
267	358	-1	0
358	329	-1	0
329	398	-1	0
398	115	-1	0
115	325	-1	0
325	219	-1	0
219	465	-1	0
465	497	-1	0
497	260	-1	0
260	238	-1	0
238	187	-1	0
187	409	-1	0
409	341	-1	0
341	92	-1	0
92	308	-1	0
308	207	-1	0
207	55	-1	0
55	53	-1	0
53	375	-1	0
375	327	-1	0
327	193	-1	0
193	176	-1	0
176	174	-1	0
174	175	-1	0
175	162	-1	0
162	3	-1	0
3	122	-1	0
122	182	-1	0
182	107	-1	0
107	296	-1	0
296	206	-1	0
206	35	-1	0
35	487	-1	0
487	178	-1	0
178	118	-1	0
118	323	-1	0
323	359	-1	0
359	458	-1	0
458	185	-1	0
185	124	-1	0
124	283	-1	0
283	365	-1	0
365	42	-1	0
42	78	-1	0
78	44	-1	0
44	353	-1	0
353	102	-1	0
102	255	-1	0
255	210	-1	0
210	317	-1	0
317	104	-1	0
104	340	-1	0
340	389	-1	0
389	480	-1	0
480	91	-1	0
91	117	-1	0
117	71	-1	0
71	393	-1	0
393	418	-1	0
418	54	-1	0
54	5	-1	0
5	121	-1	0
121	235	-1	0
235	79	-1	0
79	406	-1	0
406	222	-1	0
222	307	-1	0
307	374	-1	0
374	445	-1	0
445	417	-1	0
417	123	-1	0
123	18	-1	0
18	310	-1	0
310	218	-1	0
218	228	-1	0
228	431	-1	0
431	436	-1	0
436	0	-1	0
