/* Number of Operations */
500
/* List of Operations. */
/* Start	End	Fly	#Internal	Locations...*/
0	470	-1	0
470	373	-1	0
373	65	-1	0
65	488	-1	0
488	80	-1	0
80	418	-1	0
418	466	-1	0
466	395	-1	0
395	486	-1	0
486	41	-1	0
41	170	-1	0
170	477	-1	0
477	142	-1	0
142	25	-1	0
25	135	-1	0
135	219	-1	0
219	356	-1	0
356	335	-1	0
335	63	-1	0
63	445	-1	0
445	399	-1	0
399	263	-1	0
263	324	-1	0
324	363	-1	0
363	101	-1	0
101	254	-1	0
254	35	-1	0
35	256	-1	0
256	143	-1	0
143	467	-1	0
467	289	-1	0
289	419	-1	0
419	495	-1	0
495	311	-1	0
311	250	-1	0
250	404	-1	0
404	370	-1	0
370	369	-1	0
369	67	-1	0
67	451	-1	0
451	26	-1	0
26	180	-1	0
180	328	-1	0
328	372	-1	0
372	423	-1	0
423	210	-1	0
210	236	-1	0
236	169	-1	0
169	480	-1	0
480	411	-1	0
411	155	-1	0
155	24	-1	0
24	237	-1	0
237	331	-1	0
331	138	-1	0
138	235	-1	0
235	113	-1	0
113	128	-1	0
128	229	-1	0
229	389	-1	0
389	484	-1	0
484	157	-1	0
157	115	-1	0
115	387	-1	0
387	381	-1	0
381	345	-1	0
345	382	-1	0
382	339	-1	0
339	269	-1	0
269	5	-1	0
5	140	-1	0
140	51	-1	0
51	130	-1	0
130	337	-1	0
337	388	-1	0
388	171	-1	0
171	97	-1	0
97	11	-1	0
11	145	-1	0
145	82	-1	0
82	303	-1	0
303	59	-1	0
59	296	-1	0
296	53	-1	0
53	224	-1	0
224	177	-1	0
177	214	-1	0
214	342	-1	0
342	14	-1	0
14	6	-1	0
6	290	-1	0
290	149	-1	0
149	302	-1	0
302	420	-1	0
420	234	-1	0
234	257	-1	0
257	258	-1	0
258	203	-1	0
203	325	-1	0
325	351	-1	0
351	340	-1	0
340	75	-1	0
75	146	-1	0
146	119	-1	0
119	306	-1	0
306	246	-1	0
246	464	-1	0
464	415	-1	0
415	454	-1	0
454	71	-1	0
71	31	-1	0
31	271	-1	0
271	378	-1	0
378	187	-1	0
187	435	-1	0
435	144	-1	0
144	197	-1	0
197	87	-1	0
87	304	-1	0
304	198	-1	0
198	173	-1	0
173	499	-1	0
499	18	-1	0
18	230	-1	0
230	247	-1	0
247	245	-1	0
245	427	-1	0
427	358	-1	0
358	182	-1	0
182	309	-1	0
309	274	-1	0
274	13	-1	0
13	403	-1	0
403	4	-1	0
4	326	-1	0
326	152	-1	0
152	281	-1	0
281	88	-1	0
88	134	-1	0
134	150	-1	0
150	376	-1	0
376	402	-1	0
402	196	-1	0
196	118	-1	0
118	293	-1	0
293	189	-1	0
189	132	-1	0
132	201	-1	0
201	218	-1	0
218	385	-1	0
385	127	-1	0
127	136	-1	0
136	123	-1	0
123	253	-1	0
253	259	-1	0
259	133	-1	0
133	377	-1	0
377	248	-1	0
248	27	-1	0
27	312	-1	0
312	400	-1	0
400	279	-1	0
279	393	-1	0
393	408	-1	0
408	252	-1	0
252	386	-1	0
386	23	-1	0
23	52	-1	0
52	450	-1	0
450	7	-1	0
7	39	-1	0
39	357	-1	0
357	107	-1	0
107	439	-1	0
439	205	-1	0
205	299	-1	0
299	487	-1	0
487	334	-1	0
334	216	-1	0
216	390	-1	0
390	267	-1	0
267	20	-1	0
20	68	-1	0
68	482	-1	0
482	139	-1	0
139	327	-1	0
327	129	-1	0
129	242	-1	0
242	244	-1	0
244	42	-1	0
42	352	-1	0
352	120	-1	0
120	291	-1	0
291	471	-1	0
471	320	-1	0
320	17	-1	0
17	79	-1	0
79	160	-1	0
160	430	-1	0
430	191	-1	0
191	168	-1	0
168	195	-1	0
195	151	-1	0
151	153	-1	0
153	383	-1	0
383	272	-1	0
272	102	-1	0
102	233	-1	0
233	200	-1	0
200	417	-1	0
417	58	-1	0
58	437	-1	0
437	465	-1	0
465	401	-1	0
401	354	-1	0
354	438	-1	0
438	294	-1	0
294	397	-1	0
397	489	-1	0
489	347	-1	0
347	455	-1	0
455	396	-1	0
396	409	-1	0
409	217	-1	0
217	449	-1	0
449	416	-1	0
416	178	-1	0
178	273	-1	0
273	33	-1	0
33	270	-1	0
270	183	-1	0
183	137	-1	0
137	442	-1	0
442	240	-1	0
240	380	-1	0
380	221	-1	0
221	159	-1	0
159	194	-1	0
194	202	-1	0
202	433	-1	0
433	440	-1	0
440	275	-1	0
275	188	-1	0
188	421	-1	0
421	117	-1	0
117	121	-1	0
121	434	-1	0
434	261	-1	0
261	70	-1	0
70	497	-1	0
497	50	-1	0
50	447	-1	0
447	323	-1	0
323	359	-1	0
359	436	-1	0
436	208	-1	0
208	192	-1	0
192	288	-1	0
288	292	-1	0
292	490	-1	0
490	125	-1	0
125	429	-1	0
429	468	-1	0
468	193	-1	0
193	148	-1	0
148	93	-1	0
93	2	-1	0
2	485	-1	0
485	268	-1	0
268	414	-1	0
414	367	-1	0
367	131	-1	0
131	105	-1	0
105	3	-1	0
3	181	-1	0
181	76	-1	0
76	371	-1	0
371	368	-1	0
368	167	-1	0
167	360	-1	0
360	349	-1	0
349	86	-1	0
86	184	-1	0
184	111	-1	0
111	394	-1	0
394	343	-1	0
343	61	-1	0
61	443	-1	0
443	158	-1	0
158	333	-1	0
333	211	-1	0
211	154	-1	0
154	284	-1	0
284	8	-1	0
8	453	-1	0
453	286	-1	0
286	38	-1	0
38	330	-1	0
330	310	-1	0
310	262	-1	0
262	277	-1	0
277	384	-1	0
384	73	-1	0
73	141	-1	0
141	365	-1	0
365	295	-1	0
295	496	-1	0
496	124	-1	0
124	223	-1	0
223	491	-1	0
491	186	-1	0
186	32	-1	0
32	46	-1	0
46	431	-1	0
431	84	-1	0
84	460	-1	0
460	44	-1	0
44	492	-1	0
492	348	-1	0
348	278	-1	0
278	16	-1	0
16	425	-1	0
425	231	-1	0
231	341	-1	0
341	239	-1	0
239	15	-1	0
15	307	-1	0
307	300	-1	0
300	104	-1	0
104	227	-1	0
227	432	-1	0
432	199	-1	0
199	494	-1	0
494	94	-1	0
94	407	-1	0
407	422	-1	0
422	249	-1	0
249	108	-1	0
108	332	-1	0
332	83	-1	0
83	54	-1	0
54	316	-1	0
316	476	-1	0
476	457	-1	0
457	176	-1	0
176	315	-1	0
315	463	-1	0
463	361	-1	0
361	260	-1	0
260	47	-1	0
47	74	-1	0
74	10	-1	0
10	410	-1	0
410	319	-1	0
319	241	-1	0
241	112	-1	0
112	346	-1	0
346	206	-1	0
206	64	-1	0
64	344	-1	0
344	355	-1	0
355	215	-1	0
215	462	-1	0
462	350	-1	0
350	413	-1	0
413	1	-1	0
1	109	-1	0
109	9	-1	0
9	92	-1	0
92	95	-1	0
95	478	-1	0
478	156	-1	0
156	238	-1	0
238	458	-1	0
458	49	-1	0
49	374	-1	0
374	475	-1	0
475	98	-1	0
98	66	-1	0
66	212	-1	0
212	179	-1	0
179	392	-1	0
392	297	-1	0
297	459	-1	0
459	479	-1	0
479	100	-1	0
100	452	-1	0
452	456	-1	0
456	29	-1	0
29	62	-1	0
62	428	-1	0
428	85	-1	0
85	162	-1	0
162	30	-1	0
30	164	-1	0
164	366	-1	0
366	391	-1	0
391	69	-1	0
69	379	-1	0
379	321	-1	0
321	48	-1	0
48	213	-1	0
213	122	-1	0
122	37	-1	0
37	424	-1	0
424	165	-1	0
165	314	-1	0
314	57	-1	0
57	283	-1	0
283	364	-1	0
364	60	-1	0
60	19	-1	0
19	481	-1	0
481	166	-1	0
166	34	-1	0
34	36	-1	0
36	483	-1	0
483	174	-1	0
174	72	-1	0
72	305	-1	0
305	225	-1	0
225	56	-1	0
56	22	-1	0
22	175	-1	0
175	426	-1	0
426	161	-1	0
161	472	-1	0
472	322	-1	0
322	222	-1	0
222	103	-1	0
103	78	-1	0
78	147	-1	0
147	329	-1	0
329	96	-1	0
96	398	-1	0
398	375	-1	0
375	12	-1	0
12	172	-1	0
172	405	-1	0
405	126	-1	0
126	163	-1	0
163	204	-1	0
204	353	-1	0
353	318	-1	0
318	362	-1	0
362	448	-1	0
448	338	-1	0
338	441	-1	0
441	89	-1	0
89	446	-1	0
446	255	-1	0
255	90	-1	0
90	91	-1	0
91	498	-1	0
498	43	-1	0
43	461	-1	0
461	207	-1	0
207	469	-1	0
469	228	-1	0
228	412	-1	0
412	282	-1	0
282	226	-1	0
226	190	-1	0
190	55	-1	0
55	220	-1	0
220	287	-1	0
287	265	-1	0
265	243	-1	0
243	473	-1	0
473	99	-1	0
99	301	-1	0
301	77	-1	0
77	40	-1	0
40	21	-1	0
21	251	-1	0
251	28	-1	0
28	232	-1	0
232	406	-1	0
406	298	-1	0
298	280	-1	0
280	276	-1	0
276	116	-1	0
116	264	-1	0
264	81	-1	0
81	106	-1	0
106	209	-1	0
209	317	-1	0
317	474	-1	0
474	493	-1	0
493	336	-1	0
336	313	-1	0
313	285	-1	0
285	45	-1	0
45	110	-1	0
110	114	-1	0
114	444	-1	0
444	266	-1	0
266	308	-1	0
308	185	-1	0
185	0	-1	0
