/* Number of Operations */
175
/* List of Operations. */
/* Start	End	Fly	#Internal	Locations...*/
0	133	-1	0
133	169	-1	0
169	165	-1	0
165	41	-1	0
41	25	-1	0
25	62	-1	0
62	56	-1	0
56	139	-1	0
139	142	-1	0
142	48	-1	0
48	156	-1	0
156	7	-1	0
7	118	-1	0
118	88	-1	0
88	60	-1	0
60	34	-1	0
34	11	-1	0
11	72	-1	0
72	81	-1	0
81	132	-1	0
132	123	-1	0
123	137	-1	0
137	64	-1	0
64	158	-1	0
158	80	-1	0
80	95	-1	0
95	23	-1	0
23	91	-1	0
91	15	-1	0
15	149	-1	0
149	124	-1	0
124	89	-1	0
89	27	-1	0
27	115	-1	0
115	86	-1	0
86	98	-1	0
98	17	-1	0
17	69	-1	0
69	82	-1	0
82	151	-1	0
151	49	-1	0
49	55	-1	0
55	128	-1	0
128	44	-1	0
44	129	-1	0
129	168	-1	0
168	74	-1	0
74	117	-1	0
117	54	-1	0
54	18	-1	0
18	160	-1	0
160	35	-1	0
35	140	-1	0
140	75	-1	0
75	39	-1	0
39	167	-1	0
167	2	-1	0
2	67	-1	0
67	28	-1	0
28	96	-1	0
96	93	-1	0
93	105	-1	0
105	43	-1	0
43	33	-1	0
33	136	-1	0
136	150	-1	0
150	8	-1	0
8	111	-1	0
111	90	-1	0
90	163	-1	0
163	116	-1	0
116	174	-1	0
174	166	-1	0
166	53	-1	0
53	9	-1	0
9	159	-1	0
159	119	-1	0
119	121	-1	0
121	172	-1	0
172	161	-1	0
161	71	-1	0
71	5	-1	0
5	106	-1	0
106	154	-1	0
154	143	-1	0
143	112	-1	0
112	103	-1	0
103	36	-1	0
36	107	-1	0
107	144	-1	0
144	120	-1	0
120	38	-1	0
38	47	-1	0
47	16	-1	0
16	100	-1	0
100	78	-1	0
78	153	-1	0
153	171	-1	0
171	70	-1	0
70	14	-1	0
14	6	-1	0
6	164	-1	0
164	138	-1	0
138	46	-1	0
46	68	-1	0
68	65	-1	0
65	40	-1	0
40	59	-1	0
59	92	-1	0
92	61	-1	0
61	45	-1	0
45	113	-1	0
113	162	-1	0
162	157	-1	0
157	76	-1	0
76	37	-1	0
37	155	-1	0
155	152	-1	0
152	131	-1	0
131	110	-1	0
110	79	-1	0
79	30	-1	0
30	52	-1	0
52	109	-1	0
109	114	-1	0
114	101	-1	0
101	134	-1	0
134	135	-1	0
135	148	-1	0
148	125	-1	0
125	50	-1	0
50	85	-1	0
85	57	-1	0
57	77	-1	0
77	146	-1	0
146	58	-1	0
58	1	-1	0
1	87	-1	0
87	145	-1	0
145	73	-1	0
73	66	-1	0
66	13	-1	0
13	173	-1	0
173	22	-1	0
22	3	-1	0
3	122	-1	0
122	26	-1	0
26	19	-1	0
19	63	-1	0
63	126	-1	0
126	104	-1	0
104	31	-1	0
31	170	-1	0
170	51	-1	0
51	12	-1	0
12	20	-1	0
20	42	-1	0
42	94	-1	0
94	29	-1	0
29	108	-1	0
108	147	-1	0
147	10	-1	0
10	102	-1	0
102	4	-1	0
4	97	-1	0
97	83	-1	0
83	84	-1	0
84	32	-1	0
32	141	-1	0
141	24	-1	0
24	21	-1	0
21	127	-1	0
127	130	-1	0
130	99	-1	0
99	0	-1	0
