/* Number of Operations */
375
/* List of Operations. */
/* Start	End	Fly	#Internal	Locations...*/
0	336	-1	0
336	20	-1	0
20	134	-1	0
134	136	-1	0
136	103	-1	0
103	201	-1	0
201	181	-1	0
181	257	-1	0
257	154	-1	0
154	118	-1	0
118	312	-1	0
312	159	-1	0
159	163	-1	0
163	141	-1	0
141	80	-1	0
80	183	-1	0
183	309	-1	0
309	197	-1	0
197	157	-1	0
157	215	-1	0
215	193	-1	0
193	270	-1	0
270	212	-1	0
212	111	-1	0
111	94	-1	0
94	326	-1	0
326	148	-1	0
148	292	-1	0
292	7	-1	0
7	300	-1	0
300	139	-1	0
139	204	-1	0
204	97	-1	0
97	372	-1	0
372	85	-1	0
85	264	-1	0
264	211	-1	0
211	316	-1	0
316	121	-1	0
121	17	-1	0
17	194	-1	0
194	109	-1	0
109	112	-1	0
112	100	-1	0
100	78	-1	0
78	98	-1	0
98	153	-1	0
153	177	-1	0
177	332	-1	0
332	362	-1	0
362	166	-1	0
166	191	-1	0
191	250	-1	0
250	44	-1	0
44	41	-1	0
41	347	-1	0
347	239	-1	0
239	158	-1	0
158	299	-1	0
299	369	-1	0
369	218	-1	0
218	273	-1	0
273	96	-1	0
96	367	-1	0
367	15	-1	0
15	10	-1	0
10	202	-1	0
202	150	-1	0
150	247	-1	0
247	296	-1	0
296	30	-1	0
30	13	-1	0
13	76	-1	0
76	9	-1	0
9	33	-1	0
33	174	-1	0
174	240	-1	0
240	93	-1	0
93	168	-1	0
168	277	-1	0
277	32	-1	0
32	66	-1	0
66	286	-1	0
286	124	-1	0
124	229	-1	0
229	234	-1	0
234	114	-1	0
114	223	-1	0
223	301	-1	0
301	73	-1	0
73	231	-1	0
231	2	-1	0
2	126	-1	0
126	88	-1	0
88	266	-1	0
266	291	-1	0
291	323	-1	0
323	186	-1	0
186	27	-1	0
27	35	-1	0
35	260	-1	0
260	172	-1	0
172	71	-1	0
71	322	-1	0
322	123	-1	0
123	256	-1	0
256	290	-1	0
290	225	-1	0
225	343	-1	0
343	310	-1	0
310	209	-1	0
209	235	-1	0
235	116	-1	0
116	120	-1	0
120	243	-1	0
243	278	-1	0
278	205	-1	0
205	84	-1	0
84	171	-1	0
171	335	-1	0
335	337	-1	0
337	198	-1	0
198	3	-1	0
3	86	-1	0
86	287	-1	0
287	303	-1	0
303	353	-1	0
353	368	-1	0
368	18	-1	0
18	89	-1	0
89	313	-1	0
313	366	-1	0
366	16	-1	0
16	46	-1	0
46	36	-1	0
36	67	-1	0
67	297	-1	0
297	74	-1	0
74	219	-1	0
219	165	-1	0
165	69	-1	0
69	328	-1	0
328	249	-1	0
249	255	-1	0
255	38	-1	0
38	68	-1	0
68	160	-1	0
160	345	-1	0
345	43	-1	0
43	374	-1	0
374	180	-1	0
180	269	-1	0
269	29	-1	0
29	308	-1	0
308	8	-1	0
8	271	-1	0
271	90	-1	0
90	276	-1	0
276	178	-1	0
178	14	-1	0
14	221	-1	0
221	110	-1	0
110	246	-1	0
246	60	-1	0
60	227	-1	0
227	329	-1	0
329	113	-1	0
113	226	-1	0
226	95	-1	0
95	25	-1	0
25	49	-1	0
49	268	-1	0
268	373	-1	0
373	333	-1	0
333	238	-1	0
238	107	-1	0
107	358	-1	0
358	176	-1	0
176	319	-1	0
319	6	-1	0
6	50	-1	0
50	232	-1	0
232	272	-1	0
272	214	-1	0
214	87	-1	0
87	61	-1	0
61	281	-1	0
281	56	-1	0
56	117	-1	0
117	350	-1	0
350	128	-1	0
128	164	-1	0
164	57	-1	0
57	102	-1	0
102	54	-1	0
54	228	-1	0
228	364	-1	0
364	248	-1	0
248	244	-1	0
244	327	-1	0
327	241	-1	0
241	53	-1	0
53	62	-1	0
62	320	-1	0
320	371	-1	0
371	259	-1	0
259	331	-1	0
331	129	-1	0
129	173	-1	0
173	196	-1	0
196	359	-1	0
359	307	-1	0
307	45	-1	0
45	356	-1	0
356	346	-1	0
346	348	-1	0
348	37	-1	0
37	26	-1	0
26	42	-1	0
42	187	-1	0
187	284	-1	0
284	311	-1	0
311	72	-1	0
72	28	-1	0
28	267	-1	0
267	24	-1	0
24	265	-1	0
265	360	-1	0
360	4	-1	0
4	252	-1	0
252	230	-1	0
230	233	-1	0
233	169	-1	0
169	130	-1	0
130	188	-1	0
188	143	-1	0
143	106	-1	0
106	339	-1	0
339	254	-1	0
254	127	-1	0
127	39	-1	0
39	5	-1	0
5	115	-1	0
115	213	-1	0
213	195	-1	0
195	170	-1	0
170	262	-1	0
262	305	-1	0
305	125	-1	0
125	108	-1	0
108	304	-1	0
304	315	-1	0
315	330	-1	0
330	155	-1	0
155	280	-1	0
280	92	-1	0
92	289	-1	0
289	59	-1	0
59	306	-1	0
306	352	-1	0
352	119	-1	0
119	142	-1	0
142	317	-1	0
317	365	-1	0
365	185	-1	0
185	132	-1	0
132	79	-1	0
79	275	-1	0
275	145	-1	0
145	258	-1	0
258	294	-1	0
294	242	-1	0
242	146	-1	0
146	324	-1	0
324	137	-1	0
137	40	-1	0
40	75	-1	0
75	334	-1	0
334	175	-1	0
175	23	-1	0
23	133	-1	0
133	293	-1	0
293	216	-1	0
216	179	-1	0
179	151	-1	0
151	48	-1	0
48	338	-1	0
338	34	-1	0
34	361	-1	0
361	251	-1	0
251	152	-1	0
152	263	-1	0
263	314	-1	0
314	355	-1	0
355	55	-1	0
55	167	-1	0
167	340	-1	0
340	351	-1	0
351	52	-1	0
52	122	-1	0
122	91	-1	0
91	363	-1	0
363	161	-1	0
161	370	-1	0
370	47	-1	0
47	81	-1	0
81	99	-1	0
99	222	-1	0
222	237	-1	0
237	282	-1	0
282	162	-1	0
162	207	-1	0
207	140	-1	0
140	354	-1	0
354	321	-1	0
321	298	-1	0
298	31	-1	0
31	253	-1	0
253	19	-1	0
19	220	-1	0
220	82	-1	0
82	12	-1	0
12	101	-1	0
101	302	-1	0
302	349	-1	0
349	295	-1	0
295	318	-1	0
318	11	-1	0
11	224	-1	0
224	199	-1	0
199	192	-1	0
192	64	-1	0
64	236	-1	0
236	147	-1	0
147	325	-1	0
325	65	-1	0
65	138	-1	0
138	131	-1	0
131	135	-1	0
135	344	-1	0
344	357	-1	0
357	279	-1	0
279	104	-1	0
104	190	-1	0
190	206	-1	0
206	200	-1	0
200	144	-1	0
144	285	-1	0
285	208	-1	0
208	210	-1	0
210	342	-1	0
342	77	-1	0
77	274	-1	0
274	21	-1	0
21	83	-1	0
83	189	-1	0
189	51	-1	0
51	70	-1	0
70	1	-1	0
1	58	-1	0
58	63	-1	0
63	283	-1	0
283	261	-1	0
261	156	-1	0
156	245	-1	0
245	149	-1	0
149	184	-1	0
184	203	-1	0
203	182	-1	0
182	288	-1	0
288	22	-1	0
22	341	-1	0
341	217	-1	0
217	105	-1	0
105	0	-1	0
