/* Number of Operations */
75
/* List of Operations. */
/* Start	End	Fly	#Internal	Locations...*/
0	13	-1	0
13	32	-1	0
32	71	-1	0
71	34	-1	0
34	54	-1	0
54	16	-1	0
16	58	-1	0
58	6	-1	0
6	10	-1	0
10	14	-1	0
14	51	-1	0
51	67	-1	0
67	41	-1	0
41	61	-1	0
61	50	-1	0
50	60	-1	0
60	21	-1	0
21	37	-1	0
37	19	-1	0
19	72	-1	0
72	48	-1	0
48	1	-1	0
1	43	-1	0
43	31	-1	0
31	23	-1	0
23	63	-1	0
63	3	-1	0
3	5	-1	0
5	26	-1	0
26	46	-1	0
46	65	-1	0
65	59	-1	0
59	52	-1	0
52	55	-1	0
55	7	-1	0
7	74	-1	0
74	70	-1	0
70	69	-1	0
69	64	-1	0
64	68	-1	0
68	39	-1	0
39	12	-1	0
12	42	-1	0
42	40	-1	0
40	11	-1	0
11	49	-1	0
49	45	-1	0
45	9	-1	0
9	24	-1	0
24	30	-1	0
30	47	-1	0
47	35	-1	0
35	57	-1	0
57	73	-1	0
73	38	-1	0
38	66	-1	0
66	29	-1	0
29	44	-1	0
44	36	-1	0
36	20	-1	0
20	18	-1	0
18	53	-1	0
53	27	-1	0
27	22	-1	0
22	56	-1	0
56	33	-1	0
33	25	-1	0
25	62	-1	0
62	28	-1	0
28	15	-1	0
15	8	-1	0
8	17	-1	0
17	4	-1	0
4	2	-1	0
2	0	-1	0
