/* Number of Operations */
375
/* List of Operations. */
/* Start	End	Fly	#Internal	Locations...*/
0	257	-1	0
257	352	-1	0
352	206	-1	0
206	4	-1	0
4	187	-1	0
187	234	-1	0
234	208	-1	0
208	248	-1	0
248	83	-1	0
83	45	-1	0
45	353	-1	0
353	47	-1	0
47	319	-1	0
319	324	-1	0
324	148	-1	0
148	374	-1	0
374	51	-1	0
51	314	-1	0
314	205	-1	0
205	116	-1	0
116	350	-1	0
350	277	-1	0
277	340	-1	0
340	237	-1	0
237	283	-1	0
283	143	-1	0
143	370	-1	0
370	236	-1	0
236	247	-1	0
247	349	-1	0
349	68	-1	0
68	46	-1	0
46	34	-1	0
34	364	-1	0
364	268	-1	0
268	150	-1	0
150	204	-1	0
204	13	-1	0
13	9	-1	0
9	157	-1	0
157	173	-1	0
173	347	-1	0
347	102	-1	0
102	294	-1	0
294	92	-1	0
92	284	-1	0
284	203	-1	0
203	193	-1	0
193	53	-1	0
53	299	-1	0
299	200	-1	0
200	32	-1	0
32	115	-1	0
115	81	-1	0
81	93	-1	0
93	289	-1	0
289	79	-1	0
79	174	-1	0
174	99	-1	0
99	329	-1	0
329	362	-1	0
362	58	-1	0
58	335	-1	0
335	359	-1	0
359	262	-1	0
262	326	-1	0
326	21	-1	0
21	113	-1	0
113	142	-1	0
142	166	-1	0
166	330	-1	0
330	288	-1	0
288	254	-1	0
254	96	-1	0
96	232	-1	0
232	217	-1	0
217	239	-1	0
239	103	-1	0
103	189	-1	0
189	42	-1	0
42	264	-1	0
264	368	-1	0
368	261	-1	0
261	227	-1	0
227	186	-1	0
186	351	-1	0
351	333	-1	0
333	38	-1	0
38	35	-1	0
35	137	-1	0
137	110	-1	0
110	161	-1	0
161	112	-1	0
112	10	-1	0
10	40	-1	0
40	220	-1	0
220	281	-1	0
281	358	-1	0
358	56	-1	0
56	312	-1	0
312	52	-1	0
52	86	-1	0
86	159	-1	0
159	111	-1	0
111	74	-1	0
74	258	-1	0
258	305	-1	0
305	342	-1	0
342	182	-1	0
182	209	-1	0
209	33	-1	0
33	37	-1	0
37	269	-1	0
269	361	-1	0
361	253	-1	0
253	313	-1	0
313	14	-1	0
14	85	-1	0
85	55	-1	0
55	60	-1	0
60	280	-1	0
280	311	-1	0
311	321	-1	0
321	164	-1	0
164	276	-1	0
276	202	-1	0
202	22	-1	0
22	69	-1	0
69	244	-1	0
244	307	-1	0
307	346	-1	0
346	263	-1	0
263	296	-1	0
296	278	-1	0
278	72	-1	0
72	172	-1	0
172	122	-1	0
122	339	-1	0
339	302	-1	0
302	154	-1	0
154	274	-1	0
274	185	-1	0
185	5	-1	0
5	282	-1	0
282	308	-1	0
308	18	-1	0
18	80	-1	0
80	65	-1	0
65	196	-1	0
196	7	-1	0
7	341	-1	0
341	50	-1	0
50	256	-1	0
256	146	-1	0
146	287	-1	0
287	25	-1	0
25	295	-1	0
295	41	-1	0
41	240	-1	0
240	30	-1	0
30	231	-1	0
231	91	-1	0
91	192	-1	0
192	15	-1	0
15	181	-1	0
181	176	-1	0
176	20	-1	0
20	73	-1	0
73	140	-1	0
140	371	-1	0
371	331	-1	0
331	327	-1	0
327	292	-1	0
292	271	-1	0
271	153	-1	0
153	23	-1	0
23	141	-1	0
141	77	-1	0
77	48	-1	0
48	97	-1	0
97	117	-1	0
117	132	-1	0
132	323	-1	0
323	19	-1	0
19	121	-1	0
121	303	-1	0
303	354	-1	0
354	61	-1	0
61	66	-1	0
66	170	-1	0
170	332	-1	0
332	134	-1	0
134	316	-1	0
316	198	-1	0
198	290	-1	0
290	67	-1	0
67	369	-1	0
369	165	-1	0
165	366	-1	0
366	360	-1	0
360	8	-1	0
8	70	-1	0
70	119	-1	0
119	207	-1	0
207	82	-1	0
82	126	-1	0
126	338	-1	0
338	273	-1	0
273	175	-1	0
175	285	-1	0
285	31	-1	0
31	219	-1	0
219	133	-1	0
133	363	-1	0
363	17	-1	0
17	243	-1	0
243	238	-1	0
238	84	-1	0
84	145	-1	0
145	214	-1	0
214	260	-1	0
260	183	-1	0
183	245	-1	0
245	194	-1	0
194	210	-1	0
210	191	-1	0
191	293	-1	0
293	357	-1	0
357	16	-1	0
16	156	-1	0
156	105	-1	0
105	3	-1	0
3	54	-1	0
54	104	-1	0
104	168	-1	0
168	337	-1	0
337	87	-1	0
87	249	-1	0
249	241	-1	0
241	218	-1	0
218	167	-1	0
167	328	-1	0
328	259	-1	0
259	211	-1	0
211	147	-1	0
147	318	-1	0
318	222	-1	0
222	12	-1	0
12	149	-1	0
149	29	-1	0
29	301	-1	0
301	177	-1	0
177	125	-1	0
125	348	-1	0
348	344	-1	0
344	306	-1	0
306	195	-1	0
195	24	-1	0
24	286	-1	0
286	229	-1	0
229	78	-1	0
78	367	-1	0
367	184	-1	0
184	221	-1	0
221	128	-1	0
128	270	-1	0
270	135	-1	0
135	114	-1	0
114	298	-1	0
298	94	-1	0
94	317	-1	0
317	158	-1	0
158	304	-1	0
304	230	-1	0
230	1	-1	0
1	188	-1	0
188	226	-1	0
226	120	-1	0
120	59	-1	0
59	64	-1	0
64	251	-1	0
251	95	-1	0
95	300	-1	0
300	223	-1	0
223	28	-1	0
28	160	-1	0
160	355	-1	0
355	27	-1	0
27	315	-1	0
315	180	-1	0
180	224	-1	0
224	100	-1	0
100	62	-1	0
62	49	-1	0
49	162	-1	0
162	291	-1	0
291	372	-1	0
372	199	-1	0
199	310	-1	0
310	343	-1	0
343	107	-1	0
107	101	-1	0
101	213	-1	0
213	6	-1	0
6	136	-1	0
136	267	-1	0
267	242	-1	0
242	108	-1	0
108	63	-1	0
63	212	-1	0
212	109	-1	0
109	127	-1	0
127	345	-1	0
345	266	-1	0
266	309	-1	0
309	36	-1	0
36	11	-1	0
11	297	-1	0
297	124	-1	0
124	89	-1	0
89	322	-1	0
322	151	-1	0
151	152	-1	0
152	334	-1	0
334	225	-1	0
225	272	-1	0
272	233	-1	0
233	139	-1	0
139	76	-1	0
76	71	-1	0
71	169	-1	0
169	336	-1	0
336	265	-1	0
265	131	-1	0
131	250	-1	0
250	26	-1	0
26	201	-1	0
201	325	-1	0
325	163	-1	0
163	123	-1	0
123	106	-1	0
106	44	-1	0
44	57	-1	0
57	215	-1	0
215	190	-1	0
190	178	-1	0
178	144	-1	0
144	320	-1	0
320	130	-1	0
130	43	-1	0
43	39	-1	0
39	138	-1	0
138	228	-1	0
228	365	-1	0
365	179	-1	0
179	88	-1	0
88	90	-1	0
90	356	-1	0
356	98	-1	0
98	171	-1	0
171	255	-1	0
255	2	-1	0
2	252	-1	0
252	246	-1	0
246	197	-1	0
197	373	-1	0
373	118	-1	0
118	216	-1	0
216	75	-1	0
75	275	-1	0
275	235	-1	0
235	129	-1	0
129	155	-1	0
155	279	-1	0
279	0	-1	0
