/* Number of Operations */
250
/* List of Operations. */
/* Start	End	Fly	#Internal	Locations...*/
0	9	-1	0
9	132	-1	0
132	89	-1	0
89	64	-1	0
64	128	-1	0
128	45	-1	0
45	150	-1	0
150	50	-1	0
50	25	-1	0
25	98	-1	0
98	29	-1	0
29	129	-1	0
129	215	-1	0
215	126	-1	0
126	201	-1	0
201	70	-1	0
70	66	-1	0
66	139	-1	0
139	155	-1	0
155	206	-1	0
206	117	-1	0
117	186	-1	0
186	233	-1	0
233	209	-1	0
209	113	-1	0
113	10	-1	0
10	92	-1	0
92	228	-1	0
228	183	-1	0
183	22	-1	0
22	168	-1	0
168	219	-1	0
219	105	-1	0
105	27	-1	0
27	153	-1	0
153	72	-1	0
72	156	-1	0
156	242	-1	0
242	217	-1	0
217	213	-1	0
213	207	-1	0
207	61	-1	0
61	121	-1	0
121	3	-1	0
3	125	-1	0
125	95	-1	0
95	200	-1	0
200	112	-1	0
112	158	-1	0
158	140	-1	0
140	130	-1	0
130	179	-1	0
179	102	-1	0
102	205	-1	0
205	55	-1	0
55	83	-1	0
83	99	-1	0
99	1	-1	0
1	164	-1	0
164	180	-1	0
180	184	-1	0
184	107	-1	0
107	48	-1	0
48	188	-1	0
188	101	-1	0
101	175	-1	0
175	39	-1	0
39	162	-1	0
162	144	-1	0
144	229	-1	0
229	123	-1	0
123	90	-1	0
90	199	-1	0
199	142	-1	0
142	111	-1	0
111	32	-1	0
32	120	-1	0
120	143	-1	0
143	51	-1	0
51	176	-1	0
176	88	-1	0
88	137	-1	0
137	193	-1	0
193	177	-1	0
177	11	-1	0
11	91	-1	0
91	8	-1	0
8	238	-1	0
238	43	-1	0
43	85	-1	0
85	232	-1	0
232	157	-1	0
157	106	-1	0
106	234	-1	0
234	108	-1	0
108	58	-1	0
58	118	-1	0
118	170	-1	0
170	225	-1	0
225	49	-1	0
49	75	-1	0
75	169	-1	0
169	54	-1	0
54	33	-1	0
33	69	-1	0
69	24	-1	0
24	13	-1	0
13	204	-1	0
204	145	-1	0
145	181	-1	0
181	226	-1	0
226	148	-1	0
148	36	-1	0
36	31	-1	0
31	100	-1	0
100	171	-1	0
171	189	-1	0
189	103	-1	0
103	133	-1	0
133	195	-1	0
195	178	-1	0
178	109	-1	0
109	114	-1	0
114	60	-1	0
60	34	-1	0
34	65	-1	0
65	191	-1	0
191	80	-1	0
80	243	-1	0
243	239	-1	0
239	146	-1	0
146	245	-1	0
245	41	-1	0
41	202	-1	0
202	223	-1	0
223	196	-1	0
196	78	-1	0
78	19	-1	0
19	46	-1	0
46	167	-1	0
167	35	-1	0
35	97	-1	0
97	77	-1	0
77	231	-1	0
231	79	-1	0
79	192	-1	0
192	4	-1	0
4	216	-1	0
216	44	-1	0
44	16	-1	0
16	2	-1	0
2	127	-1	0
127	93	-1	0
93	185	-1	0
185	160	-1	0
160	172	-1	0
172	104	-1	0
104	165	-1	0
165	42	-1	0
42	20	-1	0
20	53	-1	0
53	166	-1	0
166	67	-1	0
67	73	-1	0
73	26	-1	0
26	28	-1	0
28	152	-1	0
152	86	-1	0
86	7	-1	0
7	154	-1	0
154	131	-1	0
131	141	-1	0
141	17	-1	0
17	59	-1	0
59	74	-1	0
74	173	-1	0
173	221	-1	0
221	71	-1	0
71	52	-1	0
52	119	-1	0
119	198	-1	0
198	84	-1	0
84	203	-1	0
203	134	-1	0
134	62	-1	0
62	21	-1	0
21	63	-1	0
63	6	-1	0
6	124	-1	0
124	47	-1	0
47	211	-1	0
211	210	-1	0
210	249	-1	0
249	56	-1	0
56	208	-1	0
208	135	-1	0
135	174	-1	0
174	187	-1	0
187	57	-1	0
57	212	-1	0
212	15	-1	0
15	222	-1	0
222	235	-1	0
235	87	-1	0
87	159	-1	0
159	220	-1	0
220	138	-1	0
138	38	-1	0
38	30	-1	0
30	40	-1	0
40	94	-1	0
94	122	-1	0
122	230	-1	0
230	163	-1	0
163	227	-1	0
227	248	-1	0
248	194	-1	0
194	149	-1	0
149	237	-1	0
237	151	-1	0
151	5	-1	0
5	23	-1	0
23	115	-1	0
115	68	-1	0
68	182	-1	0
182	244	-1	0
244	76	-1	0
76	14	-1	0
14	82	-1	0
82	240	-1	0
240	81	-1	0
81	247	-1	0
247	136	-1	0
136	214	-1	0
214	197	-1	0
197	12	-1	0
12	37	-1	0
37	224	-1	0
224	190	-1	0
190	116	-1	0
116	218	-1	0
218	246	-1	0
246	236	-1	0
236	96	-1	0
96	18	-1	0
18	110	-1	0
110	161	-1	0
161	147	-1	0
147	241	-1	0
241	0	-1	0
