/* Number of Operations */
500
/* List of Operations. */
/* Start	End	Fly	#Internal	Locations...*/
0	179	-1	0
179	415	-1	0
415	25	-1	0
25	238	-1	0
238	404	-1	0
404	101	-1	0
101	245	-1	0
245	85	-1	0
85	328	-1	0
328	458	-1	0
458	251	-1	0
251	140	-1	0
140	66	-1	0
66	308	-1	0
308	313	-1	0
313	269	-1	0
269	489	-1	0
489	333	-1	0
333	174	-1	0
174	391	-1	0
391	183	-1	0
183	495	-1	0
495	137	-1	0
137	344	-1	0
344	28	-1	0
28	396	-1	0
396	203	-1	0
203	299	-1	0
299	117	-1	0
117	125	-1	0
125	192	-1	0
192	258	-1	0
258	253	-1	0
253	231	-1	0
231	133	-1	0
133	36	-1	0
36	132	-1	0
132	383	-1	0
383	64	-1	0
64	280	-1	0
280	276	-1	0
276	170	-1	0
170	471	-1	0
471	440	-1	0
440	112	-1	0
112	346	-1	0
346	279	-1	0
279	434	-1	0
434	433	-1	0
433	228	-1	0
228	182	-1	0
182	134	-1	0
134	151	-1	0
151	71	-1	0
71	103	-1	0
103	315	-1	0
315	413	-1	0
413	431	-1	0
431	300	-1	0
300	105	-1	0
105	394	-1	0
394	224	-1	0
224	369	-1	0
369	144	-1	0
144	20	-1	0
20	278	-1	0
278	382	-1	0
382	3	-1	0
3	496	-1	0
496	371	-1	0
371	80	-1	0
80	35	-1	0
35	366	-1	0
366	373	-1	0
373	10	-1	0
10	261	-1	0
261	135	-1	0
135	444	-1	0
444	60	-1	0
60	230	-1	0
230	292	-1	0
292	94	-1	0
94	385	-1	0
385	120	-1	0
120	270	-1	0
270	297	-1	0
297	365	-1	0
365	399	-1	0
399	241	-1	0
241	294	-1	0
294	425	-1	0
425	88	-1	0
88	372	-1	0
372	92	-1	0
92	406	-1	0
406	452	-1	0
452	219	-1	0
219	40	-1	0
40	257	-1	0
257	181	-1	0
181	475	-1	0
475	476	-1	0
476	99	-1	0
99	237	-1	0
237	473	-1	0
473	329	-1	0
329	296	-1	0
296	393	-1	0
393	76	-1	0
76	11	-1	0
11	146	-1	0
146	68	-1	0
68	81	-1	0
81	359	-1	0
359	427	-1	0
427	5	-1	0
5	249	-1	0
249	216	-1	0
216	153	-1	0
153	363	-1	0
363	142	-1	0
142	229	-1	0
229	234	-1	0
234	319	-1	0
319	49	-1	0
49	29	-1	0
29	331	-1	0
331	335	-1	0
335	397	-1	0
397	339	-1	0
339	215	-1	0
215	284	-1	0
284	252	-1	0
252	171	-1	0
171	472	-1	0
472	250	-1	0
250	18	-1	0
18	381	-1	0
381	227	-1	0
227	152	-1	0
152	78	-1	0
78	96	-1	0
96	77	-1	0
77	485	-1	0
485	357	-1	0
357	198	-1	0
198	467	-1	0
467	342	-1	0
342	26	-1	0
26	155	-1	0
155	218	-1	0
218	150	-1	0
150	271	-1	0
271	368	-1	0
368	338	-1	0
338	451	-1	0
451	291	-1	0
291	185	-1	0
185	322	-1	0
322	483	-1	0
483	497	-1	0
497	61	-1	0
61	102	-1	0
102	422	-1	0
422	154	-1	0
154	138	-1	0
138	353	-1	0
353	104	-1	0
104	2	-1	0
2	407	-1	0
407	186	-1	0
186	246	-1	0
246	13	-1	0
13	446	-1	0
446	401	-1	0
401	360	-1	0
360	463	-1	0
463	306	-1	0
306	131	-1	0
131	175	-1	0
175	172	-1	0
172	168	-1	0
168	468	-1	0
468	51	-1	0
51	256	-1	0
256	119	-1	0
119	390	-1	0
390	39	-1	0
39	113	-1	0
113	156	-1	0
156	262	-1	0
262	378	-1	0
378	341	-1	0
341	375	-1	0
375	194	-1	0
194	410	-1	0
410	223	-1	0
223	196	-1	0
196	479	-1	0
479	460	-1	0
460	389	-1	0
389	459	-1	0
459	9	-1	0
9	288	-1	0
288	141	-1	0
141	190	-1	0
190	449	-1	0
449	163	-1	0
163	441	-1	0
441	283	-1	0
283	362	-1	0
362	409	-1	0
409	116	-1	0
116	481	-1	0
481	93	-1	0
93	191	-1	0
191	348	-1	0
348	429	-1	0
429	320	-1	0
320	482	-1	0
482	19	-1	0
19	65	-1	0
65	403	-1	0
403	435	-1	0
435	354	-1	0
354	445	-1	0
445	423	-1	0
423	289	-1	0
289	180	-1	0
180	424	-1	0
424	126	-1	0
126	493	-1	0
493	159	-1	0
159	202	-1	0
202	265	-1	0
265	376	-1	0
376	127	-1	0
127	330	-1	0
330	464	-1	0
464	34	-1	0
34	162	-1	0
162	367	-1	0
367	164	-1	0
164	114	-1	0
114	63	-1	0
63	235	-1	0
235	447	-1	0
447	206	-1	0
206	48	-1	0
48	214	-1	0
214	205	-1	0
205	351	-1	0
351	405	-1	0
405	161	-1	0
161	100	-1	0
100	22	-1	0
22	32	-1	0
32	411	-1	0
411	212	-1	0
212	478	-1	0
478	91	-1	0
91	430	-1	0
430	167	-1	0
167	187	-1	0
187	490	-1	0
490	110	-1	0
110	386	-1	0
386	419	-1	0
419	201	-1	0
201	89	-1	0
89	285	-1	0
285	268	-1	0
268	303	-1	0
303	84	-1	0
84	418	-1	0
418	226	-1	0
226	327	-1	0
327	477	-1	0
477	55	-1	0
55	128	-1	0
128	264	-1	0
264	247	-1	0
247	27	-1	0
27	221	-1	0
221	21	-1	0
21	209	-1	0
209	305	-1	0
305	316	-1	0
316	47	-1	0
47	384	-1	0
384	388	-1	0
388	44	-1	0
44	374	-1	0
374	295	-1	0
295	454	-1	0
454	213	-1	0
213	428	-1	0
428	239	-1	0
239	334	-1	0
334	108	-1	0
108	70	-1	0
70	98	-1	0
98	349	-1	0
349	420	-1	0
420	106	-1	0
106	347	-1	0
347	260	-1	0
260	244	-1	0
244	309	-1	0
309	400	-1	0
400	455	-1	0
455	157	-1	0
157	350	-1	0
350	220	-1	0
220	188	-1	0
188	129	-1	0
129	282	-1	0
282	248	-1	0
248	484	-1	0
484	379	-1	0
379	343	-1	0
343	16	-1	0
16	38	-1	0
38	487	-1	0
487	470	-1	0
470	298	-1	0
298	79	-1	0
79	318	-1	0
318	148	-1	0
148	457	-1	0
457	494	-1	0
494	86	-1	0
86	204	-1	0
204	33	-1	0
33	232	-1	0
232	323	-1	0
323	356	-1	0
356	62	-1	0
62	469	-1	0
469	480	-1	0
480	355	-1	0
355	222	-1	0
222	491	-1	0
491	436	-1	0
436	370	-1	0
370	124	-1	0
124	58	-1	0
58	57	-1	0
57	207	-1	0
207	380	-1	0
380	31	-1	0
31	59	-1	0
59	122	-1	0
122	281	-1	0
281	53	-1	0
53	432	-1	0
432	498	-1	0
498	352	-1	0
352	123	-1	0
123	499	-1	0
499	195	-1	0
195	50	-1	0
50	336	-1	0
336	474	-1	0
474	189	-1	0
189	442	-1	0
442	426	-1	0
426	453	-1	0
453	30	-1	0
30	417	-1	0
417	197	-1	0
197	82	-1	0
82	23	-1	0
23	301	-1	0
301	361	-1	0
361	310	-1	0
310	443	-1	0
443	6	-1	0
6	165	-1	0
165	83	-1	0
83	488	-1	0
488	254	-1	0
254	160	-1	0
160	345	-1	0
345	266	-1	0
266	492	-1	0
492	143	-1	0
143	412	-1	0
412	184	-1	0
184	275	-1	0
275	118	-1	0
118	199	-1	0
199	52	-1	0
52	69	-1	0
69	111	-1	0
111	87	-1	0
87	7	-1	0
7	326	-1	0
326	416	-1	0
416	274	-1	0
274	287	-1	0
287	115	-1	0
115	169	-1	0
169	337	-1	0
337	109	-1	0
109	45	-1	0
45	37	-1	0
37	324	-1	0
324	437	-1	0
437	208	-1	0
208	43	-1	0
43	75	-1	0
75	263	-1	0
263	273	-1	0
273	178	-1	0
178	14	-1	0
14	358	-1	0
358	398	-1	0
398	233	-1	0
233	166	-1	0
166	15	-1	0
15	286	-1	0
286	121	-1	0
121	130	-1	0
130	240	-1	0
240	145	-1	0
145	321	-1	0
321	377	-1	0
377	462	-1	0
462	200	-1	0
200	73	-1	0
73	364	-1	0
364	448	-1	0
448	4	-1	0
4	259	-1	0
259	210	-1	0
210	107	-1	0
107	139	-1	0
139	290	-1	0
290	302	-1	0
302	421	-1	0
421	414	-1	0
414	158	-1	0
158	456	-1	0
456	461	-1	0
461	67	-1	0
67	149	-1	0
149	46	-1	0
46	193	-1	0
193	307	-1	0
307	97	-1	0
97	173	-1	0
173	465	-1	0
465	242	-1	0
242	24	-1	0
24	387	-1	0
387	95	-1	0
95	392	-1	0
392	74	-1	0
74	277	-1	0
277	317	-1	0
317	450	-1	0
450	402	-1	0
402	395	-1	0
395	304	-1	0
304	225	-1	0
225	332	-1	0
332	56	-1	0
56	486	-1	0
486	41	-1	0
41	54	-1	0
54	176	-1	0
176	147	-1	0
147	314	-1	0
314	90	-1	0
90	243	-1	0
243	312	-1	0
312	8	-1	0
8	325	-1	0
325	211	-1	0
211	1	-1	0
1	177	-1	0
177	340	-1	0
340	217	-1	0
217	293	-1	0
293	255	-1	0
255	272	-1	0
272	466	-1	0
466	439	-1	0
439	72	-1	0
72	438	-1	0
438	267	-1	0
267	17	-1	0
17	236	-1	0
236	408	-1	0
408	136	-1	0
136	311	-1	0
311	12	-1	0
12	42	-1	0
42	0	-1	0
