/* Number of Operations */
500
/* List of Operations. */
/* Start	End	Fly	#Internal	Locations...*/
0	95	-1	0
95	4	-1	0
4	136	-1	0
136	230	-1	0
230	163	-1	0
163	62	-1	0
62	98	-1	0
98	359	-1	0
359	453	-1	0
453	468	-1	0
468	211	-1	0
211	234	-1	0
234	380	-1	0
380	423	-1	0
423	30	-1	0
30	270	-1	0
270	81	-1	0
81	16	-1	0
16	464	-1	0
464	402	-1	0
402	121	-1	0
121	207	-1	0
207	69	-1	0
69	356	-1	0
356	56	-1	0
56	291	-1	0
291	463	-1	0
463	495	-1	0
495	122	-1	0
122	87	-1	0
87	449	-1	0
449	227	-1	0
227	252	-1	0
252	105	-1	0
105	401	-1	0
401	228	-1	0
228	134	-1	0
134	487	-1	0
487	412	-1	0
412	77	-1	0
77	441	-1	0
441	85	-1	0
85	332	-1	0
332	400	-1	0
400	470	-1	0
470	238	-1	0
238	486	-1	0
486	170	-1	0
170	148	-1	0
148	349	-1	0
349	150	-1	0
150	198	-1	0
198	256	-1	0
256	394	-1	0
394	254	-1	0
254	109	-1	0
109	333	-1	0
333	12	-1	0
12	345	-1	0
345	91	-1	0
91	491	-1	0
491	48	-1	0
48	203	-1	0
203	325	-1	0
325	8	-1	0
8	433	-1	0
433	132	-1	0
132	390	-1	0
390	383	-1	0
383	172	-1	0
172	364	-1	0
364	153	-1	0
153	318	-1	0
318	74	-1	0
74	342	-1	0
342	371	-1	0
371	143	-1	0
143	38	-1	0
38	279	-1	0
279	154	-1	0
154	101	-1	0
101	84	-1	0
84	36	-1	0
36	78	-1	0
78	334	-1	0
334	432	-1	0
432	160	-1	0
160	188	-1	0
188	476	-1	0
476	375	-1	0
375	219	-1	0
219	251	-1	0
251	232	-1	0
232	196	-1	0
196	237	-1	0
237	189	-1	0
189	478	-1	0
478	477	-1	0
477	257	-1	0
257	452	-1	0
452	131	-1	0
131	443	-1	0
443	9	-1	0
9	104	-1	0
104	241	-1	0
241	439	-1	0
439	348	-1	0
348	35	-1	0
35	212	-1	0
212	193	-1	0
193	382	-1	0
382	67	-1	0
67	147	-1	0
147	231	-1	0
231	308	-1	0
308	273	-1	0
273	247	-1	0
247	149	-1	0
149	317	-1	0
317	467	-1	0
467	42	-1	0
42	204	-1	0
204	260	-1	0
260	415	-1	0
415	386	-1	0
386	130	-1	0
130	264	-1	0
264	20	-1	0
20	124	-1	0
124	285	-1	0
285	298	-1	0
298	419	-1	0
419	484	-1	0
484	206	-1	0
206	459	-1	0
459	297	-1	0
297	425	-1	0
425	288	-1	0
288	5	-1	0
5	353	-1	0
353	71	-1	0
71	437	-1	0
437	299	-1	0
299	395	-1	0
395	194	-1	0
194	417	-1	0
417	320	-1	0
320	13	-1	0
13	337	-1	0
337	70	-1	0
70	368	-1	0
368	220	-1	0
220	262	-1	0
262	187	-1	0
187	418	-1	0
418	266	-1	0
266	327	-1	0
327	168	-1	0
168	99	-1	0
99	242	-1	0
242	156	-1	0
156	7	-1	0
7	326	-1	0
326	43	-1	0
43	351	-1	0
351	116	-1	0
116	461	-1	0
461	472	-1	0
472	73	-1	0
73	404	-1	0
404	46	-1	0
46	303	-1	0
303	123	-1	0
123	65	-1	0
65	396	-1	0
396	466	-1	0
466	233	-1	0
233	49	-1	0
49	80	-1	0
80	300	-1	0
300	129	-1	0
129	296	-1	0
296	488	-1	0
488	268	-1	0
268	126	-1	0
126	280	-1	0
280	6	-1	0
6	343	-1	0
343	416	-1	0
416	458	-1	0
458	86	-1	0
86	209	-1	0
209	152	-1	0
152	222	-1	0
222	158	-1	0
158	259	-1	0
259	240	-1	0
240	215	-1	0
215	40	-1	0
40	442	-1	0
442	399	-1	0
399	294	-1	0
294	213	-1	0
213	397	-1	0
397	357	-1	0
357	344	-1	0
344	10	-1	0
10	483	-1	0
483	3	-1	0
3	225	-1	0
225	324	-1	0
324	185	-1	0
185	157	-1	0
157	15	-1	0
15	103	-1	0
103	420	-1	0
420	141	-1	0
141	331	-1	0
331	21	-1	0
21	221	-1	0
221	362	-1	0
362	165	-1	0
165	267	-1	0
267	54	-1	0
54	162	-1	0
162	34	-1	0
34	409	-1	0
409	365	-1	0
365	373	-1	0
373	311	-1	0
311	57	-1	0
57	289	-1	0
289	151	-1	0
151	192	-1	0
192	309	-1	0
309	174	-1	0
174	31	-1	0
31	274	-1	0
274	88	-1	0
88	208	-1	0
208	471	-1	0
471	102	-1	0
102	110	-1	0
110	374	-1	0
374	366	-1	0
366	61	-1	0
61	201	-1	0
201	314	-1	0
314	312	-1	0
312	492	-1	0
492	341	-1	0
341	482	-1	0
482	389	-1	0
389	210	-1	0
210	1	-1	0
1	307	-1	0
307	440	-1	0
440	469	-1	0
469	18	-1	0
18	226	-1	0
226	414	-1	0
414	271	-1	0
271	261	-1	0
261	202	-1	0
202	155	-1	0
155	490	-1	0
490	354	-1	0
354	223	-1	0
223	250	-1	0
250	454	-1	0
454	276	-1	0
276	248	-1	0
248	384	-1	0
384	358	-1	0
358	180	-1	0
180	323	-1	0
323	14	-1	0
14	184	-1	0
184	393	-1	0
393	272	-1	0
272	44	-1	0
44	367	-1	0
367	498	-1	0
498	83	-1	0
83	45	-1	0
45	173	-1	0
173	182	-1	0
182	422	-1	0
422	50	-1	0
50	269	-1	0
269	76	-1	0
76	372	-1	0
372	191	-1	0
191	403	-1	0
403	89	-1	0
89	363	-1	0
363	434	-1	0
434	25	-1	0
25	119	-1	0
119	66	-1	0
66	128	-1	0
128	369	-1	0
369	474	-1	0
474	497	-1	0
497	33	-1	0
33	398	-1	0
398	24	-1	0
24	275	-1	0
275	90	-1	0
90	377	-1	0
377	93	-1	0
93	310	-1	0
310	205	-1	0
205	138	-1	0
138	224	-1	0
224	444	-1	0
444	178	-1	0
178	32	-1	0
32	293	-1	0
293	55	-1	0
55	139	-1	0
139	322	-1	0
322	120	-1	0
120	493	-1	0
493	465	-1	0
465	177	-1	0
177	391	-1	0
391	346	-1	0
346	135	-1	0
135	496	-1	0
496	304	-1	0
304	457	-1	0
457	137	-1	0
137	161	-1	0
161	144	-1	0
144	313	-1	0
313	481	-1	0
481	26	-1	0
26	97	-1	0
97	94	-1	0
94	53	-1	0
53	370	-1	0
370	245	-1	0
245	64	-1	0
64	283	-1	0
283	361	-1	0
361	328	-1	0
328	277	-1	0
277	195	-1	0
195	58	-1	0
58	339	-1	0
339	68	-1	0
68	407	-1	0
407	28	-1	0
28	239	-1	0
239	392	-1	0
392	218	-1	0
218	186	-1	0
186	485	-1	0
485	315	-1	0
315	166	-1	0
166	462	-1	0
462	455	-1	0
455	197	-1	0
197	114	-1	0
114	217	-1	0
217	96	-1	0
96	456	-1	0
456	142	-1	0
142	27	-1	0
27	115	-1	0
115	381	-1	0
381	236	-1	0
236	181	-1	0
181	235	-1	0
235	145	-1	0
145	475	-1	0
475	306	-1	0
306	406	-1	0
406	426	-1	0
426	448	-1	0
448	329	-1	0
329	290	-1	0
290	60	-1	0
60	29	-1	0
29	146	-1	0
146	263	-1	0
263	125	-1	0
125	424	-1	0
424	302	-1	0
302	183	-1	0
183	489	-1	0
489	72	-1	0
72	106	-1	0
106	282	-1	0
282	427	-1	0
427	169	-1	0
169	431	-1	0
431	133	-1	0
133	286	-1	0
286	388	-1	0
388	244	-1	0
244	200	-1	0
200	421	-1	0
421	281	-1	0
281	435	-1	0
435	59	-1	0
59	51	-1	0
51	176	-1	0
176	347	-1	0
347	92	-1	0
92	216	-1	0
216	37	-1	0
37	460	-1	0
460	243	-1	0
243	330	-1	0
330	63	-1	0
63	411	-1	0
411	112	-1	0
112	436	-1	0
436	450	-1	0
450	108	-1	0
108	447	-1	0
447	340	-1	0
340	255	-1	0
255	100	-1	0
100	79	-1	0
79	190	-1	0
190	246	-1	0
246	413	-1	0
413	249	-1	0
249	23	-1	0
23	446	-1	0
446	316	-1	0
316	321	-1	0
321	118	-1	0
118	2	-1	0
2	355	-1	0
355	265	-1	0
265	113	-1	0
113	214	-1	0
214	287	-1	0
287	258	-1	0
258	499	-1	0
499	335	-1	0
335	140	-1	0
140	473	-1	0
473	111	-1	0
111	338	-1	0
338	75	-1	0
75	352	-1	0
352	410	-1	0
410	127	-1	0
127	278	-1	0
278	479	-1	0
479	319	-1	0
319	494	-1	0
494	17	-1	0
17	480	-1	0
480	429	-1	0
429	376	-1	0
376	385	-1	0
385	47	-1	0
47	292	-1	0
292	82	-1	0
82	350	-1	0
350	379	-1	0
379	301	-1	0
301	117	-1	0
117	408	-1	0
408	164	-1	0
164	52	-1	0
52	405	-1	0
405	179	-1	0
179	378	-1	0
378	430	-1	0
430	438	-1	0
438	159	-1	0
159	199	-1	0
199	445	-1	0
445	428	-1	0
428	305	-1	0
305	229	-1	0
229	387	-1	0
387	336	-1	0
336	253	-1	0
253	19	-1	0
19	175	-1	0
175	284	-1	0
284	41	-1	0
41	167	-1	0
167	39	-1	0
39	451	-1	0
451	11	-1	0
11	22	-1	0
22	171	-1	0
171	360	-1	0
360	295	-1	0
295	107	-1	0
107	0	-1	0
