/* Number of Operations */
175
/* List of Operations. */
/* Start	End	Fly	#Internal	Locations...*/
0	106	-1	0
106	132	-1	0
132	51	-1	0
51	18	-1	0
18	46	-1	0
46	167	-1	0
167	85	-1	0
85	161	-1	0
161	81	-1	0
81	102	-1	0
102	130	-1	0
130	63	-1	0
63	118	-1	0
118	55	-1	0
55	152	-1	0
152	91	-1	0
91	171	-1	0
171	17	-1	0
17	48	-1	0
48	98	-1	0
98	80	-1	0
80	92	-1	0
92	174	-1	0
174	41	-1	0
41	148	-1	0
148	163	-1	0
163	43	-1	0
43	6	-1	0
6	75	-1	0
75	124	-1	0
124	37	-1	0
37	53	-1	0
53	77	-1	0
77	10	-1	0
10	147	-1	0
147	155	-1	0
155	142	-1	0
142	157	-1	0
157	4	-1	0
4	78	-1	0
78	52	-1	0
52	47	-1	0
47	136	-1	0
136	59	-1	0
59	145	-1	0
145	94	-1	0
94	68	-1	0
68	120	-1	0
120	2	-1	0
2	141	-1	0
141	162	-1	0
162	65	-1	0
65	126	-1	0
126	119	-1	0
119	134	-1	0
134	133	-1	0
133	127	-1	0
127	7	-1	0
7	14	-1	0
14	13	-1	0
13	143	-1	0
143	144	-1	0
144	30	-1	0
30	11	-1	0
11	113	-1	0
113	135	-1	0
135	169	-1	0
169	168	-1	0
168	56	-1	0
56	74	-1	0
74	60	-1	0
60	165	-1	0
165	35	-1	0
35	26	-1	0
26	105	-1	0
105	154	-1	0
154	112	-1	0
112	9	-1	0
9	50	-1	0
50	73	-1	0
73	122	-1	0
122	139	-1	0
139	22	-1	0
22	158	-1	0
158	70	-1	0
70	131	-1	0
131	19	-1	0
19	90	-1	0
90	84	-1	0
84	89	-1	0
89	31	-1	0
31	166	-1	0
166	104	-1	0
104	121	-1	0
121	8	-1	0
8	49	-1	0
49	44	-1	0
44	23	-1	0
23	69	-1	0
69	137	-1	0
137	27	-1	0
27	3	-1	0
3	36	-1	0
36	12	-1	0
12	125	-1	0
125	45	-1	0
45	79	-1	0
79	16	-1	0
16	123	-1	0
123	116	-1	0
116	82	-1	0
82	28	-1	0
28	87	-1	0
87	138	-1	0
138	108	-1	0
108	164	-1	0
164	110	-1	0
110	72	-1	0
72	25	-1	0
25	93	-1	0
93	5	-1	0
5	95	-1	0
95	76	-1	0
76	153	-1	0
153	24	-1	0
24	128	-1	0
128	29	-1	0
29	57	-1	0
57	151	-1	0
151	66	-1	0
66	88	-1	0
88	170	-1	0
170	173	-1	0
173	71	-1	0
71	103	-1	0
103	32	-1	0
32	40	-1	0
40	111	-1	0
111	1	-1	0
1	172	-1	0
172	146	-1	0
146	86	-1	0
86	159	-1	0
159	149	-1	0
149	21	-1	0
21	83	-1	0
83	117	-1	0
117	115	-1	0
115	38	-1	0
38	109	-1	0
109	42	-1	0
42	107	-1	0
107	20	-1	0
20	62	-1	0
62	39	-1	0
39	54	-1	0
54	61	-1	0
61	64	-1	0
64	58	-1	0
58	15	-1	0
15	97	-1	0
97	160	-1	0
160	114	-1	0
114	140	-1	0
140	129	-1	0
129	156	-1	0
156	96	-1	0
96	33	-1	0
33	101	-1	0
101	100	-1	0
100	150	-1	0
150	99	-1	0
99	34	-1	0
34	67	-1	0
67	0	-1	0
