/* Number of Operations */
250
/* List of Operations. */
/* Start	End	Fly	#Internal	Locations...*/
0	167	-1	0
167	194	-1	0
194	243	-1	0
243	225	-1	0
225	229	-1	0
229	106	-1	0
106	65	-1	0
65	122	-1	0
122	58	-1	0
58	234	-1	0
234	51	-1	0
51	216	-1	0
216	121	-1	0
121	140	-1	0
140	88	-1	0
88	10	-1	0
10	126	-1	0
126	161	-1	0
161	155	-1	0
155	224	-1	0
224	163	-1	0
163	210	-1	0
210	202	-1	0
202	188	-1	0
188	4	-1	0
4	158	-1	0
158	227	-1	0
227	207	-1	0
207	116	-1	0
116	139	-1	0
139	218	-1	0
218	172	-1	0
172	231	-1	0
231	177	-1	0
177	206	-1	0
206	196	-1	0
196	166	-1	0
166	69	-1	0
69	137	-1	0
137	36	-1	0
36	183	-1	0
183	198	-1	0
198	40	-1	0
40	74	-1	0
74	20	-1	0
20	22	-1	0
22	94	-1	0
94	186	-1	0
186	100	-1	0
100	245	-1	0
245	98	-1	0
98	154	-1	0
154	222	-1	0
222	76	-1	0
76	63	-1	0
63	56	-1	0
56	92	-1	0
92	2	-1	0
2	48	-1	0
48	145	-1	0
145	95	-1	0
95	87	-1	0
87	144	-1	0
144	42	-1	0
42	189	-1	0
189	170	-1	0
170	212	-1	0
212	150	-1	0
150	168	-1	0
168	240	-1	0
240	81	-1	0
81	178	-1	0
178	52	-1	0
52	34	-1	0
34	49	-1	0
49	147	-1	0
147	232	-1	0
232	9	-1	0
9	200	-1	0
200	30	-1	0
30	184	-1	0
184	13	-1	0
13	242	-1	0
242	39	-1	0
39	104	-1	0
104	134	-1	0
134	125	-1	0
125	157	-1	0
157	1	-1	0
1	3	-1	0
3	197	-1	0
197	236	-1	0
236	83	-1	0
83	72	-1	0
72	211	-1	0
211	176	-1	0
176	164	-1	0
164	238	-1	0
238	208	-1	0
208	46	-1	0
46	136	-1	0
136	187	-1	0
187	241	-1	0
241	45	-1	0
45	213	-1	0
213	85	-1	0
85	7	-1	0
7	41	-1	0
41	115	-1	0
115	246	-1	0
246	21	-1	0
21	193	-1	0
193	47	-1	0
47	38	-1	0
38	96	-1	0
96	131	-1	0
131	127	-1	0
127	68	-1	0
68	25	-1	0
25	89	-1	0
89	57	-1	0
57	19	-1	0
19	248	-1	0
248	182	-1	0
182	214	-1	0
214	11	-1	0
11	162	-1	0
162	91	-1	0
91	50	-1	0
50	5	-1	0
5	235	-1	0
235	108	-1	0
108	110	-1	0
110	149	-1	0
149	142	-1	0
142	185	-1	0
185	191	-1	0
191	64	-1	0
64	17	-1	0
17	205	-1	0
205	175	-1	0
175	77	-1	0
77	80	-1	0
80	14	-1	0
14	101	-1	0
101	70	-1	0
70	237	-1	0
237	112	-1	0
112	209	-1	0
209	119	-1	0
119	174	-1	0
174	55	-1	0
55	99	-1	0
99	180	-1	0
180	31	-1	0
31	73	-1	0
73	71	-1	0
71	148	-1	0
148	217	-1	0
217	111	-1	0
111	102	-1	0
102	132	-1	0
132	128	-1	0
128	78	-1	0
78	37	-1	0
37	27	-1	0
27	114	-1	0
114	24	-1	0
24	44	-1	0
44	201	-1	0
201	195	-1	0
195	90	-1	0
90	61	-1	0
61	107	-1	0
107	135	-1	0
135	54	-1	0
54	247	-1	0
247	169	-1	0
169	153	-1	0
153	97	-1	0
97	228	-1	0
228	124	-1	0
124	120	-1	0
120	117	-1	0
117	239	-1	0
239	226	-1	0
226	244	-1	0
244	105	-1	0
105	165	-1	0
165	130	-1	0
130	219	-1	0
219	151	-1	0
151	8	-1	0
8	60	-1	0
60	109	-1	0
109	171	-1	0
171	173	-1	0
173	62	-1	0
62	75	-1	0
75	82	-1	0
82	15	-1	0
15	23	-1	0
23	233	-1	0
233	26	-1	0
26	59	-1	0
59	33	-1	0
33	230	-1	0
230	79	-1	0
79	138	-1	0
138	220	-1	0
220	16	-1	0
16	86	-1	0
86	67	-1	0
67	12	-1	0
12	93	-1	0
93	43	-1	0
43	53	-1	0
53	66	-1	0
66	18	-1	0
18	156	-1	0
156	146	-1	0
146	6	-1	0
6	192	-1	0
192	160	-1	0
160	215	-1	0
215	190	-1	0
190	29	-1	0
29	221	-1	0
221	204	-1	0
204	129	-1	0
129	249	-1	0
249	113	-1	0
113	118	-1	0
118	181	-1	0
181	103	-1	0
103	203	-1	0
203	35	-1	0
35	223	-1	0
223	123	-1	0
123	159	-1	0
159	143	-1	0
143	141	-1	0
141	199	-1	0
199	84	-1	0
84	28	-1	0
28	152	-1	0
152	32	-1	0
32	133	-1	0
133	179	-1	0
179	0	-1	0
