/* Number of Operations */
375
/* List of Operations. */
/* Start	End	Fly	#Internal	Locations...*/
0	279	-1	0
279	155	-1	0
155	129	-1	0
129	235	-1	0
235	275	-1	0
275	75	-1	0
75	216	-1	0
216	118	-1	0
118	197	-1	0
197	373	-1	0
373	246	-1	0
246	252	-1	0
252	2	-1	0
2	255	-1	0
255	171	-1	0
171	98	-1	0
98	90	-1	0
90	356	-1	0
356	130	-1	0
130	320	-1	0
320	144	-1	0
144	178	-1	0
178	190	-1	0
190	215	-1	0
215	57	-1	0
57	44	-1	0
44	106	-1	0
106	123	-1	0
123	163	-1	0
163	334	-1	0
334	152	-1	0
152	151	-1	0
151	322	-1	0
322	89	-1	0
89	124	-1	0
124	297	-1	0
297	11	-1	0
11	36	-1	0
36	266	-1	0
266	309	-1	0
309	63	-1	0
63	212	-1	0
212	109	-1	0
109	127	-1	0
127	345	-1	0
345	108	-1	0
108	242	-1	0
242	120	-1	0
120	226	-1	0
226	59	-1	0
59	64	-1	0
64	251	-1	0
251	300	-1	0
300	223	-1	0
223	28	-1	0
28	160	-1	0
160	355	-1	0
355	27	-1	0
27	315	-1	0
315	180	-1	0
180	224	-1	0
224	100	-1	0
100	62	-1	0
62	49	-1	0
49	162	-1	0
162	291	-1	0
291	372	-1	0
372	199	-1	0
199	310	-1	0
310	343	-1	0
343	107	-1	0
107	101	-1	0
101	213	-1	0
213	6	-1	0
6	136	-1	0
136	267	-1	0
267	95	-1	0
95	188	-1	0
188	1	-1	0
1	230	-1	0
230	304	-1	0
304	158	-1	0
158	317	-1	0
317	94	-1	0
94	298	-1	0
298	114	-1	0
114	135	-1	0
135	270	-1	0
270	128	-1	0
128	221	-1	0
221	184	-1	0
184	367	-1	0
367	78	-1	0
78	229	-1	0
229	286	-1	0
286	24	-1	0
24	195	-1	0
195	344	-1	0
344	306	-1	0
306	348	-1	0
348	125	-1	0
125	177	-1	0
177	301	-1	0
301	29	-1	0
29	149	-1	0
149	12	-1	0
12	222	-1	0
222	318	-1	0
318	147	-1	0
147	211	-1	0
211	259	-1	0
259	328	-1	0
328	167	-1	0
167	218	-1	0
218	241	-1	0
241	249	-1	0
249	87	-1	0
87	337	-1	0
337	168	-1	0
168	104	-1	0
104	54	-1	0
54	3	-1	0
3	105	-1	0
105	156	-1	0
156	16	-1	0
16	357	-1	0
357	293	-1	0
293	191	-1	0
191	210	-1	0
210	194	-1	0
194	245	-1	0
245	183	-1	0
183	260	-1	0
260	214	-1	0
214	145	-1	0
145	84	-1	0
84	238	-1	0
238	243	-1	0
243	17	-1	0
17	363	-1	0
363	133	-1	0
133	219	-1	0
219	31	-1	0
31	285	-1	0
285	175	-1	0
175	273	-1	0
273	338	-1	0
338	126	-1	0
126	82	-1	0
82	207	-1	0
207	119	-1	0
119	8	-1	0
8	70	-1	0
70	360	-1	0
360	366	-1	0
366	165	-1	0
165	369	-1	0
369	67	-1	0
67	290	-1	0
290	198	-1	0
198	316	-1	0
316	134	-1	0
134	332	-1	0
332	170	-1	0
170	66	-1	0
66	61	-1	0
61	354	-1	0
354	303	-1	0
303	121	-1	0
121	19	-1	0
19	323	-1	0
323	132	-1	0
132	117	-1	0
117	97	-1	0
97	48	-1	0
48	77	-1	0
77	141	-1	0
141	23	-1	0
23	153	-1	0
153	271	-1	0
271	292	-1	0
292	327	-1	0
327	331	-1	0
331	371	-1	0
371	140	-1	0
140	73	-1	0
73	20	-1	0
20	176	-1	0
176	181	-1	0
181	15	-1	0
15	91	-1	0
91	192	-1	0
192	231	-1	0
231	30	-1	0
30	240	-1	0
240	41	-1	0
41	295	-1	0
295	25	-1	0
25	287	-1	0
287	342	-1	0
342	182	-1	0
182	209	-1	0
209	33	-1	0
33	37	-1	0
37	146	-1	0
146	256	-1	0
256	50	-1	0
50	341	-1	0
341	7	-1	0
7	196	-1	0
196	65	-1	0
65	80	-1	0
80	18	-1	0
18	308	-1	0
308	282	-1	0
282	5	-1	0
5	185	-1	0
185	274	-1	0
274	154	-1	0
154	302	-1	0
302	339	-1	0
339	122	-1	0
122	172	-1	0
172	72	-1	0
72	278	-1	0
278	296	-1	0
296	263	-1	0
263	346	-1	0
346	307	-1	0
307	244	-1	0
244	69	-1	0
69	22	-1	0
22	276	-1	0
276	202	-1	0
202	164	-1	0
164	321	-1	0
321	311	-1	0
311	280	-1	0
280	60	-1	0
60	55	-1	0
55	85	-1	0
85	14	-1	0
14	313	-1	0
313	253	-1	0
253	361	-1	0
361	269	-1	0
269	233	-1	0
233	225	-1	0
225	272	-1	0
272	139	-1	0
139	76	-1	0
76	71	-1	0
71	325	-1	0
325	201	-1	0
201	26	-1	0
26	169	-1	0
169	336	-1	0
336	265	-1	0
265	131	-1	0
131	250	-1	0
250	39	-1	0
39	43	-1	0
43	138	-1	0
138	228	-1	0
228	365	-1	0
365	179	-1	0
179	88	-1	0
88	347	-1	0
347	102	-1	0
102	294	-1	0
294	173	-1	0
173	92	-1	0
92	284	-1	0
284	203	-1	0
203	193	-1	0
193	150	-1	0
150	268	-1	0
268	364	-1	0
364	53	-1	0
53	299	-1	0
299	200	-1	0
200	32	-1	0
32	305	-1	0
305	258	-1	0
258	74	-1	0
74	111	-1	0
111	159	-1	0
159	86	-1	0
86	52	-1	0
52	312	-1	0
312	56	-1	0
56	358	-1	0
358	281	-1	0
281	220	-1	0
220	40	-1	0
40	10	-1	0
10	112	-1	0
112	161	-1	0
161	110	-1	0
110	137	-1	0
137	35	-1	0
35	38	-1	0
38	333	-1	0
333	351	-1	0
351	227	-1	0
227	186	-1	0
186	261	-1	0
261	368	-1	0
368	264	-1	0
264	42	-1	0
42	189	-1	0
189	103	-1	0
103	239	-1	0
239	217	-1	0
217	232	-1	0
232	96	-1	0
96	254	-1	0
254	288	-1	0
288	330	-1	0
330	166	-1	0
166	142	-1	0
142	113	-1	0
113	21	-1	0
21	326	-1	0
326	262	-1	0
262	359	-1	0
359	335	-1	0
335	58	-1	0
58	362	-1	0
362	329	-1	0
329	99	-1	0
99	174	-1	0
174	289	-1	0
289	79	-1	0
79	115	-1	0
115	93	-1	0
93	81	-1	0
81	34	-1	0
34	46	-1	0
46	68	-1	0
68	349	-1	0
349	247	-1	0
247	236	-1	0
236	370	-1	0
370	237	-1	0
237	283	-1	0
283	143	-1	0
143	204	-1	0
204	13	-1	0
13	157	-1	0
157	9	-1	0
9	277	-1	0
277	340	-1	0
340	350	-1	0
350	116	-1	0
116	205	-1	0
205	314	-1	0
314	51	-1	0
51	374	-1	0
374	148	-1	0
148	324	-1	0
324	319	-1	0
319	47	-1	0
47	353	-1	0
353	45	-1	0
45	83	-1	0
83	248	-1	0
248	208	-1	0
208	234	-1	0
234	187	-1	0
187	4	-1	0
4	206	-1	0
206	352	-1	0
352	257	-1	0
257	0	-1	0
