/* Number of Operations */
375
/* List of Operations. */
/* Start	End	Fly	#Internal	Locations...*/
0	292	-1	0
292	74	-1	0
74	248	-1	0
248	31	-1	0
31	112	-1	0
112	48	-1	0
48	170	-1	0
170	14	-1	0
14	223	-1	0
223	207	-1	0
207	134	-1	0
134	7	-1	0
7	349	-1	0
349	337	-1	0
337	227	-1	0
227	45	-1	0
45	371	-1	0
371	136	-1	0
136	246	-1	0
246	364	-1	0
364	65	-1	0
65	198	-1	0
198	90	-1	0
90	182	-1	0
182	278	-1	0
278	257	-1	0
257	325	-1	0
325	157	-1	0
157	113	-1	0
113	243	-1	0
243	164	-1	0
164	41	-1	0
41	195	-1	0
195	260	-1	0
260	362	-1	0
362	261	-1	0
261	355	-1	0
355	152	-1	0
152	216	-1	0
216	161	-1	0
161	255	-1	0
255	54	-1	0
54	199	-1	0
199	294	-1	0
294	361	-1	0
361	339	-1	0
339	297	-1	0
297	158	-1	0
158	73	-1	0
73	173	-1	0
173	189	-1	0
189	313	-1	0
313	1	-1	0
1	237	-1	0
237	148	-1	0
148	290	-1	0
290	312	-1	0
312	212	-1	0
212	286	-1	0
286	72	-1	0
72	4	-1	0
4	178	-1	0
178	228	-1	0
228	23	-1	0
23	2	-1	0
2	281	-1	0
281	343	-1	0
343	208	-1	0
208	132	-1	0
132	84	-1	0
84	363	-1	0
363	57	-1	0
57	8	-1	0
8	251	-1	0
251	106	-1	0
106	206	-1	0
206	304	-1	0
304	142	-1	0
142	17	-1	0
17	59	-1	0
59	315	-1	0
315	105	-1	0
105	366	-1	0
366	347	-1	0
347	291	-1	0
291	30	-1	0
30	146	-1	0
146	322	-1	0
322	155	-1	0
155	357	-1	0
357	274	-1	0
274	342	-1	0
342	213	-1	0
213	87	-1	0
87	66	-1	0
66	149	-1	0
149	131	-1	0
131	172	-1	0
172	153	-1	0
153	50	-1	0
50	60	-1	0
60	167	-1	0
167	15	-1	0
15	27	-1	0
27	165	-1	0
165	231	-1	0
231	176	-1	0
176	217	-1	0
217	32	-1	0
32	235	-1	0
235	242	-1	0
242	93	-1	0
93	253	-1	0
253	126	-1	0
126	268	-1	0
268	230	-1	0
230	89	-1	0
89	341	-1	0
341	239	-1	0
239	39	-1	0
39	226	-1	0
226	94	-1	0
94	20	-1	0
20	320	-1	0
320	71	-1	0
71	308	-1	0
308	88	-1	0
88	201	-1	0
201	141	-1	0
141	16	-1	0
16	214	-1	0
214	139	-1	0
139	306	-1	0
306	285	-1	0
285	327	-1	0
327	293	-1	0
293	196	-1	0
196	6	-1	0
6	233	-1	0
233	9	-1	0
9	184	-1	0
184	269	-1	0
269	358	-1	0
358	133	-1	0
133	78	-1	0
78	82	-1	0
82	351	-1	0
351	85	-1	0
85	209	-1	0
209	360	-1	0
360	220	-1	0
220	256	-1	0
256	365	-1	0
365	259	-1	0
259	225	-1	0
225	218	-1	0
218	194	-1	0
194	97	-1	0
97	188	-1	0
188	323	-1	0
323	61	-1	0
61	29	-1	0
29	25	-1	0
25	276	-1	0
276	130	-1	0
130	370	-1	0
370	47	-1	0
47	244	-1	0
244	77	-1	0
77	279	-1	0
279	125	-1	0
125	107	-1	0
107	42	-1	0
42	266	-1	0
266	63	-1	0
63	13	-1	0
13	35	-1	0
35	302	-1	0
302	270	-1	0
270	186	-1	0
186	145	-1	0
145	183	-1	0
183	272	-1	0
272	128	-1	0
128	338	-1	0
338	283	-1	0
283	334	-1	0
334	179	-1	0
179	55	-1	0
55	108	-1	0
108	192	-1	0
192	277	-1	0
277	156	-1	0
156	175	-1	0
175	288	-1	0
288	252	-1	0
252	307	-1	0
307	245	-1	0
245	154	-1	0
154	101	-1	0
101	219	-1	0
219	81	-1	0
81	328	-1	0
328	280	-1	0
280	96	-1	0
96	210	-1	0
210	159	-1	0
159	140	-1	0
140	271	-1	0
271	317	-1	0
317	299	-1	0
299	49	-1	0
49	326	-1	0
326	143	-1	0
143	75	-1	0
75	324	-1	0
324	11	-1	0
11	114	-1	0
114	373	-1	0
373	232	-1	0
232	150	-1	0
150	332	-1	0
332	249	-1	0
249	117	-1	0
117	222	-1	0
222	203	-1	0
203	309	-1	0
309	367	-1	0
367	295	-1	0
295	331	-1	0
331	301	-1	0
301	234	-1	0
234	174	-1	0
174	352	-1	0
352	187	-1	0
187	336	-1	0
336	319	-1	0
319	200	-1	0
200	298	-1	0
298	46	-1	0
46	229	-1	0
229	368	-1	0
368	53	-1	0
53	310	-1	0
310	258	-1	0
258	43	-1	0
43	166	-1	0
166	348	-1	0
348	70	-1	0
70	40	-1	0
40	344	-1	0
344	34	-1	0
34	321	-1	0
321	102	-1	0
102	236	-1	0
236	311	-1	0
311	129	-1	0
129	91	-1	0
91	3	-1	0
3	79	-1	0
79	333	-1	0
333	92	-1	0
92	5	-1	0
5	10	-1	0
10	38	-1	0
38	262	-1	0
262	171	-1	0
171	374	-1	0
374	100	-1	0
100	163	-1	0
163	24	-1	0
24	137	-1	0
137	22	-1	0
22	181	-1	0
181	241	-1	0
241	330	-1	0
330	162	-1	0
162	151	-1	0
151	69	-1	0
69	197	-1	0
197	95	-1	0
95	28	-1	0
28	19	-1	0
19	124	-1	0
124	168	-1	0
168	116	-1	0
116	264	-1	0
264	80	-1	0
80	204	-1	0
204	44	-1	0
44	67	-1	0
67	303	-1	0
303	193	-1	0
193	240	-1	0
240	110	-1	0
110	282	-1	0
282	287	-1	0
287	115	-1	0
115	138	-1	0
138	275	-1	0
275	58	-1	0
58	62	-1	0
62	369	-1	0
369	127	-1	0
127	250	-1	0
250	318	-1	0
318	345	-1	0
345	64	-1	0
64	356	-1	0
356	83	-1	0
83	37	-1	0
37	353	-1	0
353	98	-1	0
98	103	-1	0
103	202	-1	0
202	354	-1	0
354	76	-1	0
76	135	-1	0
135	109	-1	0
109	205	-1	0
205	211	-1	0
211	247	-1	0
247	185	-1	0
185	122	-1	0
122	316	-1	0
316	215	-1	0
215	52	-1	0
52	111	-1	0
111	273	-1	0
273	300	-1	0
300	12	-1	0
12	68	-1	0
68	18	-1	0
18	329	-1	0
329	104	-1	0
104	284	-1	0
284	26	-1	0
26	177	-1	0
177	86	-1	0
86	350	-1	0
350	263	-1	0
263	160	-1	0
160	305	-1	0
305	190	-1	0
190	123	-1	0
123	372	-1	0
372	21	-1	0
21	119	-1	0
119	144	-1	0
144	359	-1	0
359	51	-1	0
51	121	-1	0
121	169	-1	0
169	191	-1	0
191	254	-1	0
254	36	-1	0
36	265	-1	0
265	238	-1	0
238	267	-1	0
267	118	-1	0
118	221	-1	0
221	335	-1	0
335	289	-1	0
289	99	-1	0
99	224	-1	0
224	340	-1	0
340	56	-1	0
56	120	-1	0
120	314	-1	0
314	147	-1	0
147	33	-1	0
33	180	-1	0
180	346	-1	0
346	296	-1	0
296	0	-1	0
