/* Number of Operations */
75
/* List of Operations. */
/* Start	End	Fly	#Internal	Locations...*/
0	2	-1	0
2	4	-1	0
4	17	-1	0
17	8	-1	0
8	15	-1	0
15	28	-1	0
28	62	-1	0
62	25	-1	0
25	33	-1	0
33	56	-1	0
56	22	-1	0
22	27	-1	0
27	53	-1	0
53	18	-1	0
18	20	-1	0
20	36	-1	0
36	44	-1	0
44	29	-1	0
29	66	-1	0
66	38	-1	0
38	73	-1	0
73	57	-1	0
57	35	-1	0
35	47	-1	0
47	30	-1	0
30	24	-1	0
24	9	-1	0
9	45	-1	0
45	49	-1	0
49	11	-1	0
11	40	-1	0
40	42	-1	0
42	12	-1	0
12	39	-1	0
39	68	-1	0
68	64	-1	0
64	69	-1	0
69	70	-1	0
70	74	-1	0
74	7	-1	0
7	55	-1	0
55	52	-1	0
52	59	-1	0
59	65	-1	0
65	46	-1	0
46	26	-1	0
26	5	-1	0
5	3	-1	0
3	63	-1	0
63	23	-1	0
23	31	-1	0
31	43	-1	0
43	1	-1	0
1	48	-1	0
48	72	-1	0
72	19	-1	0
19	60	-1	0
60	37	-1	0
37	21	-1	0
21	50	-1	0
50	61	-1	0
61	41	-1	0
41	67	-1	0
67	51	-1	0
51	14	-1	0
14	10	-1	0
10	6	-1	0
6	58	-1	0
58	16	-1	0
16	54	-1	0
54	34	-1	0
34	71	-1	0
71	32	-1	0
32	13	-1	0
13	0	-1	0
