/* Number of Operations */
75
/* List of Operations. */
/* Start	End	Fly	#Internal	Locations...*/
0	71	-1	0
71	66	-1	0
66	32	-1	0
32	12	-1	0
12	13	-1	0
13	72	-1	0
72	48	-1	0
48	57	-1	0
57	15	-1	0
15	37	-1	0
37	40	-1	0
40	27	-1	0
27	54	-1	0
54	10	-1	0
10	47	-1	0
47	51	-1	0
51	5	-1	0
5	14	-1	0
14	52	-1	0
52	53	-1	0
53	21	-1	0
21	45	-1	0
45	33	-1	0
33	35	-1	0
35	74	-1	0
74	6	-1	0
6	20	-1	0
20	2	-1	0
2	11	-1	0
11	59	-1	0
59	36	-1	0
36	25	-1	0
25	42	-1	0
42	17	-1	0
17	39	-1	0
39	58	-1	0
58	22	-1	0
22	34	-1	0
34	68	-1	0
68	43	-1	0
43	65	-1	0
65	55	-1	0
55	31	-1	0
31	46	-1	0
46	61	-1	0
61	1	-1	0
1	73	-1	0
73	28	-1	0
28	24	-1	0
24	9	-1	0
9	69	-1	0
69	29	-1	0
29	70	-1	0
70	4	-1	0
4	19	-1	0
19	44	-1	0
44	41	-1	0
41	67	-1	0
67	18	-1	0
18	49	-1	0
49	38	-1	0
38	50	-1	0
50	30	-1	0
30	26	-1	0
26	56	-1	0
56	64	-1	0
64	7	-1	0
7	8	-1	0
8	60	-1	0
60	63	-1	0
63	23	-1	0
23	16	-1	0
16	3	-1	0
3	62	-1	0
62	0	-1	0
