/* Number of Operations */
500
/* List of Operations. */
/* Start	End	Fly	#Internal	Locations...*/
0	42	-1	0
42	12	-1	0
12	311	-1	0
311	136	-1	0
136	408	-1	0
408	236	-1	0
236	17	-1	0
17	267	-1	0
267	438	-1	0
438	72	-1	0
72	439	-1	0
439	466	-1	0
466	272	-1	0
272	255	-1	0
255	293	-1	0
293	217	-1	0
217	340	-1	0
340	177	-1	0
177	1	-1	0
1	211	-1	0
211	325	-1	0
325	8	-1	0
8	312	-1	0
312	243	-1	0
243	90	-1	0
90	314	-1	0
314	147	-1	0
147	176	-1	0
176	54	-1	0
54	41	-1	0
41	486	-1	0
486	56	-1	0
56	332	-1	0
332	304	-1	0
304	395	-1	0
395	225	-1	0
225	402	-1	0
402	450	-1	0
450	317	-1	0
317	277	-1	0
277	74	-1	0
74	392	-1	0
392	95	-1	0
95	387	-1	0
387	24	-1	0
24	242	-1	0
242	465	-1	0
465	173	-1	0
173	97	-1	0
97	307	-1	0
307	193	-1	0
193	46	-1	0
46	149	-1	0
149	67	-1	0
67	461	-1	0
461	456	-1	0
456	158	-1	0
158	414	-1	0
414	421	-1	0
421	290	-1	0
290	302	-1	0
302	139	-1	0
139	107	-1	0
107	210	-1	0
210	259	-1	0
259	4	-1	0
4	448	-1	0
448	364	-1	0
364	73	-1	0
73	200	-1	0
200	462	-1	0
462	377	-1	0
377	321	-1	0
321	145	-1	0
145	240	-1	0
240	130	-1	0
130	121	-1	0
121	286	-1	0
286	15	-1	0
15	166	-1	0
166	233	-1	0
233	398	-1	0
398	358	-1	0
358	14	-1	0
14	178	-1	0
178	273	-1	0
273	263	-1	0
263	75	-1	0
75	43	-1	0
43	208	-1	0
208	437	-1	0
437	324	-1	0
324	37	-1	0
37	45	-1	0
45	109	-1	0
109	337	-1	0
337	169	-1	0
169	115	-1	0
115	287	-1	0
287	274	-1	0
274	416	-1	0
416	326	-1	0
326	7	-1	0
7	87	-1	0
87	111	-1	0
111	336	-1	0
336	69	-1	0
69	52	-1	0
52	199	-1	0
199	118	-1	0
118	275	-1	0
275	184	-1	0
184	412	-1	0
412	143	-1	0
143	492	-1	0
492	266	-1	0
266	160	-1	0
160	345	-1	0
345	83	-1	0
83	254	-1	0
254	488	-1	0
488	165	-1	0
165	6	-1	0
6	443	-1	0
443	310	-1	0
310	361	-1	0
361	301	-1	0
301	23	-1	0
23	82	-1	0
82	197	-1	0
197	417	-1	0
417	30	-1	0
30	453	-1	0
453	426	-1	0
426	442	-1	0
442	189	-1	0
189	474	-1	0
474	50	-1	0
50	195	-1	0
195	499	-1	0
499	123	-1	0
123	352	-1	0
352	498	-1	0
498	432	-1	0
432	53	-1	0
53	281	-1	0
281	122	-1	0
122	59	-1	0
59	31	-1	0
31	380	-1	0
380	207	-1	0
207	57	-1	0
57	58	-1	0
58	124	-1	0
124	370	-1	0
370	436	-1	0
436	491	-1	0
491	222	-1	0
222	355	-1	0
355	480	-1	0
480	469	-1	0
469	62	-1	0
62	356	-1	0
356	323	-1	0
323	232	-1	0
232	33	-1	0
33	204	-1	0
204	86	-1	0
86	457	-1	0
457	494	-1	0
494	148	-1	0
148	318	-1	0
318	79	-1	0
79	298	-1	0
298	470	-1	0
470	487	-1	0
487	38	-1	0
38	16	-1	0
16	343	-1	0
343	379	-1	0
379	484	-1	0
484	248	-1	0
248	282	-1	0
282	129	-1	0
129	188	-1	0
188	220	-1	0
220	350	-1	0
350	157	-1	0
157	455	-1	0
455	400	-1	0
400	309	-1	0
309	244	-1	0
244	260	-1	0
260	347	-1	0
347	106	-1	0
106	420	-1	0
420	349	-1	0
349	98	-1	0
98	70	-1	0
70	108	-1	0
108	334	-1	0
334	239	-1	0
239	428	-1	0
428	213	-1	0
213	454	-1	0
454	295	-1	0
295	374	-1	0
374	44	-1	0
44	388	-1	0
388	384	-1	0
384	47	-1	0
47	316	-1	0
316	305	-1	0
305	21	-1	0
21	209	-1	0
209	478	-1	0
478	212	-1	0
212	411	-1	0
411	201	-1	0
201	365	-1	0
365	297	-1	0
297	270	-1	0
270	285	-1	0
285	89	-1	0
89	84	-1	0
84	268	-1	0
268	303	-1	0
303	3	-1	0
3	371	-1	0
371	278	-1	0
278	382	-1	0
382	496	-1	0
496	80	-1	0
80	35	-1	0
35	373	-1	0
373	366	-1	0
366	261	-1	0
261	10	-1	0
10	135	-1	0
135	444	-1	0
444	60	-1	0
60	230	-1	0
230	292	-1	0
292	94	-1	0
94	385	-1	0
385	120	-1	0
120	241	-1	0
241	399	-1	0
399	294	-1	0
294	425	-1	0
425	88	-1	0
88	372	-1	0
372	92	-1	0
92	406	-1	0
406	452	-1	0
452	219	-1	0
219	40	-1	0
40	257	-1	0
257	181	-1	0
181	475	-1	0
475	476	-1	0
476	99	-1	0
99	237	-1	0
237	473	-1	0
473	329	-1	0
329	296	-1	0
296	393	-1	0
393	76	-1	0
76	11	-1	0
11	146	-1	0
146	68	-1	0
68	81	-1	0
81	359	-1	0
359	427	-1	0
427	5	-1	0
5	249	-1	0
249	216	-1	0
216	153	-1	0
153	363	-1	0
363	142	-1	0
142	229	-1	0
229	234	-1	0
234	319	-1	0
319	49	-1	0
49	29	-1	0
29	331	-1	0
331	335	-1	0
335	397	-1	0
397	339	-1	0
339	215	-1	0
215	284	-1	0
284	252	-1	0
252	171	-1	0
171	472	-1	0
472	250	-1	0
250	18	-1	0
18	381	-1	0
381	227	-1	0
227	152	-1	0
152	78	-1	0
78	96	-1	0
96	77	-1	0
77	485	-1	0
485	357	-1	0
357	198	-1	0
198	467	-1	0
467	342	-1	0
342	26	-1	0
26	155	-1	0
155	218	-1	0
218	150	-1	0
150	271	-1	0
271	368	-1	0
368	338	-1	0
338	451	-1	0
451	291	-1	0
291	185	-1	0
185	322	-1	0
322	483	-1	0
483	497	-1	0
497	61	-1	0
61	102	-1	0
102	422	-1	0
422	154	-1	0
154	138	-1	0
138	353	-1	0
353	104	-1	0
104	2	-1	0
2	407	-1	0
407	186	-1	0
186	246	-1	0
246	13	-1	0
13	446	-1	0
446	401	-1	0
401	360	-1	0
360	463	-1	0
463	306	-1	0
306	131	-1	0
131	175	-1	0
175	172	-1	0
172	168	-1	0
168	468	-1	0
468	51	-1	0
51	256	-1	0
256	119	-1	0
119	39	-1	0
39	390	-1	0
390	113	-1	0
113	156	-1	0
156	262	-1	0
262	378	-1	0
378	341	-1	0
341	375	-1	0
375	410	-1	0
410	194	-1	0
194	223	-1	0
223	196	-1	0
196	479	-1	0
479	460	-1	0
460	459	-1	0
459	389	-1	0
389	9	-1	0
9	288	-1	0
288	141	-1	0
141	449	-1	0
449	190	-1	0
190	163	-1	0
163	441	-1	0
441	283	-1	0
283	362	-1	0
362	409	-1	0
409	116	-1	0
116	481	-1	0
481	93	-1	0
93	191	-1	0
191	348	-1	0
348	429	-1	0
429	320	-1	0
320	482	-1	0
482	19	-1	0
19	65	-1	0
65	403	-1	0
403	435	-1	0
435	354	-1	0
354	445	-1	0
445	423	-1	0
423	289	-1	0
289	180	-1	0
180	493	-1	0
493	126	-1	0
126	424	-1	0
424	159	-1	0
159	202	-1	0
202	265	-1	0
265	376	-1	0
376	127	-1	0
127	330	-1	0
330	464	-1	0
464	34	-1	0
34	162	-1	0
162	367	-1	0
367	206	-1	0
206	235	-1	0
235	447	-1	0
447	48	-1	0
48	214	-1	0
214	205	-1	0
205	351	-1	0
351	114	-1	0
114	63	-1	0
63	164	-1	0
164	405	-1	0
405	161	-1	0
161	100	-1	0
100	22	-1	0
22	32	-1	0
32	419	-1	0
419	386	-1	0
386	91	-1	0
91	430	-1	0
430	167	-1	0
167	187	-1	0
187	110	-1	0
110	490	-1	0
490	221	-1	0
221	27	-1	0
27	264	-1	0
264	247	-1	0
247	477	-1	0
477	55	-1	0
55	128	-1	0
128	226	-1	0
226	418	-1	0
418	327	-1	0
327	20	-1	0
20	144	-1	0
144	369	-1	0
369	224	-1	0
224	394	-1	0
394	300	-1	0
300	105	-1	0
105	431	-1	0
431	413	-1	0
413	315	-1	0
315	103	-1	0
103	71	-1	0
71	134	-1	0
134	151	-1	0
151	182	-1	0
182	433	-1	0
433	228	-1	0
228	434	-1	0
434	279	-1	0
279	346	-1	0
346	112	-1	0
112	440	-1	0
440	471	-1	0
471	170	-1	0
170	276	-1	0
276	280	-1	0
280	64	-1	0
64	383	-1	0
383	132	-1	0
132	36	-1	0
36	133	-1	0
133	231	-1	0
231	253	-1	0
253	258	-1	0
258	192	-1	0
192	125	-1	0
125	117	-1	0
117	299	-1	0
299	203	-1	0
203	396	-1	0
396	28	-1	0
28	344	-1	0
344	137	-1	0
137	495	-1	0
495	183	-1	0
183	391	-1	0
391	174	-1	0
174	333	-1	0
333	489	-1	0
489	269	-1	0
269	313	-1	0
313	308	-1	0
308	66	-1	0
66	140	-1	0
140	251	-1	0
251	458	-1	0
458	328	-1	0
328	85	-1	0
85	245	-1	0
245	101	-1	0
101	404	-1	0
404	238	-1	0
238	25	-1	0
25	415	-1	0
415	179	-1	0
179	0	-1	0
