/* Number of Operations */
375
/* List of Operations. */
/* Start	End	Fly	#Internal	Locations...*/
0	338	-1	0
338	246	-1	0
246	92	-1	0
92	352	-1	0
352	25	-1	0
25	288	-1	0
288	305	-1	0
305	117	-1	0
117	63	-1	0
63	13	-1	0
13	135	-1	0
135	98	-1	0
98	370	-1	0
370	329	-1	0
329	150	-1	0
150	177	-1	0
177	303	-1	0
303	250	-1	0
250	176	-1	0
176	34	-1	0
34	95	-1	0
95	17	-1	0
17	201	-1	0
201	29	-1	0
29	6	-1	0
6	325	-1	0
325	342	-1	0
342	147	-1	0
147	317	-1	0
317	205	-1	0
205	343	-1	0
343	208	-1	0
208	37	-1	0
37	8	-1	0
8	213	-1	0
213	300	-1	0
300	116	-1	0
116	183	-1	0
183	304	-1	0
304	248	-1	0
248	102	-1	0
102	346	-1	0
346	11	-1	0
11	90	-1	0
90	255	-1	0
255	361	-1	0
361	319	-1	0
319	140	-1	0
140	42	-1	0
42	179	-1	0
179	48	-1	0
48	36	-1	0
36	164	-1	0
164	14	-1	0
14	132	-1	0
132	15	-1	0
15	87	-1	0
87	228	-1	0
228	206	-1	0
206	332	-1	0
332	67	-1	0
67	45	-1	0
45	373	-1	0
373	118	-1	0
118	43	-1	0
43	99	-1	0
99	103	-1	0
103	369	-1	0
369	276	-1	0
276	60	-1	0
60	141	-1	0
141	280	-1	0
280	39	-1	0
39	130	-1	0
130	77	-1	0
77	18	-1	0
18	364	-1	0
364	131	-1	0
131	139	-1	0
139	294	-1	0
294	204	-1	0
204	66	-1	0
66	38	-1	0
38	166	-1	0
166	362	-1	0
362	20	-1	0
20	281	-1	0
281	330	-1	0
330	172	-1	0
172	165	-1	0
165	144	-1	0
144	367	-1	0
367	321	-1	0
321	178	-1	0
178	138	-1	0
138	84	-1	0
84	244	-1	0
244	110	-1	0
110	311	-1	0
311	266	-1	0
266	274	-1	0
274	263	-1	0
263	190	-1	0
190	40	-1	0
40	21	-1	0
21	122	-1	0
122	50	-1	0
50	341	-1	0
341	9	-1	0
9	272	-1	0
272	348	-1	0
348	337	-1	0
337	368	-1	0
368	251	-1	0
251	231	-1	0
231	7	-1	0
7	154	-1	0
154	143	-1	0
143	112	-1	0
112	218	-1	0
218	339	-1	0
339	88	-1	0
88	167	-1	0
167	357	-1	0
357	32	-1	0
32	195	-1	0
195	23	-1	0
23	134	-1	0
134	181	-1	0
181	230	-1	0
230	314	-1	0
314	310	-1	0
310	326	-1	0
326	275	-1	0
275	137	-1	0
137	162	-1	0
162	19	-1	0
19	358	-1	0
358	128	-1	0
128	308	-1	0
308	210	-1	0
210	236	-1	0
236	70	-1	0
70	374	-1	0
374	200	-1	0
200	292	-1	0
292	291	-1	0
291	44	-1	0
44	168	-1	0
168	121	-1	0
121	68	-1	0
68	86	-1	0
86	320	-1	0
320	173	-1	0
173	220	-1	0
220	293	-1	0
293	282	-1	0
282	287	-1	0
287	27	-1	0
27	249	-1	0
249	290	-1	0
290	101	-1	0
101	85	-1	0
85	30	-1	0
30	261	-1	0
261	344	-1	0
344	193	-1	0
193	149	-1	0
149	189	-1	0
189	155	-1	0
155	221	-1	0
221	16	-1	0
16	182	-1	0
182	104	-1	0
104	241	-1	0
241	28	-1	0
28	209	-1	0
209	106	-1	0
106	315	-1	0
315	108	-1	0
108	269	-1	0
269	82	-1	0
82	91	-1	0
91	238	-1	0
238	83	-1	0
83	239	-1	0
239	125	-1	0
125	235	-1	0
235	252	-1	0
252	12	-1	0
12	71	-1	0
71	146	-1	0
146	161	-1	0
161	156	-1	0
156	318	-1	0
318	151	-1	0
151	243	-1	0
243	152	-1	0
152	115	-1	0
115	271	-1	0
271	245	-1	0
245	347	-1	0
347	207	-1	0
207	61	-1	0
61	24	-1	0
24	54	-1	0
54	64	-1	0
64	229	-1	0
229	286	-1	0
286	270	-1	0
270	225	-1	0
225	371	-1	0
371	354	-1	0
354	240	-1	0
240	119	-1	0
119	171	-1	0
171	345	-1	0
345	257	-1	0
257	80	-1	0
80	260	-1	0
260	322	-1	0
322	136	-1	0
136	232	-1	0
232	57	-1	0
57	180	-1	0
180	145	-1	0
145	174	-1	0
174	279	-1	0
279	295	-1	0
295	226	-1	0
226	216	-1	0
216	334	-1	0
334	158	-1	0
158	1	-1	0
1	355	-1	0
355	124	-1	0
124	186	-1	0
186	58	-1	0
58	336	-1	0
336	233	-1	0
233	73	-1	0
73	53	-1	0
53	254	-1	0
254	163	-1	0
163	41	-1	0
41	46	-1	0
46	93	-1	0
93	97	-1	0
97	160	-1	0
160	277	-1	0
277	114	-1	0
114	365	-1	0
365	278	-1	0
278	224	-1	0
224	4	-1	0
4	76	-1	0
76	69	-1	0
69	359	-1	0
359	258	-1	0
258	184	-1	0
184	298	-1	0
298	49	-1	0
49	197	-1	0
197	52	-1	0
52	74	-1	0
74	217	-1	0
217	148	-1	0
148	212	-1	0
212	227	-1	0
227	296	-1	0
296	273	-1	0
273	219	-1	0
219	192	-1	0
192	170	-1	0
170	215	-1	0
215	185	-1	0
185	340	-1	0
340	351	-1	0
351	335	-1	0
335	333	-1	0
333	191	-1	0
191	79	-1	0
79	126	-1	0
126	267	-1	0
267	3	-1	0
3	211	-1	0
211	129	-1	0
129	169	-1	0
169	349	-1	0
349	313	-1	0
313	360	-1	0
360	31	-1	0
31	62	-1	0
62	268	-1	0
268	331	-1	0
331	222	-1	0
222	153	-1	0
153	194	-1	0
194	105	-1	0
105	94	-1	0
94	65	-1	0
65	302	-1	0
302	142	-1	0
142	188	-1	0
188	123	-1	0
123	113	-1	0
113	51	-1	0
51	247	-1	0
247	127	-1	0
127	35	-1	0
35	299	-1	0
299	81	-1	0
81	109	-1	0
109	253	-1	0
253	5	-1	0
5	323	-1	0
323	96	-1	0
96	56	-1	0
56	33	-1	0
33	199	-1	0
199	2	-1	0
2	328	-1	0
328	223	-1	0
223	120	-1	0
120	157	-1	0
157	264	-1	0
264	100	-1	0
100	196	-1	0
196	198	-1	0
198	327	-1	0
327	312	-1	0
312	187	-1	0
187	237	-1	0
237	55	-1	0
55	26	-1	0
26	297	-1	0
297	234	-1	0
234	47	-1	0
47	353	-1	0
353	265	-1	0
265	307	-1	0
307	285	-1	0
285	214	-1	0
214	175	-1	0
175	10	-1	0
10	133	-1	0
133	283	-1	0
283	363	-1	0
363	22	-1	0
22	242	-1	0
242	316	-1	0
316	324	-1	0
324	262	-1	0
262	259	-1	0
259	301	-1	0
301	356	-1	0
356	159	-1	0
159	203	-1	0
203	372	-1	0
372	366	-1	0
366	78	-1	0
78	289	-1	0
289	111	-1	0
111	75	-1	0
75	202	-1	0
202	89	-1	0
89	59	-1	0
59	72	-1	0
72	309	-1	0
309	107	-1	0
107	350	-1	0
350	306	-1	0
306	256	-1	0
256	284	-1	0
284	0	-1	0
