/* Number of Operations */
500
/* List of Operations. */
/* Start	End	Fly	#Internal	Locations...*/
0	480	-1	0
480	199	-1	0
199	241	-1	0
241	103	-1	0
103	493	-1	0
493	204	-1	0
204	288	-1	0
288	405	-1	0
405	58	-1	0
58	101	-1	0
101	332	-1	0
332	135	-1	0
135	361	-1	0
361	219	-1	0
219	457	-1	0
457	75	-1	0
75	211	-1	0
211	118	-1	0
118	42	-1	0
42	230	-1	0
230	232	-1	0
232	479	-1	0
479	306	-1	0
306	381	-1	0
381	121	-1	0
121	253	-1	0
253	21	-1	0
21	297	-1	0
297	180	-1	0
180	431	-1	0
431	466	-1	0
466	257	-1	0
257	179	-1	0
179	260	-1	0
260	283	-1	0
283	244	-1	0
244	409	-1	0
409	2	-1	0
2	22	-1	0
22	425	-1	0
425	331	-1	0
331	33	-1	0
33	415	-1	0
415	269	-1	0
269	14	-1	0
14	323	-1	0
323	148	-1	0
148	70	-1	0
70	398	-1	0
398	201	-1	0
201	108	-1	0
108	492	-1	0
492	309	-1	0
309	386	-1	0
386	147	-1	0
147	165	-1	0
165	281	-1	0
281	184	-1	0
184	360	-1	0
360	471	-1	0
471	52	-1	0
52	395	-1	0
395	173	-1	0
173	462	-1	0
462	76	-1	0
76	196	-1	0
196	429	-1	0
429	284	-1	0
284	171	-1	0
171	176	-1	0
176	49	-1	0
49	434	-1	0
434	66	-1	0
66	280	-1	0
280	98	-1	0
98	128	-1	0
128	55	-1	0
55	115	-1	0
115	20	-1	0
20	182	-1	0
182	117	-1	0
117	221	-1	0
221	313	-1	0
313	467	-1	0
467	120	-1	0
120	145	-1	0
145	163	-1	0
163	8	-1	0
8	159	-1	0
159	348	-1	0
348	273	-1	0
273	252	-1	0
252	311	-1	0
311	34	-1	0
34	30	-1	0
30	35	-1	0
35	359	-1	0
359	134	-1	0
134	57	-1	0
57	325	-1	0
325	303	-1	0
303	408	-1	0
408	185	-1	0
185	10	-1	0
10	156	-1	0
156	354	-1	0
354	356	-1	0
356	38	-1	0
38	1	-1	0
1	367	-1	0
367	418	-1	0
418	355	-1	0
355	421	-1	0
421	274	-1	0
274	53	-1	0
53	172	-1	0
172	41	-1	0
41	496	-1	0
496	276	-1	0
276	420	-1	0
420	82	-1	0
82	89	-1	0
89	482	-1	0
482	36	-1	0
36	177	-1	0
177	218	-1	0
218	138	-1	0
138	390	-1	0
390	155	-1	0
155	335	-1	0
335	267	-1	0
267	266	-1	0
266	308	-1	0
308	124	-1	0
124	183	-1	0
183	413	-1	0
413	339	-1	0
339	295	-1	0
295	72	-1	0
72	27	-1	0
27	483	-1	0
483	13	-1	0
13	43	-1	0
43	106	-1	0
106	432	-1	0
432	259	-1	0
259	228	-1	0
228	68	-1	0
68	337	-1	0
337	233	-1	0
233	292	-1	0
292	393	-1	0
393	400	-1	0
400	494	-1	0
494	452	-1	0
452	461	-1	0
461	81	-1	0
81	234	-1	0
234	446	-1	0
446	481	-1	0
481	443	-1	0
443	437	-1	0
437	460	-1	0
460	175	-1	0
175	63	-1	0
63	112	-1	0
112	417	-1	0
417	307	-1	0
307	54	-1	0
54	123	-1	0
123	374	-1	0
374	12	-1	0
12	37	-1	0
37	93	-1	0
93	60	-1	0
60	97	-1	0
97	132	-1	0
132	293	-1	0
293	458	-1	0
458	96	-1	0
96	263	-1	0
263	468	-1	0
468	51	-1	0
51	334	-1	0
334	137	-1	0
137	169	-1	0
169	290	-1	0
290	268	-1	0
268	433	-1	0
433	223	-1	0
223	69	-1	0
69	48	-1	0
48	111	-1	0
111	227	-1	0
227	28	-1	0
28	427	-1	0
427	254	-1	0
254	455	-1	0
455	167	-1	0
167	487	-1	0
487	80	-1	0
80	188	-1	0
188	242	-1	0
242	275	-1	0
275	191	-1	0
191	203	-1	0
203	488	-1	0
488	116	-1	0
116	282	-1	0
282	312	-1	0
312	142	-1	0
142	382	-1	0
382	423	-1	0
423	264	-1	0
264	396	-1	0
396	45	-1	0
45	239	-1	0
239	136	-1	0
136	470	-1	0
470	243	-1	0
243	340	-1	0
340	347	-1	0
347	486	-1	0
486	95	-1	0
95	397	-1	0
397	463	-1	0
463	255	-1	0
255	394	-1	0
394	88	-1	0
88	327	-1	0
327	9	-1	0
9	229	-1	0
229	74	-1	0
74	110	-1	0
110	271	-1	0
271	454	-1	0
454	56	-1	0
56	296	-1	0
296	321	-1	0
321	426	-1	0
426	85	-1	0
85	444	-1	0
444	371	-1	0
371	5	-1	0
5	401	-1	0
401	378	-1	0
378	375	-1	0
375	372	-1	0
372	209	-1	0
209	370	-1	0
370	318	-1	0
318	140	-1	0
140	202	-1	0
202	249	-1	0
249	213	-1	0
213	336	-1	0
336	247	-1	0
247	122	-1	0
122	324	-1	0
324	376	-1	0
376	262	-1	0
262	485	-1	0
485	499	-1	0
499	469	-1	0
469	465	-1	0
465	450	-1	0
450	445	-1	0
445	127	-1	0
127	109	-1	0
109	345	-1	0
345	402	-1	0
402	286	-1	0
286	256	-1	0
256	333	-1	0
333	477	-1	0
477	210	-1	0
210	240	-1	0
240	344	-1	0
344	100	-1	0
100	410	-1	0
410	217	-1	0
217	353	-1	0
353	352	-1	0
352	490	-1	0
490	491	-1	0
491	102	-1	0
102	330	-1	0
330	277	-1	0
277	464	-1	0
464	363	-1	0
363	383	-1	0
383	67	-1	0
67	385	-1	0
385	279	-1	0
279	164	-1	0
164	24	-1	0
24	442	-1	0
442	193	-1	0
193	50	-1	0
50	403	-1	0
403	114	-1	0
114	226	-1	0
226	162	-1	0
162	350	-1	0
350	92	-1	0
92	31	-1	0
31	195	-1	0
195	73	-1	0
73	298	-1	0
298	484	-1	0
484	16	-1	0
16	329	-1	0
329	459	-1	0
459	300	-1	0
300	441	-1	0
441	25	-1	0
25	187	-1	0
187	224	-1	0
224	258	-1	0
258	105	-1	0
105	154	-1	0
154	79	-1	0
79	314	-1	0
314	129	-1	0
129	251	-1	0
251	474	-1	0
474	341	-1	0
341	489	-1	0
489	270	-1	0
270	119	-1	0
119	476	-1	0
476	141	-1	0
141	61	-1	0
61	178	-1	0
178	428	-1	0
428	6	-1	0
6	399	-1	0
399	151	-1	0
151	497	-1	0
497	387	-1	0
387	133	-1	0
133	343	-1	0
343	212	-1	0
212	416	-1	0
416	125	-1	0
125	338	-1	0
338	440	-1	0
440	220	-1	0
220	18	-1	0
18	39	-1	0
39	365	-1	0
365	222	-1	0
222	379	-1	0
379	153	-1	0
153	438	-1	0
438	59	-1	0
59	189	-1	0
189	424	-1	0
424	3	-1	0
3	299	-1	0
299	326	-1	0
326	84	-1	0
84	17	-1	0
17	161	-1	0
161	301	-1	0
301	388	-1	0
388	377	-1	0
377	131	-1	0
131	328	-1	0
328	197	-1	0
197	368	-1	0
368	143	-1	0
143	384	-1	0
384	90	-1	0
90	342	-1	0
342	149	-1	0
149	23	-1	0
23	319	-1	0
319	478	-1	0
478	272	-1	0
272	406	-1	0
406	475	-1	0
475	205	-1	0
205	392	-1	0
392	174	-1	0
174	83	-1	0
83	422	-1	0
422	294	-1	0
294	186	-1	0
186	317	-1	0
317	46	-1	0
46	364	-1	0
364	29	-1	0
29	235	-1	0
235	351	-1	0
351	322	-1	0
322	170	-1	0
170	44	-1	0
44	158	-1	0
158	448	-1	0
448	26	-1	0
26	305	-1	0
305	32	-1	0
32	265	-1	0
265	238	-1	0
238	86	-1	0
86	231	-1	0
231	346	-1	0
346	236	-1	0
236	144	-1	0
144	94	-1	0
94	285	-1	0
285	77	-1	0
77	250	-1	0
250	451	-1	0
451	245	-1	0
245	453	-1	0
453	419	-1	0
419	456	-1	0
456	261	-1	0
261	160	-1	0
160	126	-1	0
126	412	-1	0
412	15	-1	0
15	192	-1	0
192	472	-1	0
472	91	-1	0
91	198	-1	0
198	248	-1	0
248	358	-1	0
358	237	-1	0
237	391	-1	0
391	380	-1	0
380	139	-1	0
139	99	-1	0
99	349	-1	0
349	87	-1	0
87	291	-1	0
291	315	-1	0
315	215	-1	0
215	225	-1	0
225	436	-1	0
436	181	-1	0
181	369	-1	0
369	411	-1	0
411	389	-1	0
389	200	-1	0
200	316	-1	0
316	366	-1	0
366	130	-1	0
130	404	-1	0
404	430	-1	0
430	166	-1	0
166	362	-1	0
362	449	-1	0
449	214	-1	0
214	107	-1	0
107	40	-1	0
40	287	-1	0
287	289	-1	0
289	498	-1	0
498	157	-1	0
157	19	-1	0
19	439	-1	0
439	407	-1	0
407	146	-1	0
146	190	-1	0
190	310	-1	0
310	302	-1	0
302	216	-1	0
216	373	-1	0
373	4	-1	0
4	194	-1	0
194	152	-1	0
152	304	-1	0
304	208	-1	0
208	278	-1	0
278	104	-1	0
104	62	-1	0
62	207	-1	0
207	206	-1	0
206	7	-1	0
7	320	-1	0
320	447	-1	0
447	47	-1	0
47	168	-1	0
168	414	-1	0
414	64	-1	0
64	357	-1	0
357	11	-1	0
11	65	-1	0
65	473	-1	0
473	150	-1	0
150	495	-1	0
495	113	-1	0
113	246	-1	0
246	71	-1	0
71	435	-1	0
435	78	-1	0
78	0	-1	0
