/* Number of Operations */
250
/* List of Operations. */
/* Start	End	Fly	#Internal	Locations...*/
0	64	-1	0
64	243	-1	0
243	225	-1	0
225	22	-1	0
22	60	-1	0
60	69	-1	0
69	207	-1	0
207	17	-1	0
17	110	-1	0
110	83	-1	0
83	52	-1	0
52	245	-1	0
245	127	-1	0
127	197	-1	0
197	46	-1	0
46	39	-1	0
39	179	-1	0
179	132	-1	0
132	152	-1	0
152	181	-1	0
181	165	-1	0
165	67	-1	0
67	206	-1	0
206	212	-1	0
212	143	-1	0
143	198	-1	0
198	4	-1	0
4	115	-1	0
115	11	-1	0
11	82	-1	0
82	71	-1	0
71	47	-1	0
47	91	-1	0
91	227	-1	0
227	99	-1	0
99	38	-1	0
38	88	-1	0
88	76	-1	0
76	246	-1	0
246	148	-1	0
148	97	-1	0
97	35	-1	0
35	217	-1	0
217	139	-1	0
139	224	-1	0
224	59	-1	0
59	168	-1	0
168	3	-1	0
3	13	-1	0
13	142	-1	0
142	205	-1	0
205	42	-1	0
42	204	-1	0
204	166	-1	0
166	120	-1	0
120	66	-1	0
66	78	-1	0
78	193	-1	0
193	248	-1	0
248	16	-1	0
16	1	-1	0
1	171	-1	0
171	112	-1	0
112	5	-1	0
5	86	-1	0
86	173	-1	0
173	176	-1	0
176	43	-1	0
43	113	-1	0
113	164	-1	0
164	238	-1	0
238	122	-1	0
122	232	-1	0
232	178	-1	0
178	74	-1	0
74	186	-1	0
186	216	-1	0
216	210	-1	0
210	235	-1	0
235	109	-1	0
109	28	-1	0
28	137	-1	0
137	118	-1	0
118	50	-1	0
50	214	-1	0
214	169	-1	0
169	182	-1	0
182	106	-1	0
106	244	-1	0
244	239	-1	0
239	8	-1	0
8	138	-1	0
138	15	-1	0
15	147	-1	0
147	54	-1	0
54	161	-1	0
161	167	-1	0
167	34	-1	0
34	119	-1	0
119	194	-1	0
194	180	-1	0
180	45	-1	0
45	126	-1	0
126	241	-1	0
241	208	-1	0
208	104	-1	0
104	26	-1	0
26	128	-1	0
128	75	-1	0
75	200	-1	0
200	80	-1	0
80	72	-1	0
72	218	-1	0
218	81	-1	0
81	87	-1	0
87	68	-1	0
68	230	-1	0
230	84	-1	0
84	136	-1	0
136	116	-1	0
116	184	-1	0
184	33	-1	0
33	98	-1	0
98	131	-1	0
131	79	-1	0
79	195	-1	0
195	7	-1	0
7	101	-1	0
101	154	-1	0
154	228	-1	0
228	211	-1	0
211	160	-1	0
160	233	-1	0
233	12	-1	0
12	231	-1	0
231	102	-1	0
102	134	-1	0
134	155	-1	0
155	94	-1	0
94	153	-1	0
153	30	-1	0
30	159	-1	0
159	36	-1	0
36	242	-1	0
242	21	-1	0
21	203	-1	0
203	92	-1	0
92	31	-1	0
31	73	-1	0
73	185	-1	0
185	209	-1	0
209	196	-1	0
196	117	-1	0
117	135	-1	0
135	37	-1	0
37	229	-1	0
229	125	-1	0
125	123	-1	0
123	150	-1	0
150	27	-1	0
27	63	-1	0
63	108	-1	0
108	183	-1	0
183	201	-1	0
201	111	-1	0
111	95	-1	0
95	90	-1	0
90	57	-1	0
57	25	-1	0
25	14	-1	0
14	213	-1	0
213	237	-1	0
237	62	-1	0
62	236	-1	0
236	89	-1	0
89	141	-1	0
141	61	-1	0
61	199	-1	0
199	56	-1	0
56	170	-1	0
170	9	-1	0
9	93	-1	0
93	158	-1	0
158	247	-1	0
247	24	-1	0
24	162	-1	0
162	41	-1	0
41	187	-1	0
187	157	-1	0
157	23	-1	0
23	221	-1	0
221	188	-1	0
188	40	-1	0
40	107	-1	0
107	189	-1	0
189	177	-1	0
177	222	-1	0
222	151	-1	0
151	48	-1	0
48	114	-1	0
114	29	-1	0
29	175	-1	0
175	249	-1	0
249	85	-1	0
85	44	-1	0
44	19	-1	0
19	100	-1	0
100	32	-1	0
32	105	-1	0
105	220	-1	0
220	234	-1	0
234	202	-1	0
202	140	-1	0
140	133	-1	0
133	58	-1	0
58	130	-1	0
130	96	-1	0
96	156	-1	0
156	121	-1	0
121	219	-1	0
219	49	-1	0
49	163	-1	0
163	174	-1	0
174	172	-1	0
172	192	-1	0
192	55	-1	0
55	149	-1	0
149	145	-1	0
145	18	-1	0
18	20	-1	0
20	10	-1	0
10	144	-1	0
144	53	-1	0
53	6	-1	0
6	240	-1	0
240	146	-1	0
146	223	-1	0
223	226	-1	0
226	2	-1	0
2	65	-1	0
65	103	-1	0
103	191	-1	0
191	70	-1	0
70	51	-1	0
51	77	-1	0
77	190	-1	0
190	129	-1	0
129	124	-1	0
124	215	-1	0
215	0	-1	0
