/* Number of Operations */
175
/* List of Operations. */
/* Start	End	Fly	#Internal	Locations...*/
0	95	-1	0
95	168	-1	0
168	158	-1	0
158	46	-1	0
46	120	-1	0
120	149	-1	0
149	143	-1	0
143	126	-1	0
126	84	-1	0
84	144	-1	0
144	110	-1	0
110	109	-1	0
109	137	-1	0
137	133	-1	0
133	102	-1	0
102	128	-1	0
128	64	-1	0
64	54	-1	0
54	78	-1	0
78	32	-1	0
32	124	-1	0
124	174	-1	0
174	53	-1	0
53	79	-1	0
79	105	-1	0
105	43	-1	0
43	71	-1	0
71	38	-1	0
38	63	-1	0
63	57	-1	0
57	19	-1	0
19	44	-1	0
44	164	-1	0
164	62	-1	0
62	108	-1	0
108	60	-1	0
60	23	-1	0
23	50	-1	0
50	157	-1	0
157	90	-1	0
90	114	-1	0
114	28	-1	0
28	68	-1	0
68	151	-1	0
151	141	-1	0
141	83	-1	0
83	146	-1	0
146	29	-1	0
29	142	-1	0
142	61	-1	0
61	85	-1	0
85	75	-1	0
75	172	-1	0
172	169	-1	0
169	74	-1	0
74	100	-1	0
100	96	-1	0
96	36	-1	0
36	94	-1	0
94	113	-1	0
113	12	-1	0
12	101	-1	0
101	98	-1	0
98	55	-1	0
55	7	-1	0
7	121	-1	0
121	51	-1	0
51	139	-1	0
139	140	-1	0
140	34	-1	0
34	160	-1	0
160	165	-1	0
165	35	-1	0
35	11	-1	0
11	40	-1	0
40	72	-1	0
72	41	-1	0
41	5	-1	0
5	152	-1	0
152	8	-1	0
8	1	-1	0
1	161	-1	0
161	3	-1	0
3	52	-1	0
52	129	-1	0
129	33	-1	0
33	49	-1	0
49	150	-1	0
150	26	-1	0
26	111	-1	0
111	125	-1	0
125	107	-1	0
107	127	-1	0
127	69	-1	0
69	6	-1	0
6	89	-1	0
89	132	-1	0
132	67	-1	0
67	13	-1	0
13	135	-1	0
135	82	-1	0
82	16	-1	0
16	9	-1	0
9	4	-1	0
4	15	-1	0
15	56	-1	0
56	86	-1	0
86	154	-1	0
154	167	-1	0
167	21	-1	0
21	106	-1	0
106	122	-1	0
122	10	-1	0
10	97	-1	0
97	18	-1	0
18	48	-1	0
48	134	-1	0
134	147	-1	0
147	103	-1	0
103	115	-1	0
115	166	-1	0
166	81	-1	0
81	99	-1	0
99	104	-1	0
104	65	-1	0
65	116	-1	0
116	155	-1	0
155	76	-1	0
76	117	-1	0
117	45	-1	0
45	88	-1	0
88	112	-1	0
112	162	-1	0
162	119	-1	0
119	59	-1	0
59	27	-1	0
27	20	-1	0
20	77	-1	0
77	14	-1	0
14	156	-1	0
156	58	-1	0
58	171	-1	0
171	153	-1	0
153	170	-1	0
170	92	-1	0
92	37	-1	0
37	22	-1	0
22	30	-1	0
30	130	-1	0
130	39	-1	0
39	145	-1	0
145	80	-1	0
80	163	-1	0
163	173	-1	0
173	2	-1	0
2	66	-1	0
66	47	-1	0
47	136	-1	0
136	87	-1	0
87	42	-1	0
42	24	-1	0
24	93	-1	0
93	25	-1	0
25	138	-1	0
138	91	-1	0
91	118	-1	0
118	131	-1	0
131	17	-1	0
17	31	-1	0
31	148	-1	0
148	123	-1	0
123	159	-1	0
159	73	-1	0
73	70	-1	0
70	0	-1	0
