/* Number of Operations */
375
/* List of Operations. */
/* Start	End	Fly	#Internal	Locations...*/
0	338	-1	0
338	360	-1	0
360	287	-1	0
287	243	-1	0
243	170	-1	0
170	175	-1	0
175	276	-1	0
276	244	-1	0
244	153	-1	0
153	318	-1	0
318	201	-1	0
201	16	-1	0
16	296	-1	0
296	114	-1	0
114	10	-1	0
10	50	-1	0
50	11	-1	0
11	158	-1	0
158	55	-1	0
55	329	-1	0
329	292	-1	0
292	295	-1	0
295	234	-1	0
234	51	-1	0
51	255	-1	0
255	261	-1	0
261	316	-1	0
316	271	-1	0
271	263	-1	0
263	309	-1	0
309	119	-1	0
119	86	-1	0
86	278	-1	0
278	143	-1	0
143	363	-1	0
363	27	-1	0
27	44	-1	0
44	346	-1	0
346	184	-1	0
184	90	-1	0
90	228	-1	0
228	361	-1	0
361	223	-1	0
223	112	-1	0
112	307	-1	0
307	109	-1	0
109	154	-1	0
154	117	-1	0
117	270	-1	0
270	13	-1	0
13	172	-1	0
172	40	-1	0
40	232	-1	0
232	68	-1	0
68	174	-1	0
174	111	-1	0
111	334	-1	0
334	358	-1	0
358	219	-1	0
219	306	-1	0
306	74	-1	0
74	14	-1	0
14	237	-1	0
237	180	-1	0
180	18	-1	0
18	289	-1	0
289	320	-1	0
320	285	-1	0
285	157	-1	0
157	235	-1	0
235	370	-1	0
370	252	-1	0
252	122	-1	0
122	179	-1	0
179	202	-1	0
202	149	-1	0
149	336	-1	0
336	345	-1	0
345	135	-1	0
135	249	-1	0
249	151	-1	0
151	22	-1	0
22	217	-1	0
217	38	-1	0
38	256	-1	0
256	176	-1	0
176	241	-1	0
241	136	-1	0
136	99	-1	0
99	56	-1	0
56	52	-1	0
52	372	-1	0
372	65	-1	0
65	254	-1	0
254	199	-1	0
199	193	-1	0
193	281	-1	0
281	272	-1	0
272	106	-1	0
106	284	-1	0
284	308	-1	0
308	349	-1	0
349	353	-1	0
353	12	-1	0
12	138	-1	0
138	8	-1	0
8	60	-1	0
60	24	-1	0
24	125	-1	0
125	253	-1	0
253	85	-1	0
85	277	-1	0
277	326	-1	0
326	142	-1	0
142	304	-1	0
304	144	-1	0
144	189	-1	0
189	257	-1	0
257	4	-1	0
4	200	-1	0
200	62	-1	0
62	266	-1	0
266	137	-1	0
137	216	-1	0
216	213	-1	0
213	192	-1	0
192	104	-1	0
104	215	-1	0
215	294	-1	0
294	78	-1	0
78	45	-1	0
45	242	-1	0
242	290	-1	0
290	220	-1	0
220	140	-1	0
140	59	-1	0
59	186	-1	0
186	293	-1	0
293	48	-1	0
48	230	-1	0
230	264	-1	0
264	124	-1	0
124	110	-1	0
110	166	-1	0
166	246	-1	0
246	32	-1	0
32	245	-1	0
245	366	-1	0
366	286	-1	0
286	195	-1	0
195	238	-1	0
238	94	-1	0
94	3	-1	0
3	128	-1	0
128	15	-1	0
15	81	-1	0
81	80	-1	0
80	95	-1	0
95	369	-1	0
369	36	-1	0
36	37	-1	0
37	71	-1	0
71	132	-1	0
132	57	-1	0
57	92	-1	0
92	181	-1	0
181	356	-1	0
356	194	-1	0
194	197	-1	0
197	83	-1	0
83	233	-1	0
233	221	-1	0
221	76	-1	0
76	328	-1	0
328	324	-1	0
324	113	-1	0
113	159	-1	0
159	67	-1	0
67	188	-1	0
188	250	-1	0
250	118	-1	0
118	319	-1	0
319	279	-1	0
279	212	-1	0
212	54	-1	0
54	203	-1	0
203	364	-1	0
364	269	-1	0
269	222	-1	0
222	225	-1	0
225	283	-1	0
283	352	-1	0
352	301	-1	0
301	72	-1	0
72	267	-1	0
267	236	-1	0
236	162	-1	0
162	31	-1	0
31	342	-1	0
342	42	-1	0
42	297	-1	0
297	120	-1	0
120	362	-1	0
362	79	-1	0
79	26	-1	0
26	258	-1	0
258	354	-1	0
354	327	-1	0
327	359	-1	0
359	97	-1	0
97	240	-1	0
240	75	-1	0
75	322	-1	0
322	41	-1	0
41	58	-1	0
58	7	-1	0
7	171	-1	0
171	161	-1	0
161	173	-1	0
173	63	-1	0
63	147	-1	0
147	262	-1	0
262	20	-1	0
20	33	-1	0
33	163	-1	0
163	5	-1	0
5	274	-1	0
274	182	-1	0
182	23	-1	0
23	317	-1	0
317	340	-1	0
340	146	-1	0
146	367	-1	0
367	205	-1	0
205	9	-1	0
9	133	-1	0
133	347	-1	0
347	357	-1	0
357	248	-1	0
248	268	-1	0
268	321	-1	0
321	330	-1	0
330	373	-1	0
373	251	-1	0
251	130	-1	0
130	227	-1	0
227	231	-1	0
231	82	-1	0
82	2	-1	0
2	265	-1	0
265	73	-1	0
73	273	-1	0
273	337	-1	0
337	196	-1	0
196	84	-1	0
84	107	-1	0
107	323	-1	0
323	169	-1	0
169	368	-1	0
368	103	-1	0
103	30	-1	0
30	260	-1	0
260	87	-1	0
87	282	-1	0
282	191	-1	0
191	335	-1	0
335	165	-1	0
165	1	-1	0
1	134	-1	0
134	93	-1	0
93	131	-1	0
131	28	-1	0
28	91	-1	0
91	204	-1	0
204	17	-1	0
17	70	-1	0
70	121	-1	0
121	102	-1	0
102	313	-1	0
313	348	-1	0
348	29	-1	0
29	315	-1	0
315	123	-1	0
123	239	-1	0
239	314	-1	0
314	302	-1	0
302	96	-1	0
96	218	-1	0
218	47	-1	0
47	350	-1	0
350	139	-1	0
139	160	-1	0
160	226	-1	0
226	43	-1	0
43	141	-1	0
141	145	-1	0
145	164	-1	0
164	280	-1	0
280	25	-1	0
25	126	-1	0
126	150	-1	0
150	209	-1	0
209	198	-1	0
198	35	-1	0
35	101	-1	0
101	331	-1	0
331	333	-1	0
333	19	-1	0
19	339	-1	0
339	291	-1	0
291	371	-1	0
371	344	-1	0
344	152	-1	0
152	105	-1	0
105	298	-1	0
298	210	-1	0
210	214	-1	0
214	300	-1	0
300	66	-1	0
66	275	-1	0
275	185	-1	0
185	155	-1	0
155	98	-1	0
98	77	-1	0
77	310	-1	0
310	156	-1	0
156	341	-1	0
341	177	-1	0
177	183	-1	0
183	187	-1	0
187	303	-1	0
303	343	-1	0
343	69	-1	0
69	211	-1	0
211	311	-1	0
311	224	-1	0
224	61	-1	0
61	129	-1	0
129	355	-1	0
355	49	-1	0
49	6	-1	0
6	53	-1	0
53	64	-1	0
64	305	-1	0
305	325	-1	0
325	39	-1	0
39	88	-1	0
88	127	-1	0
127	115	-1	0
115	312	-1	0
312	351	-1	0
351	365	-1	0
365	206	-1	0
206	167	-1	0
167	207	-1	0
207	229	-1	0
229	374	-1	0
374	89	-1	0
89	208	-1	0
208	247	-1	0
247	46	-1	0
46	178	-1	0
178	21	-1	0
21	116	-1	0
116	148	-1	0
148	259	-1	0
259	190	-1	0
190	288	-1	0
288	108	-1	0
108	299	-1	0
299	168	-1	0
168	100	-1	0
100	332	-1	0
332	34	-1	0
34	0	-1	0
