/* Number of Operations */
175
/* List of Operations. */
/* Start	End	Fly	#Internal	Locations...*/
0	73	-1	0
73	44	-1	0
44	75	-1	0
75	18	-1	0
18	117	-1	0
117	136	-1	0
136	41	-1	0
41	22	-1	0
22	132	-1	0
132	109	-1	0
109	58	-1	0
58	166	-1	0
166	110	-1	0
110	169	-1	0
169	68	-1	0
68	129	-1	0
129	96	-1	0
96	40	-1	0
40	89	-1	0
89	167	-1	0
167	102	-1	0
102	16	-1	0
16	46	-1	0
46	138	-1	0
138	148	-1	0
148	34	-1	0
34	72	-1	0
72	80	-1	0
80	38	-1	0
38	137	-1	0
137	105	-1	0
105	5	-1	0
5	121	-1	0
121	172	-1	0
172	84	-1	0
84	87	-1	0
87	95	-1	0
95	25	-1	0
25	170	-1	0
170	160	-1	0
160	93	-1	0
93	48	-1	0
48	59	-1	0
59	26	-1	0
26	35	-1	0
35	115	-1	0
115	39	-1	0
39	28	-1	0
28	78	-1	0
78	81	-1	0
81	4	-1	0
4	140	-1	0
140	113	-1	0
113	66	-1	0
66	154	-1	0
154	17	-1	0
17	149	-1	0
149	31	-1	0
31	151	-1	0
151	19	-1	0
19	108	-1	0
108	147	-1	0
147	76	-1	0
76	37	-1	0
37	54	-1	0
54	8	-1	0
8	106	-1	0
106	10	-1	0
10	146	-1	0
146	13	-1	0
13	2	-1	0
2	69	-1	0
69	98	-1	0
98	162	-1	0
162	36	-1	0
36	56	-1	0
56	1	-1	0
1	90	-1	0
90	97	-1	0
97	103	-1	0
103	119	-1	0
119	65	-1	0
65	52	-1	0
52	125	-1	0
125	42	-1	0
42	171	-1	0
171	15	-1	0
15	101	-1	0
101	70	-1	0
70	120	-1	0
120	157	-1	0
157	133	-1	0
133	11	-1	0
11	21	-1	0
21	71	-1	0
71	107	-1	0
107	86	-1	0
86	143	-1	0
143	7	-1	0
7	123	-1	0
123	141	-1	0
141	30	-1	0
30	63	-1	0
63	122	-1	0
122	83	-1	0
83	12	-1	0
12	135	-1	0
135	47	-1	0
47	3	-1	0
3	144	-1	0
144	53	-1	0
53	155	-1	0
155	74	-1	0
74	126	-1	0
126	88	-1	0
88	131	-1	0
131	77	-1	0
77	145	-1	0
145	6	-1	0
6	153	-1	0
153	94	-1	0
94	130	-1	0
130	20	-1	0
20	57	-1	0
57	139	-1	0
139	112	-1	0
112	150	-1	0
150	118	-1	0
118	62	-1	0
62	100	-1	0
100	61	-1	0
61	27	-1	0
27	33	-1	0
33	85	-1	0
85	14	-1	0
14	99	-1	0
99	24	-1	0
24	173	-1	0
173	142	-1	0
142	124	-1	0
124	111	-1	0
111	32	-1	0
32	60	-1	0
60	114	-1	0
114	23	-1	0
23	116	-1	0
116	9	-1	0
9	82	-1	0
82	50	-1	0
50	51	-1	0
51	134	-1	0
134	127	-1	0
127	67	-1	0
67	79	-1	0
79	165	-1	0
165	174	-1	0
174	156	-1	0
156	55	-1	0
55	159	-1	0
159	163	-1	0
163	168	-1	0
168	92	-1	0
92	164	-1	0
164	158	-1	0
158	64	-1	0
64	29	-1	0
29	128	-1	0
128	91	-1	0
91	45	-1	0
45	152	-1	0
152	104	-1	0
104	43	-1	0
43	49	-1	0
49	161	-1	0
161	0	-1	0
