/* Number of Operations */
50
/* List of Operations. */
/* Start	End	Fly	#Internal	Locations...*/
0	30	-1	0
30	25	-1	0
25	49	-1	0
49	45	-1	0
45	32	-1	0
32	9	-1	0
9	48	-1	0
48	10	-1	0
10	33	-1	0
33	1	-1	0
1	37	-1	0
37	34	-1	0
34	2	-1	0
2	43	-1	0
43	31	-1	0
31	7	-1	0
7	42	-1	0
42	15	-1	0
15	21	-1	0
21	36	-1	0
36	47	-1	0
47	11	-1	0
11	13	-1	0
13	23	-1	0
23	14	-1	0
14	26	-1	0
26	39	-1	0
39	17	-1	0
17	35	-1	0
35	3	-1	0
3	5	-1	0
5	20	-1	0
20	41	-1	0
41	16	-1	0
16	12	-1	0
12	46	-1	0
46	4	-1	0
4	6	-1	0
6	44	-1	0
44	28	-1	0
28	22	-1	0
22	27	-1	0
27	18	-1	0
18	19	-1	0
19	40	-1	0
40	8	-1	0
8	29	-1	0
29	24	-1	0
24	38	-1	0
38	0	-1	0
