/* Number of Operations */
250
/* List of Operations. */
/* Start	End	Fly	#Internal	Locations...*/
0	15	-1	0
15	138	-1	0
138	187	-1	0
187	58	-1	0
58	246	-1	0
246	241	-1	0
241	232	-1	0
232	27	-1	0
27	219	-1	0
219	90	-1	0
90	134	-1	0
134	240	-1	0
240	38	-1	0
38	31	-1	0
31	242	-1	0
242	215	-1	0
215	74	-1	0
74	249	-1	0
249	103	-1	0
103	247	-1	0
247	209	-1	0
209	119	-1	0
119	116	-1	0
116	68	-1	0
68	217	-1	0
217	29	-1	0
29	212	-1	0
212	207	-1	0
207	205	-1	0
205	142	-1	0
142	43	-1	0
43	82	-1	0
82	186	-1	0
186	75	-1	0
75	153	-1	0
153	197	-1	0
197	53	-1	0
53	222	-1	0
222	42	-1	0
42	148	-1	0
148	143	-1	0
143	158	-1	0
158	164	-1	0
164	136	-1	0
136	17	-1	0
17	144	-1	0
144	10	-1	0
10	85	-1	0
85	223	-1	0
223	122	-1	0
122	132	-1	0
132	94	-1	0
94	175	-1	0
175	173	-1	0
173	198	-1	0
198	39	-1	0
39	190	-1	0
190	50	-1	0
50	21	-1	0
21	145	-1	0
145	61	-1	0
61	174	-1	0
174	107	-1	0
107	26	-1	0
26	203	-1	0
203	2	-1	0
2	71	-1	0
71	101	-1	0
101	108	-1	0
108	234	-1	0
234	83	-1	0
83	139	-1	0
139	248	-1	0
248	14	-1	0
14	213	-1	0
213	236	-1	0
236	172	-1	0
172	3	-1	0
3	181	-1	0
181	228	-1	0
228	113	-1	0
113	146	-1	0
146	176	-1	0
176	84	-1	0
84	161	-1	0
161	6	-1	0
6	188	-1	0
188	62	-1	0
62	37	-1	0
37	167	-1	0
167	224	-1	0
224	220	-1	0
220	177	-1	0
177	70	-1	0
70	127	-1	0
127	135	-1	0
135	237	-1	0
237	225	-1	0
225	156	-1	0
156	159	-1	0
159	126	-1	0
126	117	-1	0
117	4	-1	0
4	67	-1	0
67	76	-1	0
76	128	-1	0
128	171	-1	0
171	11	-1	0
11	52	-1	0
52	204	-1	0
204	49	-1	0
49	229	-1	0
229	166	-1	0
166	64	-1	0
64	210	-1	0
210	149	-1	0
149	193	-1	0
193	59	-1	0
59	48	-1	0
48	137	-1	0
137	105	-1	0
105	22	-1	0
22	244	-1	0
244	184	-1	0
184	23	-1	0
23	98	-1	0
98	194	-1	0
194	125	-1	0
125	239	-1	0
239	124	-1	0
124	189	-1	0
189	195	-1	0
195	121	-1	0
121	208	-1	0
208	65	-1	0
65	182	-1	0
182	168	-1	0
168	93	-1	0
93	47	-1	0
47	179	-1	0
179	7	-1	0
7	79	-1	0
79	169	-1	0
169	55	-1	0
55	8	-1	0
8	13	-1	0
13	196	-1	0
196	44	-1	0
44	147	-1	0
147	245	-1	0
245	120	-1	0
120	57	-1	0
57	123	-1	0
123	140	-1	0
140	109	-1	0
109	86	-1	0
86	102	-1	0
102	1	-1	0
1	35	-1	0
35	130	-1	0
130	226	-1	0
226	69	-1	0
69	214	-1	0
214	110	-1	0
110	216	-1	0
216	170	-1	0
170	162	-1	0
162	16	-1	0
16	5	-1	0
5	36	-1	0
36	46	-1	0
46	30	-1	0
30	131	-1	0
131	233	-1	0
233	206	-1	0
206	100	-1	0
100	19	-1	0
19	165	-1	0
165	238	-1	0
238	129	-1	0
129	77	-1	0
77	78	-1	0
78	80	-1	0
80	81	-1	0
81	45	-1	0
45	178	-1	0
178	96	-1	0
96	97	-1	0
97	51	-1	0
51	200	-1	0
200	115	-1	0
115	95	-1	0
95	227	-1	0
227	199	-1	0
199	111	-1	0
111	41	-1	0
41	118	-1	0
118	66	-1	0
66	91	-1	0
91	183	-1	0
183	56	-1	0
56	104	-1	0
104	24	-1	0
24	141	-1	0
141	157	-1	0
157	180	-1	0
180	92	-1	0
92	54	-1	0
54	28	-1	0
28	152	-1	0
152	231	-1	0
231	185	-1	0
185	133	-1	0
133	155	-1	0
155	235	-1	0
235	60	-1	0
60	40	-1	0
40	218	-1	0
218	201	-1	0
201	112	-1	0
112	87	-1	0
87	211	-1	0
211	32	-1	0
32	160	-1	0
160	33	-1	0
33	114	-1	0
114	163	-1	0
163	150	-1	0
150	221	-1	0
221	72	-1	0
72	34	-1	0
34	154	-1	0
154	89	-1	0
89	202	-1	0
202	9	-1	0
9	191	-1	0
191	243	-1	0
243	12	-1	0
12	88	-1	0
88	20	-1	0
20	73	-1	0
73	192	-1	0
192	151	-1	0
151	106	-1	0
106	25	-1	0
25	63	-1	0
63	230	-1	0
230	18	-1	0
18	99	-1	0
99	0	-1	0
