/* Number of Operations */
75
/* List of Operations. */
/* Start	End	Fly	#Internal	Locations...*/
0	22	-1	0
22	69	-1	0
69	27	-1	0
27	7	-1	0
7	18	-1	0
18	2	-1	0
2	24	-1	0
24	59	-1	0
59	33	-1	0
33	37	-1	0
37	43	-1	0
43	16	-1	0
16	70	-1	0
70	67	-1	0
67	49	-1	0
49	45	-1	0
45	32	-1	0
32	40	-1	0
40	46	-1	0
46	25	-1	0
25	34	-1	0
34	56	-1	0
56	48	-1	0
48	50	-1	0
50	61	-1	0
61	72	-1	0
72	30	-1	0
30	19	-1	0
19	64	-1	0
64	66	-1	0
66	9	-1	0
9	58	-1	0
58	55	-1	0
55	14	-1	0
14	12	-1	0
12	62	-1	0
62	60	-1	0
60	17	-1	0
17	68	-1	0
68	20	-1	0
20	1	-1	0
1	13	-1	0
13	29	-1	0
29	10	-1	0
10	28	-1	0
28	57	-1	0
57	36	-1	0
36	44	-1	0
44	53	-1	0
53	21	-1	0
21	74	-1	0
74	71	-1	0
71	52	-1	0
52	35	-1	0
35	26	-1	0
26	31	-1	0
31	3	-1	0
3	42	-1	0
42	23	-1	0
23	73	-1	0
73	51	-1	0
51	5	-1	0
5	63	-1	0
63	39	-1	0
39	8	-1	0
8	41	-1	0
41	54	-1	0
54	6	-1	0
6	65	-1	0
65	47	-1	0
47	11	-1	0
11	4	-1	0
4	38	-1	0
38	15	-1	0
15	0	-1	0
