/* Number of Operations */
250
/* List of Operations. */
/* Start	End	Fly	#Internal	Locations...*/
0	159	-1	0
159	123	-1	0
123	212	-1	0
212	78	-1	0
78	243	-1	0
243	16	-1	0
16	38	-1	0
38	147	-1	0
147	65	-1	0
65	238	-1	0
238	232	-1	0
232	132	-1	0
132	96	-1	0
96	162	-1	0
162	223	-1	0
223	207	-1	0
207	126	-1	0
126	3	-1	0
3	98	-1	0
98	154	-1	0
154	194	-1	0
194	184	-1	0
184	235	-1	0
235	37	-1	0
37	12	-1	0
12	58	-1	0
58	205	-1	0
205	224	-1	0
224	169	-1	0
169	187	-1	0
187	43	-1	0
43	28	-1	0
28	150	-1	0
150	94	-1	0
94	168	-1	0
168	72	-1	0
72	48	-1	0
48	88	-1	0
88	173	-1	0
173	190	-1	0
190	116	-1	0
116	246	-1	0
246	225	-1	0
225	228	-1	0
228	188	-1	0
188	234	-1	0
234	249	-1	0
249	115	-1	0
115	121	-1	0
121	142	-1	0
142	95	-1	0
95	59	-1	0
59	195	-1	0
195	42	-1	0
42	67	-1	0
67	93	-1	0
93	15	-1	0
15	34	-1	0
34	181	-1	0
181	240	-1	0
240	117	-1	0
117	33	-1	0
33	100	-1	0
100	245	-1	0
245	239	-1	0
239	210	-1	0
210	141	-1	0
141	92	-1	0
92	113	-1	0
113	140	-1	0
140	29	-1	0
29	71	-1	0
71	136	-1	0
136	69	-1	0
69	7	-1	0
7	30	-1	0
30	186	-1	0
186	56	-1	0
56	46	-1	0
46	109	-1	0
109	97	-1	0
97	219	-1	0
219	226	-1	0
226	161	-1	0
161	165	-1	0
165	218	-1	0
218	182	-1	0
182	129	-1	0
129	106	-1	0
106	10	-1	0
10	127	-1	0
127	5	-1	0
5	163	-1	0
163	164	-1	0
164	180	-1	0
180	68	-1	0
68	148	-1	0
148	76	-1	0
76	170	-1	0
170	77	-1	0
77	36	-1	0
36	176	-1	0
176	2	-1	0
2	242	-1	0
242	139	-1	0
139	229	-1	0
229	193	-1	0
193	22	-1	0
22	55	-1	0
55	216	-1	0
216	120	-1	0
120	8	-1	0
8	156	-1	0
156	231	-1	0
231	90	-1	0
90	166	-1	0
166	87	-1	0
87	130	-1	0
130	64	-1	0
64	192	-1	0
192	189	-1	0
189	202	-1	0
202	61	-1	0
61	196	-1	0
196	131	-1	0
131	4	-1	0
4	167	-1	0
167	244	-1	0
244	175	-1	0
175	215	-1	0
215	25	-1	0
25	6	-1	0
6	19	-1	0
19	62	-1	0
62	214	-1	0
214	31	-1	0
31	191	-1	0
191	83	-1	0
83	75	-1	0
75	206	-1	0
206	247	-1	0
247	157	-1	0
157	237	-1	0
237	158	-1	0
158	230	-1	0
230	80	-1	0
80	111	-1	0
111	209	-1	0
209	144	-1	0
144	27	-1	0
27	118	-1	0
118	82	-1	0
82	73	-1	0
73	54	-1	0
54	41	-1	0
41	160	-1	0
160	122	-1	0
122	124	-1	0
124	179	-1	0
179	45	-1	0
45	50	-1	0
50	32	-1	0
32	60	-1	0
60	39	-1	0
39	49	-1	0
49	47	-1	0
47	63	-1	0
63	44	-1	0
44	172	-1	0
172	91	-1	0
91	35	-1	0
35	79	-1	0
79	105	-1	0
105	125	-1	0
125	13	-1	0
13	143	-1	0
143	21	-1	0
21	135	-1	0
135	222	-1	0
222	177	-1	0
177	1	-1	0
1	84	-1	0
84	185	-1	0
185	200	-1	0
200	9	-1	0
9	197	-1	0
197	85	-1	0
85	51	-1	0
51	103	-1	0
103	89	-1	0
89	137	-1	0
137	134	-1	0
134	99	-1	0
99	248	-1	0
248	201	-1	0
201	17	-1	0
17	241	-1	0
241	26	-1	0
26	211	-1	0
211	52	-1	0
52	198	-1	0
198	53	-1	0
53	155	-1	0
155	74	-1	0
74	208	-1	0
208	220	-1	0
220	112	-1	0
112	183	-1	0
183	108	-1	0
108	236	-1	0
236	133	-1	0
133	217	-1	0
217	66	-1	0
66	199	-1	0
199	204	-1	0
204	11	-1	0
11	171	-1	0
171	151	-1	0
151	174	-1	0
174	213	-1	0
213	101	-1	0
101	110	-1	0
110	152	-1	0
152	23	-1	0
23	107	-1	0
107	146	-1	0
146	86	-1	0
86	40	-1	0
40	20	-1	0
20	149	-1	0
149	221	-1	0
221	24	-1	0
24	203	-1	0
203	138	-1	0
138	14	-1	0
14	145	-1	0
145	57	-1	0
57	153	-1	0
153	81	-1	0
81	70	-1	0
70	227	-1	0
227	104	-1	0
104	119	-1	0
119	18	-1	0
18	114	-1	0
114	178	-1	0
178	102	-1	0
102	128	-1	0
128	233	-1	0
233	0	-1	0
