/* Number of Operations */
100
/* List of Operations. */
/* Start	End	Fly	#Internal	Locations...*/
0	81	-1	0
81	41	-1	0
41	36	-1	0
36	84	-1	0
84	7	-1	0
7	3	-1	0
3	18	-1	0
18	25	-1	0
25	39	-1	0
39	8	-1	0
8	69	-1	0
69	64	-1	0
64	46	-1	0
46	57	-1	0
57	53	-1	0
53	97	-1	0
97	56	-1	0
56	11	-1	0
11	15	-1	0
15	14	-1	0
14	78	-1	0
78	52	-1	0
52	89	-1	0
89	50	-1	0
50	45	-1	0
45	62	-1	0
62	10	-1	0
10	99	-1	0
99	94	-1	0
94	24	-1	0
24	58	-1	0
58	90	-1	0
90	74	-1	0
74	31	-1	0
31	42	-1	0
42	76	-1	0
76	34	-1	0
34	4	-1	0
4	26	-1	0
26	65	-1	0
65	79	-1	0
79	73	-1	0
73	1	-1	0
1	12	-1	0
12	33	-1	0
33	54	-1	0
54	77	-1	0
77	91	-1	0
91	43	-1	0
43	83	-1	0
83	55	-1	0
55	60	-1	0
60	27	-1	0
27	5	-1	0
5	59	-1	0
59	32	-1	0
32	38	-1	0
38	95	-1	0
95	70	-1	0
70	23	-1	0
23	80	-1	0
80	21	-1	0
21	85	-1	0
85	86	-1	0
86	30	-1	0
30	49	-1	0
49	75	-1	0
75	67	-1	0
67	51	-1	0
51	48	-1	0
48	66	-1	0
66	63	-1	0
63	9	-1	0
9	47	-1	0
47	68	-1	0
68	29	-1	0
29	2	-1	0
2	96	-1	0
96	16	-1	0
16	44	-1	0
44	93	-1	0
93	92	-1	0
92	61	-1	0
61	98	-1	0
98	72	-1	0
72	22	-1	0
22	13	-1	0
13	28	-1	0
28	40	-1	0
40	88	-1	0
88	87	-1	0
87	19	-1	0
19	35	-1	0
35	71	-1	0
71	20	-1	0
20	82	-1	0
82	17	-1	0
17	6	-1	0
6	37	-1	0
37	0	-1	0
