/* Number of Operations */
375
/* List of Operations. */
/* Start	End	Fly	#Internal	Locations...*/
0	125	-1	0
125	374	-1	0
374	204	-1	0
204	48	-1	0
48	87	-1	0
87	174	-1	0
174	196	-1	0
196	164	-1	0
164	19	-1	0
19	86	-1	0
86	24	-1	0
24	284	-1	0
284	11	-1	0
11	262	-1	0
262	34	-1	0
34	28	-1	0
28	212	-1	0
212	198	-1	0
198	132	-1	0
132	286	-1	0
286	351	-1	0
351	191	-1	0
191	322	-1	0
322	355	-1	0
355	2	-1	0
2	89	-1	0
89	23	-1	0
23	120	-1	0
120	213	-1	0
213	115	-1	0
115	227	-1	0
227	97	-1	0
97	195	-1	0
195	261	-1	0
261	279	-1	0
279	197	-1	0
197	7	-1	0
7	8	-1	0
8	189	-1	0
189	107	-1	0
107	46	-1	0
46	65	-1	0
65	80	-1	0
80	307	-1	0
307	96	-1	0
96	58	-1	0
58	203	-1	0
203	54	-1	0
54	15	-1	0
15	366	-1	0
366	281	-1	0
281	359	-1	0
359	22	-1	0
22	332	-1	0
332	223	-1	0
223	233	-1	0
233	90	-1	0
90	18	-1	0
18	258	-1	0
258	16	-1	0
16	236	-1	0
236	370	-1	0
370	12	-1	0
12	348	-1	0
348	344	-1	0
344	304	-1	0
304	238	-1	0
238	268	-1	0
268	252	-1	0
252	215	-1	0
215	334	-1	0
334	303	-1	0
303	208	-1	0
208	38	-1	0
38	170	-1	0
170	33	-1	0
33	165	-1	0
165	159	-1	0
159	319	-1	0
319	134	-1	0
134	354	-1	0
354	85	-1	0
85	6	-1	0
6	59	-1	0
59	373	-1	0
373	113	-1	0
113	27	-1	0
27	216	-1	0
216	220	-1	0
220	160	-1	0
160	235	-1	0
235	311	-1	0
311	209	-1	0
209	368	-1	0
368	142	-1	0
142	49	-1	0
49	83	-1	0
83	95	-1	0
95	3	-1	0
3	167	-1	0
167	118	-1	0
118	301	-1	0
301	77	-1	0
77	181	-1	0
181	63	-1	0
63	117	-1	0
117	350	-1	0
350	4	-1	0
4	276	-1	0
276	172	-1	0
172	177	-1	0
177	293	-1	0
293	194	-1	0
194	257	-1	0
257	290	-1	0
290	67	-1	0
67	62	-1	0
62	353	-1	0
353	21	-1	0
21	139	-1	0
139	17	-1	0
17	250	-1	0
250	292	-1	0
292	126	-1	0
126	299	-1	0
299	137	-1	0
137	42	-1	0
42	149	-1	0
149	50	-1	0
50	364	-1	0
364	282	-1	0
282	108	-1	0
108	112	-1	0
112	163	-1	0
163	101	-1	0
101	207	-1	0
207	234	-1	0
234	70	-1	0
70	109	-1	0
109	69	-1	0
69	321	-1	0
321	71	-1	0
71	273	-1	0
273	298	-1	0
298	88	-1	0
88	338	-1	0
338	256	-1	0
256	135	-1	0
135	124	-1	0
124	176	-1	0
176	156	-1	0
156	320	-1	0
320	309	-1	0
309	326	-1	0
326	76	-1	0
76	78	-1	0
78	158	-1	0
158	313	-1	0
313	277	-1	0
277	342	-1	0
342	200	-1	0
200	349	-1	0
349	278	-1	0
278	145	-1	0
145	312	-1	0
312	253	-1	0
253	340	-1	0
340	229	-1	0
229	166	-1	0
166	141	-1	0
141	219	-1	0
219	103	-1	0
103	20	-1	0
20	138	-1	0
138	352	-1	0
352	254	-1	0
254	146	-1	0
146	218	-1	0
218	31	-1	0
31	347	-1	0
347	199	-1	0
199	121	-1	0
121	148	-1	0
148	99	-1	0
99	171	-1	0
171	75	-1	0
75	287	-1	0
287	314	-1	0
314	127	-1	0
127	317	-1	0
317	93	-1	0
93	79	-1	0
79	271	-1	0
271	133	-1	0
133	61	-1	0
61	224	-1	0
224	346	-1	0
346	240	-1	0
240	74	-1	0
74	249	-1	0
249	210	-1	0
210	72	-1	0
72	92	-1	0
92	98	-1	0
98	372	-1	0
372	247	-1	0
247	255	-1	0
255	184	-1	0
184	140	-1	0
140	228	-1	0
228	232	-1	0
232	68	-1	0
68	365	-1	0
365	356	-1	0
356	367	-1	0
367	110	-1	0
110	308	-1	0
308	105	-1	0
105	151	-1	0
151	243	-1	0
243	315	-1	0
315	328	-1	0
328	266	-1	0
266	64	-1	0
64	225	-1	0
225	295	-1	0
295	10	-1	0
10	41	-1	0
41	211	-1	0
211	248	-1	0
248	241	-1	0
241	201	-1	0
201	339	-1	0
339	81	-1	0
81	214	-1	0
214	25	-1	0
25	131	-1	0
131	358	-1	0
358	362	-1	0
362	102	-1	0
102	263	-1	0
263	283	-1	0
283	82	-1	0
82	143	-1	0
143	222	-1	0
222	44	-1	0
44	329	-1	0
329	91	-1	0
91	104	-1	0
104	333	-1	0
333	14	-1	0
14	45	-1	0
45	327	-1	0
327	9	-1	0
9	363	-1	0
363	185	-1	0
185	230	-1	0
230	371	-1	0
371	169	-1	0
169	369	-1	0
369	226	-1	0
226	128	-1	0
128	242	-1	0
242	306	-1	0
306	269	-1	0
269	331	-1	0
331	274	-1	0
274	187	-1	0
187	36	-1	0
36	13	-1	0
13	100	-1	0
100	178	-1	0
178	119	-1	0
119	114	-1	0
114	270	-1	0
270	288	-1	0
288	280	-1	0
280	161	-1	0
161	291	-1	0
291	123	-1	0
123	272	-1	0
272	244	-1	0
244	324	-1	0
324	162	-1	0
162	37	-1	0
37	217	-1	0
217	47	-1	0
47	122	-1	0
122	52	-1	0
52	136	-1	0
136	129	-1	0
129	147	-1	0
147	39	-1	0
39	173	-1	0
173	345	-1	0
345	260	-1	0
260	150	-1	0
150	341	-1	0
341	60	-1	0
60	296	-1	0
296	246	-1	0
246	335	-1	0
335	239	-1	0
239	57	-1	0
57	153	-1	0
153	154	-1	0
154	337	-1	0
337	265	-1	0
265	259	-1	0
259	267	-1	0
267	168	-1	0
168	361	-1	0
361	152	-1	0
152	106	-1	0
106	318	-1	0
318	357	-1	0
357	130	-1	0
130	193	-1	0
193	66	-1	0
66	26	-1	0
26	155	-1	0
155	84	-1	0
84	192	-1	0
192	245	-1	0
245	175	-1	0
175	40	-1	0
40	190	-1	0
190	302	-1	0
302	300	-1	0
300	289	-1	0
289	336	-1	0
336	29	-1	0
29	316	-1	0
316	294	-1	0
294	94	-1	0
94	56	-1	0
56	180	-1	0
180	182	-1	0
182	157	-1	0
157	116	-1	0
116	323	-1	0
323	55	-1	0
55	51	-1	0
51	305	-1	0
305	188	-1	0
188	343	-1	0
343	310	-1	0
310	144	-1	0
144	264	-1	0
264	205	-1	0
205	1	-1	0
1	179	-1	0
179	53	-1	0
53	360	-1	0
360	275	-1	0
275	43	-1	0
43	186	-1	0
186	5	-1	0
5	297	-1	0
297	202	-1	0
202	183	-1	0
183	237	-1	0
237	325	-1	0
325	73	-1	0
73	251	-1	0
251	330	-1	0
330	285	-1	0
285	221	-1	0
221	111	-1	0
111	32	-1	0
32	30	-1	0
30	35	-1	0
35	206	-1	0
206	231	-1	0
231	0	-1	0
