/* Number of Operations */
500
/* List of Operations. */
/* Start	End	Fly	#Internal	Locations...*/
0	140	-1	0
140	134	-1	0
134	469	-1	0
469	279	-1	0
279	232	-1	0
232	249	-1	0
249	356	-1	0
356	411	-1	0
411	452	-1	0
452	423	-1	0
423	394	-1	0
394	82	-1	0
82	273	-1	0
273	12	-1	0
12	307	-1	0
307	45	-1	0
45	336	-1	0
336	79	-1	0
79	416	-1	0
416	204	-1	0
204	31	-1	0
31	59	-1	0
59	34	-1	0
34	65	-1	0
65	66	-1	0
66	2	-1	0
2	200	-1	0
200	213	-1	0
213	309	-1	0
309	196	-1	0
196	414	-1	0
414	339	-1	0
339	33	-1	0
33	202	-1	0
202	325	-1	0
325	359	-1	0
359	188	-1	0
188	234	-1	0
234	421	-1	0
421	210	-1	0
210	266	-1	0
266	121	-1	0
121	57	-1	0
57	335	-1	0
335	285	-1	0
285	76	-1	0
76	153	-1	0
153	410	-1	0
410	261	-1	0
261	484	-1	0
484	407	-1	0
407	126	-1	0
126	430	-1	0
430	431	-1	0
431	405	-1	0
405	20	-1	0
20	306	-1	0
306	477	-1	0
477	223	-1	0
223	111	-1	0
111	467	-1	0
467	269	-1	0
269	38	-1	0
38	109	-1	0
109	151	-1	0
151	338	-1	0
338	332	-1	0
332	492	-1	0
492	230	-1	0
230	129	-1	0
129	360	-1	0
360	408	-1	0
408	377	-1	0
377	208	-1	0
208	154	-1	0
154	491	-1	0
491	390	-1	0
390	209	-1	0
209	187	-1	0
187	246	-1	0
246	255	-1	0
255	116	-1	0
116	319	-1	0
319	303	-1	0
303	475	-1	0
475	288	-1	0
288	244	-1	0
244	165	-1	0
165	236	-1	0
236	270	-1	0
270	494	-1	0
494	83	-1	0
83	18	-1	0
18	32	-1	0
32	354	-1	0
354	11	-1	0
11	193	-1	0
193	13	-1	0
13	184	-1	0
184	197	-1	0
197	167	-1	0
167	182	-1	0
182	357	-1	0
357	384	-1	0
384	191	-1	0
191	470	-1	0
470	172	-1	0
172	64	-1	0
64	158	-1	0
158	130	-1	0
130	141	-1	0
141	47	-1	0
47	149	-1	0
149	101	-1	0
101	342	-1	0
342	80	-1	0
80	460	-1	0
460	368	-1	0
368	30	-1	0
30	315	-1	0
315	144	-1	0
144	349	-1	0
349	428	-1	0
428	67	-1	0
67	49	-1	0
49	479	-1	0
479	402	-1	0
402	14	-1	0
14	284	-1	0
284	388	-1	0
388	177	-1	0
177	274	-1	0
274	404	-1	0
404	132	-1	0
132	265	-1	0
265	353	-1	0
353	276	-1	0
276	25	-1	0
25	243	-1	0
243	420	-1	0
420	138	-1	0
138	8	-1	0
8	183	-1	0
183	90	-1	0
90	397	-1	0
397	22	-1	0
22	169	-1	0
169	326	-1	0
326	240	-1	0
240	471	-1	0
471	252	-1	0
252	401	-1	0
401	37	-1	0
37	115	-1	0
115	317	-1	0
317	445	-1	0
445	102	-1	0
102	302	-1	0
302	424	-1	0
424	108	-1	0
108	148	-1	0
148	351	-1	0
351	295	-1	0
295	173	-1	0
173	425	-1	0
425	458	-1	0
458	190	-1	0
190	396	-1	0
396	128	-1	0
128	161	-1	0
161	117	-1	0
117	318	-1	0
318	293	-1	0
293	127	-1	0
127	493	-1	0
493	62	-1	0
62	98	-1	0
98	498	-1	0
498	96	-1	0
96	155	-1	0
155	281	-1	0
281	110	-1	0
110	473	-1	0
473	157	-1	0
157	253	-1	0
253	297	-1	0
297	440	-1	0
440	299	-1	0
299	330	-1	0
330	455	-1	0
455	179	-1	0
179	43	-1	0
43	28	-1	0
28	462	-1	0
462	78	-1	0
78	85	-1	0
85	277	-1	0
277	422	-1	0
422	68	-1	0
68	81	-1	0
81	39	-1	0
39	446	-1	0
446	366	-1	0
366	6	-1	0
6	463	-1	0
463	371	-1	0
371	225	-1	0
225	451	-1	0
451	75	-1	0
75	112	-1	0
112	26	-1	0
26	464	-1	0
464	73	-1	0
73	118	-1	0
118	355	-1	0
355	378	-1	0
378	189	-1	0
189	131	-1	0
131	51	-1	0
51	160	-1	0
160	331	-1	0
331	84	-1	0
84	3	-1	0
3	449	-1	0
449	217	-1	0
217	406	-1	0
406	324	-1	0
324	257	-1	0
257	289	-1	0
289	123	-1	0
123	171	-1	0
171	95	-1	0
95	310	-1	0
310	389	-1	0
389	417	-1	0
417	93	-1	0
93	476	-1	0
476	94	-1	0
94	468	-1	0
468	42	-1	0
42	400	-1	0
400	248	-1	0
248	245	-1	0
245	472	-1	0
472	487	-1	0
487	29	-1	0
29	441	-1	0
441	314	-1	0
314	485	-1	0
485	380	-1	0
380	352	-1	0
352	282	-1	0
282	103	-1	0
103	374	-1	0
374	341	-1	0
341	250	-1	0
250	258	-1	0
258	272	-1	0
272	327	-1	0
327	21	-1	0
21	175	-1	0
175	71	-1	0
71	278	-1	0
278	215	-1	0
215	320	-1	0
320	229	-1	0
229	156	-1	0
156	48	-1	0
48	53	-1	0
53	17	-1	0
17	489	-1	0
489	426	-1	0
426	70	-1	0
70	87	-1	0
87	436	-1	0
436	106	-1	0
106	10	-1	0
10	23	-1	0
23	456	-1	0
456	254	-1	0
254	308	-1	0
308	170	-1	0
170	311	-1	0
311	480	-1	0
480	146	-1	0
146	481	-1	0
481	181	-1	0
181	135	-1	0
135	323	-1	0
323	69	-1	0
69	203	-1	0
203	192	-1	0
192	125	-1	0
125	298	-1	0
298	228	-1	0
228	63	-1	0
63	333	-1	0
333	337	-1	0
337	381	-1	0
381	438	-1	0
438	105	-1	0
105	364	-1	0
364	348	-1	0
348	286	-1	0
286	291	-1	0
291	376	-1	0
376	304	-1	0
304	152	-1	0
152	386	-1	0
386	46	-1	0
46	367	-1	0
367	413	-1	0
413	496	-1	0
496	113	-1	0
113	40	-1	0
40	296	-1	0
296	343	-1	0
343	466	-1	0
466	214	-1	0
214	292	-1	0
292	174	-1	0
174	433	-1	0
433	16	-1	0
16	36	-1	0
36	185	-1	0
185	60	-1	0
60	448	-1	0
448	444	-1	0
444	418	-1	0
418	294	-1	0
294	312	-1	0
312	104	-1	0
104	194	-1	0
194	434	-1	0
434	461	-1	0
461	207	-1	0
207	247	-1	0
247	313	-1	0
313	41	-1	0
41	89	-1	0
89	395	-1	0
395	77	-1	0
77	251	-1	0
251	133	-1	0
133	379	-1	0
379	316	-1	0
316	139	-1	0
139	19	-1	0
19	107	-1	0
107	375	-1	0
375	486	-1	0
486	119	-1	0
119	358	-1	0
358	347	-1	0
347	329	-1	0
329	392	-1	0
392	465	-1	0
465	398	-1	0
398	163	-1	0
163	370	-1	0
370	412	-1	0
412	305	-1	0
305	239	-1	0
239	211	-1	0
211	346	-1	0
346	301	-1	0
301	24	-1	0
24	271	-1	0
271	7	-1	0
7	437	-1	0
437	168	-1	0
168	120	-1	0
120	259	-1	0
259	233	-1	0
233	345	-1	0
345	178	-1	0
178	164	-1	0
164	385	-1	0
385	124	-1	0
124	4	-1	0
4	147	-1	0
147	55	-1	0
55	5	-1	0
5	86	-1	0
86	216	-1	0
216	482	-1	0
482	363	-1	0
363	205	-1	0
205	439	-1	0
439	263	-1	0
263	262	-1	0
262	387	-1	0
387	450	-1	0
450	275	-1	0
275	459	-1	0
459	268	-1	0
268	159	-1	0
159	280	-1	0
280	137	-1	0
137	74	-1	0
74	300	-1	0
300	290	-1	0
290	287	-1	0
287	58	-1	0
58	206	-1	0
206	427	-1	0
427	226	-1	0
226	365	-1	0
365	150	-1	0
150	61	-1	0
61	143	-1	0
143	264	-1	0
264	195	-1	0
195	237	-1	0
237	224	-1	0
224	383	-1	0
383	219	-1	0
219	361	-1	0
361	415	-1	0
415	443	-1	0
443	409	-1	0
409	369	-1	0
369	222	-1	0
222	27	-1	0
27	419	-1	0
419	231	-1	0
231	54	-1	0
54	176	-1	0
176	50	-1	0
50	403	-1	0
403	227	-1	0
227	99	-1	0
99	92	-1	0
92	9	-1	0
9	495	-1	0
495	162	-1	0
162	340	-1	0
340	242	-1	0
242	499	-1	0
499	435	-1	0
435	283	-1	0
283	350	-1	0
350	490	-1	0
490	166	-1	0
166	238	-1	0
238	256	-1	0
256	114	-1	0
114	442	-1	0
442	235	-1	0
235	220	-1	0
220	186	-1	0
186	267	-1	0
267	122	-1	0
122	91	-1	0
91	198	-1	0
198	52	-1	0
52	399	-1	0
399	373	-1	0
373	334	-1	0
334	453	-1	0
453	322	-1	0
322	488	-1	0
488	260	-1	0
260	100	-1	0
100	372	-1	0
372	321	-1	0
321	483	-1	0
483	136	-1	0
136	72	-1	0
72	145	-1	0
145	328	-1	0
328	432	-1	0
432	212	-1	0
212	393	-1	0
393	391	-1	0
391	382	-1	0
382	199	-1	0
199	447	-1	0
447	454	-1	0
454	44	-1	0
44	218	-1	0
218	344	-1	0
344	180	-1	0
180	457	-1	0
457	241	-1	0
241	201	-1	0
201	142	-1	0
142	1	-1	0
1	35	-1	0
35	221	-1	0
221	15	-1	0
15	429	-1	0
429	97	-1	0
97	497	-1	0
497	362	-1	0
362	88	-1	0
88	56	-1	0
56	478	-1	0
478	474	-1	0
474	0	-1	0
