/* Number of Operations */
375
/* List of Operations. */
/* Start	End	Fly	#Internal	Locations...*/
0	139	-1	0
139	92	-1	0
92	284	-1	0
284	64	-1	0
64	158	-1	0
158	89	-1	0
89	145	-1	0
145	75	-1	0
75	73	-1	0
73	262	-1	0
262	322	-1	0
322	335	-1	0
335	349	-1	0
349	173	-1	0
173	224	-1	0
224	119	-1	0
119	121	-1	0
121	190	-1	0
190	336	-1	0
336	109	-1	0
109	63	-1	0
63	265	-1	0
265	344	-1	0
344	160	-1	0
160	227	-1	0
227	185	-1	0
185	144	-1	0
144	19	-1	0
19	356	-1	0
356	223	-1	0
223	166	-1	0
166	292	-1	0
292	178	-1	0
178	367	-1	0
367	78	-1	0
78	184	-1	0
184	348	-1	0
348	246	-1	0
246	268	-1	0
268	372	-1	0
372	271	-1	0
271	363	-1	0
363	278	-1	0
278	58	-1	0
58	365	-1	0
365	371	-1	0
371	57	-1	0
57	199	-1	0
199	249	-1	0
249	307	-1	0
307	77	-1	0
77	50	-1	0
50	148	-1	0
148	2	-1	0
2	343	-1	0
343	129	-1	0
129	61	-1	0
61	327	-1	0
327	206	-1	0
206	106	-1	0
106	302	-1	0
302	123	-1	0
123	324	-1	0
324	41	-1	0
41	154	-1	0
154	9	-1	0
9	342	-1	0
342	198	-1	0
198	34	-1	0
34	150	-1	0
150	95	-1	0
95	330	-1	0
330	294	-1	0
294	60	-1	0
60	18	-1	0
18	30	-1	0
30	151	-1	0
151	79	-1	0
79	165	-1	0
165	72	-1	0
72	236	-1	0
236	133	-1	0
133	66	-1	0
66	357	-1	0
357	334	-1	0
334	4	-1	0
4	177	-1	0
177	84	-1	0
84	286	-1	0
286	56	-1	0
56	250	-1	0
250	226	-1	0
226	28	-1	0
28	116	-1	0
116	90	-1	0
90	235	-1	0
235	136	-1	0
136	245	-1	0
245	161	-1	0
161	96	-1	0
96	275	-1	0
275	220	-1	0
220	179	-1	0
179	306	-1	0
306	6	-1	0
6	201	-1	0
201	88	-1	0
88	299	-1	0
299	369	-1	0
369	82	-1	0
82	314	-1	0
314	242	-1	0
242	137	-1	0
137	337	-1	0
337	194	-1	0
194	350	-1	0
350	347	-1	0
347	234	-1	0
234	272	-1	0
272	207	-1	0
207	251	-1	0
251	44	-1	0
44	290	-1	0
290	24	-1	0
24	205	-1	0
205	230	-1	0
230	228	-1	0
228	353	-1	0
353	98	-1	0
98	13	-1	0
13	257	-1	0
257	85	-1	0
85	159	-1	0
159	156	-1	0
156	258	-1	0
258	122	-1	0
122	167	-1	0
167	40	-1	0
40	171	-1	0
171	55	-1	0
55	76	-1	0
76	183	-1	0
183	128	-1	0
128	74	-1	0
74	12	-1	0
12	225	-1	0
225	285	-1	0
285	264	-1	0
264	362	-1	0
362	311	-1	0
311	361	-1	0
361	100	-1	0
100	54	-1	0
54	374	-1	0
374	80	-1	0
80	215	-1	0
215	126	-1	0
126	110	-1	0
110	131	-1	0
131	333	-1	0
333	153	-1	0
153	149	-1	0
149	213	-1	0
213	8	-1	0
8	345	-1	0
345	101	-1	0
101	17	-1	0
17	282	-1	0
282	163	-1	0
163	29	-1	0
29	14	-1	0
14	305	-1	0
305	169	-1	0
169	26	-1	0
26	231	-1	0
231	180	-1	0
180	259	-1	0
259	189	-1	0
189	132	-1	0
132	193	-1	0
193	326	-1	0
326	59	-1	0
59	174	-1	0
174	134	-1	0
134	312	-1	0
312	204	-1	0
204	112	-1	0
112	38	-1	0
38	32	-1	0
32	117	-1	0
117	295	-1	0
295	310	-1	0
310	241	-1	0
241	323	-1	0
323	273	-1	0
273	104	-1	0
104	317	-1	0
317	186	-1	0
186	46	-1	0
46	325	-1	0
325	318	-1	0
318	93	-1	0
93	130	-1	0
130	237	-1	0
237	219	-1	0
219	45	-1	0
45	27	-1	0
27	210	-1	0
210	304	-1	0
304	289	-1	0
289	309	-1	0
309	252	-1	0
252	43	-1	0
43	229	-1	0
229	172	-1	0
172	52	-1	0
52	62	-1	0
62	243	-1	0
243	175	-1	0
175	65	-1	0
65	142	-1	0
142	340	-1	0
340	359	-1	0
359	97	-1	0
97	269	-1	0
269	320	-1	0
320	51	-1	0
51	152	-1	0
152	188	-1	0
188	48	-1	0
48	255	-1	0
255	332	-1	0
332	105	-1	0
105	203	-1	0
203	71	-1	0
71	191	-1	0
191	111	-1	0
111	276	-1	0
276	91	-1	0
91	218	-1	0
218	270	-1	0
270	176	-1	0
176	113	-1	0
113	155	-1	0
155	293	-1	0
293	1	-1	0
1	99	-1	0
99	301	-1	0
301	20	-1	0
20	248	-1	0
248	266	-1	0
266	23	-1	0
23	36	-1	0
36	358	-1	0
358	222	-1	0
222	87	-1	0
87	283	-1	0
283	238	-1	0
238	316	-1	0
316	102	-1	0
102	208	-1	0
208	114	-1	0
114	256	-1	0
256	39	-1	0
39	25	-1	0
25	94	-1	0
94	197	-1	0
197	281	-1	0
281	192	-1	0
192	168	-1	0
168	187	-1	0
187	364	-1	0
364	370	-1	0
370	125	-1	0
125	47	-1	0
47	279	-1	0
279	81	-1	0
81	263	-1	0
263	298	-1	0
298	68	-1	0
68	214	-1	0
214	216	-1	0
216	315	-1	0
315	103	-1	0
103	244	-1	0
244	11	-1	0
11	217	-1	0
217	240	-1	0
240	118	-1	0
118	351	-1	0
351	346	-1	0
346	260	-1	0
260	319	-1	0
319	313	-1	0
313	288	-1	0
288	274	-1	0
274	331	-1	0
331	42	-1	0
42	16	-1	0
16	254	-1	0
254	221	-1	0
221	338	-1	0
338	261	-1	0
261	341	-1	0
341	69	-1	0
69	3	-1	0
3	196	-1	0
196	233	-1	0
233	181	-1	0
181	115	-1	0
115	146	-1	0
146	297	-1	0
297	277	-1	0
277	120	-1	0
120	366	-1	0
366	15	-1	0
15	138	-1	0
138	108	-1	0
108	354	-1	0
354	352	-1	0
352	195	-1	0
195	124	-1	0
124	373	-1	0
373	339	-1	0
339	232	-1	0
232	140	-1	0
140	147	-1	0
147	239	-1	0
239	83	-1	0
83	329	-1	0
329	35	-1	0
35	143	-1	0
143	70	-1	0
70	287	-1	0
287	308	-1	0
308	5	-1	0
5	164	-1	0
164	303	-1	0
303	280	-1	0
280	21	-1	0
21	37	-1	0
37	253	-1	0
253	7	-1	0
7	212	-1	0
212	107	-1	0
107	53	-1	0
53	321	-1	0
321	170	-1	0
170	86	-1	0
86	127	-1	0
127	162	-1	0
162	141	-1	0
141	360	-1	0
360	368	-1	0
368	157	-1	0
157	328	-1	0
328	355	-1	0
355	10	-1	0
10	49	-1	0
49	135	-1	0
135	200	-1	0
200	300	-1	0
300	22	-1	0
22	202	-1	0
202	296	-1	0
296	267	-1	0
267	67	-1	0
67	182	-1	0
182	33	-1	0
33	291	-1	0
291	211	-1	0
211	31	-1	0
31	247	-1	0
247	209	-1	0
209	0	-1	0
