/* Number of Operations */
250
/* List of Operations. */
/* Start	End	Fly	#Internal	Locations...*/
0	217	-1	0
217	112	-1	0
112	4	-1	0
4	178	-1	0
178	128	-1	0
128	192	-1	0
192	39	-1	0
39	176	-1	0
176	102	-1	0
102	47	-1	0
47	233	-1	0
233	203	-1	0
203	229	-1	0
229	71	-1	0
71	231	-1	0
231	93	-1	0
93	42	-1	0
42	74	-1	0
74	46	-1	0
46	245	-1	0
245	213	-1	0
213	32	-1	0
32	147	-1	0
147	180	-1	0
180	70	-1	0
70	66	-1	0
66	58	-1	0
58	166	-1	0
166	54	-1	0
54	170	-1	0
170	110	-1	0
110	184	-1	0
184	98	-1	0
98	111	-1	0
111	167	-1	0
167	18	-1	0
18	52	-1	0
52	152	-1	0
152	189	-1	0
189	72	-1	0
72	45	-1	0
45	20	-1	0
20	185	-1	0
185	239	-1	0
239	227	-1	0
227	163	-1	0
163	89	-1	0
89	23	-1	0
23	193	-1	0
193	16	-1	0
16	161	-1	0
161	117	-1	0
117	27	-1	0
27	238	-1	0
238	224	-1	0
224	182	-1	0
182	142	-1	0
142	225	-1	0
225	235	-1	0
235	207	-1	0
207	143	-1	0
143	22	-1	0
22	78	-1	0
78	125	-1	0
125	226	-1	0
226	65	-1	0
65	91	-1	0
91	95	-1	0
95	181	-1	0
181	171	-1	0
171	48	-1	0
48	127	-1	0
127	140	-1	0
140	14	-1	0
14	33	-1	0
33	82	-1	0
82	28	-1	0
28	104	-1	0
104	44	-1	0
44	195	-1	0
195	216	-1	0
216	247	-1	0
247	113	-1	0
113	130	-1	0
130	123	-1	0
123	208	-1	0
208	141	-1	0
141	174	-1	0
174	59	-1	0
59	215	-1	0
215	175	-1	0
175	103	-1	0
103	122	-1	0
122	172	-1	0
172	144	-1	0
144	106	-1	0
106	126	-1	0
126	6	-1	0
6	223	-1	0
223	108	-1	0
108	242	-1	0
242	209	-1	0
209	94	-1	0
94	248	-1	0
248	31	-1	0
31	228	-1	0
228	86	-1	0
86	183	-1	0
183	210	-1	0
210	12	-1	0
12	92	-1	0
92	116	-1	0
116	101	-1	0
101	164	-1	0
164	64	-1	0
64	105	-1	0
105	35	-1	0
35	211	-1	0
211	84	-1	0
84	214	-1	0
214	99	-1	0
99	3	-1	0
3	218	-1	0
218	230	-1	0
230	40	-1	0
40	244	-1	0
244	199	-1	0
199	53	-1	0
53	236	-1	0
236	240	-1	0
240	149	-1	0
149	156	-1	0
156	129	-1	0
129	83	-1	0
83	81	-1	0
81	177	-1	0
177	219	-1	0
219	75	-1	0
75	50	-1	0
50	220	-1	0
220	146	-1	0
146	1	-1	0
1	197	-1	0
197	96	-1	0
96	158	-1	0
158	43	-1	0
43	201	-1	0
201	165	-1	0
165	115	-1	0
115	205	-1	0
205	85	-1	0
85	243	-1	0
243	154	-1	0
154	107	-1	0
107	200	-1	0
200	100	-1	0
100	188	-1	0
188	63	-1	0
63	241	-1	0
241	198	-1	0
198	56	-1	0
56	38	-1	0
38	168	-1	0
168	191	-1	0
191	121	-1	0
121	34	-1	0
34	212	-1	0
212	109	-1	0
109	2	-1	0
2	138	-1	0
138	204	-1	0
204	118	-1	0
118	134	-1	0
134	222	-1	0
222	120	-1	0
120	62	-1	0
62	68	-1	0
68	79	-1	0
79	119	-1	0
119	150	-1	0
150	169	-1	0
169	232	-1	0
232	153	-1	0
153	30	-1	0
30	196	-1	0
196	87	-1	0
87	69	-1	0
69	29	-1	0
29	206	-1	0
206	133	-1	0
133	148	-1	0
148	90	-1	0
90	76	-1	0
76	162	-1	0
162	61	-1	0
61	145	-1	0
145	173	-1	0
173	51	-1	0
51	57	-1	0
57	60	-1	0
60	9	-1	0
9	155	-1	0
155	136	-1	0
136	131	-1	0
131	49	-1	0
49	246	-1	0
246	132	-1	0
132	187	-1	0
187	55	-1	0
55	7	-1	0
7	8	-1	0
8	114	-1	0
114	15	-1	0
15	221	-1	0
221	19	-1	0
19	24	-1	0
24	21	-1	0
21	11	-1	0
11	249	-1	0
249	80	-1	0
80	10	-1	0
10	97	-1	0
97	124	-1	0
124	151	-1	0
151	157	-1	0
157	139	-1	0
139	36	-1	0
36	186	-1	0
186	25	-1	0
25	237	-1	0
237	73	-1	0
73	13	-1	0
13	67	-1	0
67	179	-1	0
179	190	-1	0
190	194	-1	0
194	17	-1	0
17	88	-1	0
88	5	-1	0
5	41	-1	0
41	26	-1	0
26	37	-1	0
37	234	-1	0
234	137	-1	0
137	77	-1	0
77	202	-1	0
202	160	-1	0
160	159	-1	0
159	135	-1	0
135	0	-1	0
