/* Number of Operations */
250
/* List of Operations. */
/* Start	End	Fly	#Internal	Locations...*/
0	7	-1	0
7	201	-1	0
201	85	-1	0
85	147	-1	0
147	83	-1	0
83	205	-1	0
205	240	-1	0
240	2	-1	0
2	91	-1	0
91	57	-1	0
57	154	-1	0
154	194	-1	0
194	214	-1	0
214	65	-1	0
65	163	-1	0
163	131	-1	0
131	25	-1	0
25	213	-1	0
213	221	-1	0
221	246	-1	0
246	62	-1	0
62	79	-1	0
79	36	-1	0
36	5	-1	0
5	110	-1	0
110	31	-1	0
31	81	-1	0
81	171	-1	0
171	12	-1	0
12	43	-1	0
43	18	-1	0
18	144	-1	0
144	180	-1	0
180	249	-1	0
249	206	-1	0
206	64	-1	0
64	99	-1	0
99	199	-1	0
199	114	-1	0
114	76	-1	0
76	53	-1	0
53	228	-1	0
228	22	-1	0
22	203	-1	0
203	17	-1	0
17	13	-1	0
13	41	-1	0
41	38	-1	0
38	30	-1	0
30	84	-1	0
84	152	-1	0
152	95	-1	0
95	177	-1	0
177	8	-1	0
8	158	-1	0
158	54	-1	0
54	101	-1	0
101	118	-1	0
118	174	-1	0
174	222	-1	0
222	51	-1	0
51	98	-1	0
98	202	-1	0
202	224	-1	0
224	191	-1	0
191	78	-1	0
78	69	-1	0
69	155	-1	0
155	189	-1	0
189	32	-1	0
32	166	-1	0
166	44	-1	0
44	161	-1	0
161	208	-1	0
208	181	-1	0
181	37	-1	0
37	93	-1	0
93	219	-1	0
219	59	-1	0
59	247	-1	0
247	141	-1	0
141	188	-1	0
188	48	-1	0
48	94	-1	0
94	15	-1	0
15	24	-1	0
24	90	-1	0
90	149	-1	0
149	89	-1	0
89	148	-1	0
148	236	-1	0
236	11	-1	0
11	52	-1	0
52	160	-1	0
160	239	-1	0
239	45	-1	0
45	197	-1	0
197	10	-1	0
10	60	-1	0
60	173	-1	0
173	209	-1	0
209	232	-1	0
232	229	-1	0
229	106	-1	0
106	20	-1	0
20	196	-1	0
196	122	-1	0
122	245	-1	0
245	175	-1	0
175	138	-1	0
138	46	-1	0
46	132	-1	0
132	126	-1	0
126	211	-1	0
211	162	-1	0
162	63	-1	0
63	186	-1	0
186	190	-1	0
190	102	-1	0
102	113	-1	0
113	109	-1	0
109	39	-1	0
39	230	-1	0
230	210	-1	0
210	105	-1	0
105	159	-1	0
159	128	-1	0
128	14	-1	0
14	192	-1	0
192	223	-1	0
223	42	-1	0
42	34	-1	0
34	169	-1	0
169	156	-1	0
156	19	-1	0
19	123	-1	0
123	237	-1	0
237	96	-1	0
96	134	-1	0
134	133	-1	0
133	28	-1	0
28	234	-1	0
234	71	-1	0
71	107	-1	0
107	86	-1	0
86	216	-1	0
216	119	-1	0
119	227	-1	0
227	139	-1	0
139	4	-1	0
4	238	-1	0
238	143	-1	0
143	187	-1	0
187	74	-1	0
74	178	-1	0
178	226	-1	0
226	92	-1	0
92	157	-1	0
157	164	-1	0
164	151	-1	0
151	72	-1	0
72	172	-1	0
172	130	-1	0
130	120	-1	0
120	198	-1	0
198	77	-1	0
77	193	-1	0
193	153	-1	0
153	220	-1	0
220	23	-1	0
23	3	-1	0
3	27	-1	0
27	80	-1	0
80	124	-1	0
124	58	-1	0
58	225	-1	0
225	16	-1	0
16	167	-1	0
167	40	-1	0
40	150	-1	0
150	195	-1	0
195	33	-1	0
33	73	-1	0
73	200	-1	0
200	116	-1	0
116	215	-1	0
215	233	-1	0
233	235	-1	0
235	248	-1	0
248	242	-1	0
242	75	-1	0
75	135	-1	0
135	97	-1	0
97	9	-1	0
9	1	-1	0
1	146	-1	0
146	104	-1	0
104	183	-1	0
183	82	-1	0
82	241	-1	0
241	117	-1	0
117	56	-1	0
56	49	-1	0
49	168	-1	0
168	55	-1	0
55	88	-1	0
88	140	-1	0
140	185	-1	0
185	165	-1	0
165	121	-1	0
121	136	-1	0
136	244	-1	0
244	50	-1	0
50	176	-1	0
176	112	-1	0
112	125	-1	0
125	67	-1	0
67	212	-1	0
212	70	-1	0
70	184	-1	0
184	145	-1	0
145	182	-1	0
182	179	-1	0
179	218	-1	0
218	100	-1	0
100	217	-1	0
217	170	-1	0
170	26	-1	0
26	142	-1	0
142	207	-1	0
207	115	-1	0
115	243	-1	0
243	103	-1	0
103	21	-1	0
21	108	-1	0
108	6	-1	0
6	66	-1	0
66	137	-1	0
137	127	-1	0
127	204	-1	0
204	61	-1	0
61	87	-1	0
87	129	-1	0
129	231	-1	0
231	68	-1	0
68	35	-1	0
35	111	-1	0
111	29	-1	0
29	47	-1	0
47	0	-1	0
