/* Number of Operations */
100
/* List of Operations. */
/* Start	End	Fly	#Internal	Locations...*/
0	49	-1	0
49	15	-1	0
15	33	-1	0
33	78	-1	0
78	10	-1	0
10	47	-1	0
47	12	-1	0
12	57	-1	0
57	58	-1	0
58	83	-1	0
83	5	-1	0
5	65	-1	0
65	98	-1	0
98	68	-1	0
68	77	-1	0
77	76	-1	0
76	82	-1	0
82	29	-1	0
29	91	-1	0
91	53	-1	0
53	30	-1	0
30	7	-1	0
7	96	-1	0
96	35	-1	0
35	88	-1	0
88	63	-1	0
63	87	-1	0
87	84	-1	0
84	44	-1	0
44	9	-1	0
9	46	-1	0
46	20	-1	0
20	16	-1	0
16	56	-1	0
56	19	-1	0
19	89	-1	0
89	52	-1	0
52	62	-1	0
62	25	-1	0
25	11	-1	0
11	94	-1	0
94	93	-1	0
93	34	-1	0
34	24	-1	0
24	48	-1	0
48	13	-1	0
13	86	-1	0
86	90	-1	0
90	55	-1	0
55	85	-1	0
85	97	-1	0
97	14	-1	0
14	2	-1	0
2	3	-1	0
3	22	-1	0
22	42	-1	0
42	64	-1	0
64	31	-1	0
31	69	-1	0
69	38	-1	0
38	1	-1	0
1	99	-1	0
99	80	-1	0
80	4	-1	0
4	67	-1	0
67	17	-1	0
17	39	-1	0
39	36	-1	0
36	70	-1	0
70	27	-1	0
27	95	-1	0
95	45	-1	0
45	51	-1	0
51	40	-1	0
40	26	-1	0
26	41	-1	0
41	71	-1	0
71	23	-1	0
23	18	-1	0
18	61	-1	0
61	73	-1	0
73	79	-1	0
79	74	-1	0
74	43	-1	0
43	6	-1	0
6	81	-1	0
81	75	-1	0
75	28	-1	0
28	92	-1	0
92	37	-1	0
37	60	-1	0
60	50	-1	0
50	8	-1	0
8	59	-1	0
59	54	-1	0
54	72	-1	0
72	32	-1	0
32	66	-1	0
66	21	-1	0
21	0	-1	0
