/* Number of Operations */
250
/* List of Operations. */
/* Start	End	Fly	#Internal	Locations...*/
0	111	-1	0
111	159	-1	0
159	27	-1	0
27	163	-1	0
163	144	-1	0
144	152	-1	0
152	13	-1	0
13	228	-1	0
228	22	-1	0
22	193	-1	0
193	43	-1	0
43	56	-1	0
56	83	-1	0
83	87	-1	0
87	104	-1	0
104	54	-1	0
54	204	-1	0
204	32	-1	0
32	146	-1	0
146	201	-1	0
201	61	-1	0
61	2	-1	0
2	16	-1	0
16	170	-1	0
170	40	-1	0
40	187	-1	0
187	35	-1	0
35	116	-1	0
116	58	-1	0
58	232	-1	0
232	134	-1	0
134	222	-1	0
222	110	-1	0
110	101	-1	0
101	66	-1	0
66	37	-1	0
37	77	-1	0
77	36	-1	0
36	162	-1	0
162	29	-1	0
29	106	-1	0
106	223	-1	0
223	9	-1	0
9	62	-1	0
62	93	-1	0
93	127	-1	0
127	234	-1	0
234	205	-1	0
205	165	-1	0
165	102	-1	0
102	221	-1	0
221	55	-1	0
55	1	-1	0
1	39	-1	0
39	216	-1	0
216	157	-1	0
157	153	-1	0
153	25	-1	0
25	65	-1	0
65	220	-1	0
220	241	-1	0
241	206	-1	0
206	18	-1	0
18	128	-1	0
128	179	-1	0
179	78	-1	0
78	239	-1	0
239	67	-1	0
67	233	-1	0
233	109	-1	0
109	7	-1	0
7	64	-1	0
64	79	-1	0
79	207	-1	0
207	31	-1	0
31	30	-1	0
30	141	-1	0
141	138	-1	0
138	126	-1	0
126	133	-1	0
133	69	-1	0
69	161	-1	0
161	137	-1	0
137	192	-1	0
192	182	-1	0
182	20	-1	0
20	191	-1	0
191	218	-1	0
218	4	-1	0
4	26	-1	0
26	219	-1	0
219	236	-1	0
236	28	-1	0
28	249	-1	0
249	198	-1	0
198	76	-1	0
76	175	-1	0
175	70	-1	0
70	230	-1	0
230	48	-1	0
48	80	-1	0
80	135	-1	0
135	82	-1	0
82	95	-1	0
95	226	-1	0
226	105	-1	0
105	42	-1	0
42	200	-1	0
200	47	-1	0
47	8	-1	0
8	91	-1	0
91	149	-1	0
149	60	-1	0
60	84	-1	0
84	68	-1	0
68	231	-1	0
231	242	-1	0
242	44	-1	0
44	129	-1	0
129	173	-1	0
173	217	-1	0
217	114	-1	0
114	124	-1	0
124	154	-1	0
154	213	-1	0
213	115	-1	0
115	92	-1	0
92	24	-1	0
24	50	-1	0
50	72	-1	0
72	245	-1	0
245	166	-1	0
166	143	-1	0
143	227	-1	0
227	202	-1	0
202	41	-1	0
41	117	-1	0
117	235	-1	0
235	246	-1	0
246	210	-1	0
210	199	-1	0
199	184	-1	0
184	85	-1	0
85	11	-1	0
11	99	-1	0
99	51	-1	0
51	142	-1	0
142	112	-1	0
112	45	-1	0
45	169	-1	0
169	148	-1	0
148	63	-1	0
63	238	-1	0
238	107	-1	0
107	145	-1	0
145	97	-1	0
97	183	-1	0
183	125	-1	0
125	121	-1	0
121	19	-1	0
19	212	-1	0
212	96	-1	0
96	181	-1	0
181	57	-1	0
57	17	-1	0
17	103	-1	0
103	188	-1	0
188	100	-1	0
100	81	-1	0
81	150	-1	0
150	229	-1	0
229	168	-1	0
168	172	-1	0
172	122	-1	0
122	211	-1	0
211	237	-1	0
237	224	-1	0
224	59	-1	0
59	156	-1	0
156	196	-1	0
196	33	-1	0
33	177	-1	0
177	53	-1	0
53	15	-1	0
15	23	-1	0
23	34	-1	0
34	178	-1	0
178	118	-1	0
118	190	-1	0
190	197	-1	0
197	74	-1	0
74	52	-1	0
52	244	-1	0
244	155	-1	0
155	140	-1	0
140	180	-1	0
180	89	-1	0
89	247	-1	0
247	38	-1	0
38	88	-1	0
88	86	-1	0
86	130	-1	0
130	176	-1	0
176	248	-1	0
248	10	-1	0
10	225	-1	0
225	71	-1	0
71	174	-1	0
174	209	-1	0
209	49	-1	0
49	3	-1	0
3	240	-1	0
240	5	-1	0
5	90	-1	0
90	21	-1	0
21	151	-1	0
151	6	-1	0
6	185	-1	0
185	164	-1	0
164	243	-1	0
243	208	-1	0
208	194	-1	0
194	195	-1	0
195	147	-1	0
147	119	-1	0
119	136	-1	0
136	171	-1	0
171	131	-1	0
131	189	-1	0
189	98	-1	0
98	108	-1	0
108	167	-1	0
167	203	-1	0
203	158	-1	0
158	215	-1	0
215	214	-1	0
214	94	-1	0
94	186	-1	0
186	132	-1	0
132	123	-1	0
123	14	-1	0
14	46	-1	0
46	73	-1	0
73	12	-1	0
12	120	-1	0
120	139	-1	0
139	75	-1	0
75	160	-1	0
160	113	-1	0
113	0	-1	0
