/* Number of Operations */
375
/* List of Operations. */
/* Start	End	Fly	#Internal	Locations...*/
0	338	-1	0
338	306	-1	0
306	350	-1	0
350	107	-1	0
107	309	-1	0
309	72	-1	0
72	59	-1	0
59	89	-1	0
89	202	-1	0
202	75	-1	0
75	111	-1	0
111	289	-1	0
289	78	-1	0
78	366	-1	0
366	372	-1	0
372	203	-1	0
203	301	-1	0
301	259	-1	0
259	262	-1	0
262	324	-1	0
324	316	-1	0
316	242	-1	0
242	22	-1	0
22	356	-1	0
356	159	-1	0
159	363	-1	0
363	283	-1	0
283	133	-1	0
133	10	-1	0
10	175	-1	0
175	214	-1	0
214	285	-1	0
285	307	-1	0
307	265	-1	0
265	353	-1	0
353	47	-1	0
47	234	-1	0
234	297	-1	0
297	26	-1	0
26	55	-1	0
55	237	-1	0
237	187	-1	0
187	312	-1	0
312	327	-1	0
327	198	-1	0
198	196	-1	0
196	100	-1	0
100	264	-1	0
264	157	-1	0
157	120	-1	0
120	223	-1	0
223	328	-1	0
328	2	-1	0
2	199	-1	0
199	33	-1	0
33	56	-1	0
56	96	-1	0
96	5	-1	0
5	323	-1	0
323	253	-1	0
253	109	-1	0
109	81	-1	0
81	299	-1	0
299	35	-1	0
35	127	-1	0
127	247	-1	0
247	51	-1	0
51	113	-1	0
113	123	-1	0
123	188	-1	0
188	142	-1	0
142	302	-1	0
302	65	-1	0
65	94	-1	0
94	105	-1	0
105	194	-1	0
194	153	-1	0
153	222	-1	0
222	331	-1	0
331	268	-1	0
268	62	-1	0
62	31	-1	0
31	360	-1	0
360	313	-1	0
313	349	-1	0
349	169	-1	0
169	129	-1	0
129	211	-1	0
211	351	-1	0
351	340	-1	0
340	185	-1	0
185	215	-1	0
215	170	-1	0
170	219	-1	0
219	192	-1	0
192	273	-1	0
273	296	-1	0
296	227	-1	0
227	148	-1	0
148	212	-1	0
212	217	-1	0
217	74	-1	0
74	79	-1	0
79	191	-1	0
191	333	-1	0
333	335	-1	0
335	3	-1	0
3	267	-1	0
267	126	-1	0
126	258	-1	0
258	184	-1	0
184	52	-1	0
52	197	-1	0
197	49	-1	0
49	298	-1	0
298	359	-1	0
359	69	-1	0
69	76	-1	0
76	4	-1	0
4	224	-1	0
224	278	-1	0
278	365	-1	0
365	114	-1	0
114	277	-1	0
277	160	-1	0
160	97	-1	0
97	93	-1	0
93	46	-1	0
46	41	-1	0
41	163	-1	0
163	254	-1	0
254	73	-1	0
73	53	-1	0
53	233	-1	0
233	336	-1	0
336	58	-1	0
58	186	-1	0
186	124	-1	0
124	355	-1	0
355	1	-1	0
1	158	-1	0
158	334	-1	0
334	216	-1	0
216	226	-1	0
226	295	-1	0
295	279	-1	0
279	174	-1	0
174	145	-1	0
145	180	-1	0
180	57	-1	0
57	232	-1	0
232	136	-1	0
136	322	-1	0
322	260	-1	0
260	80	-1	0
80	257	-1	0
257	345	-1	0
345	171	-1	0
171	119	-1	0
119	240	-1	0
240	354	-1	0
354	371	-1	0
371	225	-1	0
225	270	-1	0
270	286	-1	0
286	229	-1	0
229	64	-1	0
64	54	-1	0
54	24	-1	0
24	61	-1	0
61	207	-1	0
207	347	-1	0
347	245	-1	0
245	271	-1	0
271	115	-1	0
115	152	-1	0
152	243	-1	0
243	151	-1	0
151	318	-1	0
318	156	-1	0
156	161	-1	0
161	146	-1	0
146	71	-1	0
71	12	-1	0
12	252	-1	0
252	235	-1	0
235	125	-1	0
125	239	-1	0
239	83	-1	0
83	238	-1	0
238	91	-1	0
91	82	-1	0
82	269	-1	0
269	108	-1	0
108	315	-1	0
315	106	-1	0
106	209	-1	0
209	28	-1	0
28	241	-1	0
241	104	-1	0
104	182	-1	0
182	16	-1	0
16	221	-1	0
221	155	-1	0
155	189	-1	0
189	149	-1	0
149	193	-1	0
193	344	-1	0
344	261	-1	0
261	30	-1	0
30	85	-1	0
85	101	-1	0
101	290	-1	0
290	249	-1	0
249	27	-1	0
27	287	-1	0
287	282	-1	0
282	293	-1	0
293	220	-1	0
220	173	-1	0
173	320	-1	0
320	86	-1	0
86	68	-1	0
68	121	-1	0
121	168	-1	0
168	44	-1	0
44	291	-1	0
291	292	-1	0
292	200	-1	0
200	374	-1	0
374	70	-1	0
70	236	-1	0
236	210	-1	0
210	308	-1	0
308	128	-1	0
128	358	-1	0
358	162	-1	0
162	137	-1	0
137	275	-1	0
275	326	-1	0
326	310	-1	0
310	314	-1	0
314	230	-1	0
230	181	-1	0
181	134	-1	0
134	23	-1	0
23	32	-1	0
32	195	-1	0
195	357	-1	0
357	167	-1	0
167	88	-1	0
88	339	-1	0
339	218	-1	0
218	112	-1	0
112	143	-1	0
143	154	-1	0
154	7	-1	0
7	231	-1	0
231	251	-1	0
251	368	-1	0
368	337	-1	0
337	348	-1	0
348	272	-1	0
272	9	-1	0
9	341	-1	0
341	50	-1	0
50	122	-1	0
122	21	-1	0
21	40	-1	0
40	190	-1	0
190	263	-1	0
263	19	-1	0
19	274	-1	0
274	266	-1	0
266	311	-1	0
311	110	-1	0
110	244	-1	0
244	84	-1	0
84	138	-1	0
138	178	-1	0
178	321	-1	0
321	367	-1	0
367	144	-1	0
144	165	-1	0
165	172	-1	0
172	330	-1	0
330	281	-1	0
281	20	-1	0
20	362	-1	0
362	166	-1	0
166	38	-1	0
38	66	-1	0
66	204	-1	0
204	294	-1	0
294	139	-1	0
139	131	-1	0
131	364	-1	0
364	18	-1	0
18	77	-1	0
77	130	-1	0
130	39	-1	0
39	280	-1	0
280	141	-1	0
141	60	-1	0
60	276	-1	0
276	369	-1	0
369	103	-1	0
103	99	-1	0
99	43	-1	0
43	118	-1	0
118	373	-1	0
373	45	-1	0
45	67	-1	0
67	332	-1	0
332	206	-1	0
206	228	-1	0
228	87	-1	0
87	15	-1	0
15	132	-1	0
132	14	-1	0
14	164	-1	0
164	36	-1	0
36	48	-1	0
48	179	-1	0
179	42	-1	0
42	140	-1	0
140	319	-1	0
319	361	-1	0
361	255	-1	0
255	90	-1	0
90	11	-1	0
11	346	-1	0
346	102	-1	0
102	248	-1	0
248	304	-1	0
304	183	-1	0
183	116	-1	0
116	300	-1	0
300	213	-1	0
213	8	-1	0
8	37	-1	0
37	208	-1	0
208	343	-1	0
343	205	-1	0
205	317	-1	0
317	147	-1	0
147	342	-1	0
342	325	-1	0
325	6	-1	0
6	29	-1	0
29	201	-1	0
201	17	-1	0
17	95	-1	0
95	34	-1	0
34	176	-1	0
176	250	-1	0
250	303	-1	0
303	177	-1	0
177	150	-1	0
150	329	-1	0
329	370	-1	0
370	98	-1	0
98	135	-1	0
135	13	-1	0
13	63	-1	0
63	117	-1	0
117	305	-1	0
305	288	-1	0
288	25	-1	0
25	352	-1	0
352	92	-1	0
92	246	-1	0
246	284	-1	0
284	256	-1	0
256	0	-1	0
