/* Number of Operations */
175
/* List of Operations. */
/* Start	End	Fly	#Internal	Locations...*/
0	77	-1	0
77	87	-1	0
87	24	-1	0
24	75	-1	0
75	3	-1	0
3	95	-1	0
95	67	-1	0
67	8	-1	0
8	44	-1	0
44	15	-1	0
15	93	-1	0
93	34	-1	0
34	100	-1	0
100	5	-1	0
5	22	-1	0
22	164	-1	0
164	83	-1	0
83	156	-1	0
156	111	-1	0
111	18	-1	0
18	118	-1	0
118	28	-1	0
28	163	-1	0
163	98	-1	0
98	74	-1	0
74	133	-1	0
133	60	-1	0
60	76	-1	0
76	80	-1	0
80	20	-1	0
20	110	-1	0
110	137	-1	0
137	49	-1	0
49	135	-1	0
135	17	-1	0
17	14	-1	0
14	153	-1	0
153	35	-1	0
35	96	-1	0
96	145	-1	0
145	160	-1	0
160	113	-1	0
113	57	-1	0
57	63	-1	0
63	29	-1	0
29	97	-1	0
97	2	-1	0
2	52	-1	0
52	146	-1	0
146	23	-1	0
23	117	-1	0
117	138	-1	0
138	64	-1	0
64	7	-1	0
7	70	-1	0
70	115	-1	0
115	171	-1	0
171	40	-1	0
40	112	-1	0
112	26	-1	0
26	62	-1	0
62	108	-1	0
108	4	-1	0
4	92	-1	0
92	50	-1	0
50	155	-1	0
155	25	-1	0
25	30	-1	0
30	136	-1	0
136	144	-1	0
144	131	-1	0
131	39	-1	0
39	43	-1	0
43	157	-1	0
157	85	-1	0
85	53	-1	0
53	71	-1	0
71	129	-1	0
129	147	-1	0
147	38	-1	0
38	88	-1	0
88	125	-1	0
125	12	-1	0
12	10	-1	0
10	94	-1	0
94	142	-1	0
142	106	-1	0
106	27	-1	0
27	105	-1	0
105	69	-1	0
69	89	-1	0
89	32	-1	0
32	61	-1	0
61	82	-1	0
82	121	-1	0
121	11	-1	0
11	58	-1	0
58	122	-1	0
122	158	-1	0
158	21	-1	0
21	124	-1	0
124	109	-1	0
109	45	-1	0
45	99	-1	0
99	33	-1	0
33	13	-1	0
13	134	-1	0
134	103	-1	0
103	128	-1	0
128	68	-1	0
68	81	-1	0
81	139	-1	0
139	46	-1	0
46	72	-1	0
72	141	-1	0
141	116	-1	0
116	9	-1	0
9	78	-1	0
78	161	-1	0
161	86	-1	0
86	55	-1	0
55	159	-1	0
159	102	-1	0
102	119	-1	0
119	66	-1	0
66	154	-1	0
154	149	-1	0
149	79	-1	0
79	150	-1	0
150	162	-1	0
162	47	-1	0
47	56	-1	0
56	167	-1	0
167	84	-1	0
84	31	-1	0
31	73	-1	0
73	168	-1	0
168	90	-1	0
90	104	-1	0
104	123	-1	0
123	148	-1	0
148	130	-1	0
130	132	-1	0
132	127	-1	0
127	166	-1	0
166	174	-1	0
174	6	-1	0
6	152	-1	0
152	165	-1	0
165	140	-1	0
140	42	-1	0
42	1	-1	0
1	41	-1	0
41	54	-1	0
54	114	-1	0
114	173	-1	0
173	59	-1	0
59	48	-1	0
48	170	-1	0
170	16	-1	0
16	126	-1	0
126	65	-1	0
65	169	-1	0
169	91	-1	0
91	172	-1	0
172	19	-1	0
19	120	-1	0
120	37	-1	0
37	107	-1	0
107	36	-1	0
36	101	-1	0
101	143	-1	0
143	151	-1	0
151	51	-1	0
51	0	-1	0
