/* Number of Operations */
100
/* List of Operations. */
/* Start	End	Fly	#Internal	Locations...*/
0	27	-1	0
27	58	-1	0
58	80	-1	0
80	41	-1	0
41	52	-1	0
52	57	-1	0
57	79	-1	0
79	35	-1	0
35	22	-1	0
22	14	-1	0
14	47	-1	0
47	69	-1	0
69	33	-1	0
33	82	-1	0
82	40	-1	0
40	96	-1	0
96	28	-1	0
28	21	-1	0
21	32	-1	0
32	67	-1	0
67	12	-1	0
12	64	-1	0
64	87	-1	0
87	68	-1	0
68	81	-1	0
81	55	-1	0
55	74	-1	0
74	78	-1	0
78	61	-1	0
61	30	-1	0
30	2	-1	0
2	89	-1	0
89	63	-1	0
63	97	-1	0
97	60	-1	0
60	38	-1	0
38	4	-1	0
4	93	-1	0
93	24	-1	0
24	70	-1	0
70	7	-1	0
7	51	-1	0
51	65	-1	0
65	20	-1	0
20	6	-1	0
6	42	-1	0
42	59	-1	0
59	53	-1	0
53	91	-1	0
91	77	-1	0
77	84	-1	0
84	29	-1	0
29	5	-1	0
5	19	-1	0
19	62	-1	0
62	85	-1	0
85	3	-1	0
3	76	-1	0
76	43	-1	0
43	37	-1	0
37	45	-1	0
45	86	-1	0
86	92	-1	0
92	73	-1	0
73	54	-1	0
54	13	-1	0
13	39	-1	0
39	95	-1	0
95	17	-1	0
17	15	-1	0
15	72	-1	0
72	56	-1	0
56	34	-1	0
34	23	-1	0
23	36	-1	0
36	8	-1	0
8	44	-1	0
44	16	-1	0
16	1	-1	0
1	18	-1	0
18	26	-1	0
26	50	-1	0
50	11	-1	0
11	94	-1	0
94	25	-1	0
25	98	-1	0
98	10	-1	0
10	46	-1	0
46	48	-1	0
48	83	-1	0
83	49	-1	0
49	71	-1	0
71	9	-1	0
9	75	-1	0
75	88	-1	0
88	66	-1	0
66	90	-1	0
90	99	-1	0
99	31	-1	0
31	0	-1	0
