/* Number of Operations */
100
/* List of Operations. */
/* Start	End	Fly	#Internal	Locations...*/
0	21	-1	0
21	66	-1	0
66	32	-1	0
32	72	-1	0
72	54	-1	0
54	59	-1	0
59	8	-1	0
8	50	-1	0
50	60	-1	0
60	37	-1	0
37	92	-1	0
92	28	-1	0
28	75	-1	0
75	81	-1	0
81	6	-1	0
6	43	-1	0
43	74	-1	0
74	79	-1	0
79	73	-1	0
73	61	-1	0
61	18	-1	0
18	23	-1	0
23	71	-1	0
71	41	-1	0
41	26	-1	0
26	40	-1	0
40	51	-1	0
51	45	-1	0
45	95	-1	0
95	27	-1	0
27	70	-1	0
70	36	-1	0
36	39	-1	0
39	17	-1	0
17	67	-1	0
67	4	-1	0
4	80	-1	0
80	99	-1	0
99	1	-1	0
1	38	-1	0
38	69	-1	0
69	31	-1	0
31	64	-1	0
64	42	-1	0
42	22	-1	0
22	3	-1	0
3	2	-1	0
2	14	-1	0
14	97	-1	0
97	85	-1	0
85	55	-1	0
55	90	-1	0
90	86	-1	0
86	13	-1	0
13	48	-1	0
48	24	-1	0
24	34	-1	0
34	93	-1	0
93	94	-1	0
94	11	-1	0
11	25	-1	0
25	62	-1	0
62	52	-1	0
52	89	-1	0
89	19	-1	0
19	56	-1	0
56	16	-1	0
16	20	-1	0
20	46	-1	0
46	9	-1	0
9	44	-1	0
44	84	-1	0
84	87	-1	0
87	63	-1	0
63	88	-1	0
88	35	-1	0
35	96	-1	0
96	7	-1	0
7	30	-1	0
30	53	-1	0
53	91	-1	0
91	29	-1	0
29	82	-1	0
82	76	-1	0
76	77	-1	0
77	68	-1	0
68	98	-1	0
98	65	-1	0
65	5	-1	0
5	83	-1	0
83	58	-1	0
58	57	-1	0
57	12	-1	0
12	47	-1	0
47	10	-1	0
10	78	-1	0
78	33	-1	0
33	15	-1	0
15	49	-1	0
49	0	-1	0
