/* Number of Operations */
500
/* List of Operations. */
/* Start	End	Fly	#Internal	Locations...*/
0	187	-1	0
187	359	-1	0
359	203	-1	0
203	99	-1	0
99	125	-1	0
125	229	-1	0
229	377	-1	0
377	98	-1	0
98	351	-1	0
351	11	-1	0
11	339	-1	0
339	400	-1	0
400	106	-1	0
106	225	-1	0
225	42	-1	0
42	458	-1	0
458	453	-1	0
453	154	-1	0
154	285	-1	0
285	72	-1	0
72	7	-1	0
7	340	-1	0
340	454	-1	0
454	180	-1	0
180	192	-1	0
192	117	-1	0
117	173	-1	0
173	178	-1	0
178	110	-1	0
110	342	-1	0
342	268	-1	0
268	242	-1	0
242	222	-1	0
222	215	-1	0
215	91	-1	0
91	221	-1	0
221	264	-1	0
264	159	-1	0
159	443	-1	0
443	260	-1	0
260	47	-1	0
47	107	-1	0
107	272	-1	0
272	12	-1	0
12	9	-1	0
9	148	-1	0
148	217	-1	0
217	206	-1	0
206	184	-1	0
184	59	-1	0
59	290	-1	0
290	34	-1	0
34	440	-1	0
440	18	-1	0
18	236	-1	0
236	78	-1	0
78	134	-1	0
134	153	-1	0
153	365	-1	0
365	198	-1	0
198	156	-1	0
156	104	-1	0
104	58	-1	0
58	487	-1	0
487	60	-1	0
60	251	-1	0
251	174	-1	0
174	158	-1	0
158	121	-1	0
121	247	-1	0
247	313	-1	0
313	137	-1	0
137	116	-1	0
116	311	-1	0
311	479	-1	0
479	293	-1	0
293	437	-1	0
437	92	-1	0
92	123	-1	0
123	258	-1	0
258	384	-1	0
384	420	-1	0
420	126	-1	0
126	115	-1	0
115	88	-1	0
88	208	-1	0
208	52	-1	0
52	238	-1	0
238	27	-1	0
27	41	-1	0
41	122	-1	0
122	466	-1	0
466	494	-1	0
494	119	-1	0
119	314	-1	0
314	70	-1	0
70	362	-1	0
362	32	-1	0
32	248	-1	0
248	448	-1	0
448	282	-1	0
282	353	-1	0
353	253	-1	0
253	369	-1	0
369	446	-1	0
446	363	-1	0
363	263	-1	0
263	176	-1	0
176	306	-1	0
306	367	-1	0
367	460	-1	0
460	425	-1	0
425	8	-1	0
8	118	-1	0
118	465	-1	0
465	113	-1	0
113	239	-1	0
239	190	-1	0
190	331	-1	0
331	95	-1	0
95	4	-1	0
4	189	-1	0
189	307	-1	0
307	214	-1	0
214	155	-1	0
155	292	-1	0
292	21	-1	0
21	390	-1	0
390	407	-1	0
407	146	-1	0
146	341	-1	0
341	149	-1	0
149	281	-1	0
281	286	-1	0
286	212	-1	0
212	319	-1	0
319	38	-1	0
38	133	-1	0
133	347	-1	0
347	299	-1	0
299	344	-1	0
344	232	-1	0
232	209	-1	0
209	309	-1	0
309	250	-1	0
250	441	-1	0
441	140	-1	0
140	66	-1	0
66	213	-1	0
213	197	-1	0
197	302	-1	0
302	172	-1	0
172	195	-1	0
195	138	-1	0
138	338	-1	0
338	330	-1	0
330	328	-1	0
328	85	-1	0
85	151	-1	0
151	30	-1	0
30	14	-1	0
14	464	-1	0
464	438	-1	0
438	57	-1	0
57	498	-1	0
498	372	-1	0
372	310	-1	0
310	165	-1	0
165	181	-1	0
181	50	-1	0
50	237	-1	0
237	295	-1	0
295	398	-1	0
398	131	-1	0
131	289	-1	0
289	216	-1	0
216	167	-1	0
167	210	-1	0
210	357	-1	0
357	343	-1	0
343	25	-1	0
25	389	-1	0
389	388	-1	0
388	430	-1	0
430	152	-1	0
152	368	-1	0
368	219	-1	0
219	102	-1	0
102	240	-1	0
240	318	-1	0
318	171	-1	0
171	175	-1	0
175	424	-1	0
424	380	-1	0
380	468	-1	0
468	296	-1	0
296	335	-1	0
335	327	-1	0
327	490	-1	0
490	40	-1	0
40	320	-1	0
320	249	-1	0
249	127	-1	0
127	97	-1	0
97	422	-1	0
422	233	-1	0
233	333	-1	0
333	381	-1	0
381	169	-1	0
169	220	-1	0
220	261	-1	0
261	124	-1	0
124	326	-1	0
326	111	-1	0
111	6	-1	0
6	444	-1	0
444	434	-1	0
434	325	-1	0
325	280	-1	0
280	462	-1	0
462	218	-1	0
218	56	-1	0
56	257	-1	0
257	162	-1	0
162	61	-1	0
61	497	-1	0
497	270	-1	0
270	486	-1	0
486	392	-1	0
392	477	-1	0
477	428	-1	0
428	19	-1	0
19	411	-1	0
411	207	-1	0
207	376	-1	0
376	69	-1	0
69	348	-1	0
348	205	-1	0
205	164	-1	0
164	100	-1	0
100	49	-1	0
49	204	-1	0
204	361	-1	0
361	455	-1	0
455	10	-1	0
10	150	-1	0
150	186	-1	0
186	300	-1	0
300	46	-1	0
46	132	-1	0
132	63	-1	0
63	244	-1	0
244	64	-1	0
64	31	-1	0
31	177	-1	0
177	371	-1	0
371	86	-1	0
86	499	-1	0
499	227	-1	0
227	355	-1	0
355	193	-1	0
193	303	-1	0
303	383	-1	0
383	334	-1	0
334	291	-1	0
291	108	-1	0
108	332	-1	0
332	191	-1	0
191	373	-1	0
373	74	-1	0
74	109	-1	0
109	396	-1	0
396	485	-1	0
485	166	-1	0
166	496	-1	0
496	478	-1	0
478	461	-1	0
461	410	-1	0
410	142	-1	0
142	278	-1	0
278	147	-1	0
147	421	-1	0
421	415	-1	0
415	235	-1	0
235	382	-1	0
382	457	-1	0
457	1	-1	0
1	77	-1	0
77	37	-1	0
37	29	-1	0
29	17	-1	0
17	28	-1	0
28	101	-1	0
101	24	-1	0
24	387	-1	0
387	399	-1	0
399	141	-1	0
141	467	-1	0
467	194	-1	0
194	312	-1	0
312	112	-1	0
112	145	-1	0
145	65	-1	0
65	456	-1	0
456	301	-1	0
301	79	-1	0
79	136	-1	0
136	82	-1	0
82	276	-1	0
276	414	-1	0
414	491	-1	0
491	89	-1	0
89	230	-1	0
230	15	-1	0
15	470	-1	0
470	354	-1	0
354	13	-1	0
13	277	-1	0
277	51	-1	0
51	472	-1	0
472	200	-1	0
200	426	-1	0
426	469	-1	0
469	345	-1	0
345	105	-1	0
105	305	-1	0
305	488	-1	0
488	413	-1	0
413	139	-1	0
139	202	-1	0
202	287	-1	0
287	393	-1	0
393	224	-1	0
224	160	-1	0
160	274	-1	0
274	412	-1	0
412	35	-1	0
35	436	-1	0
436	275	-1	0
275	288	-1	0
288	243	-1	0
243	404	-1	0
404	408	-1	0
408	67	-1	0
67	417	-1	0
417	481	-1	0
481	53	-1	0
53	161	-1	0
161	75	-1	0
75	73	-1	0
73	128	-1	0
128	427	-1	0
427	476	-1	0
476	450	-1	0
450	84	-1	0
84	423	-1	0
423	129	-1	0
129	256	-1	0
256	324	-1	0
324	395	-1	0
395	48	-1	0
48	473	-1	0
473	135	-1	0
135	68	-1	0
68	483	-1	0
483	22	-1	0
22	294	-1	0
294	495	-1	0
495	266	-1	0
266	273	-1	0
273	283	-1	0
283	452	-1	0
452	36	-1	0
36	120	-1	0
120	447	-1	0
447	315	-1	0
315	416	-1	0
416	44	-1	0
44	304	-1	0
304	265	-1	0
265	245	-1	0
245	182	-1	0
182	370	-1	0
370	284	-1	0
284	394	-1	0
394	279	-1	0
279	397	-1	0
397	435	-1	0
435	179	-1	0
179	87	-1	0
87	360	-1	0
360	71	-1	0
71	418	-1	0
418	20	-1	0
20	484	-1	0
484	474	-1	0
474	378	-1	0
378	374	-1	0
374	5	-1	0
5	402	-1	0
402	185	-1	0
185	349	-1	0
349	23	-1	0
23	317	-1	0
317	337	-1	0
337	475	-1	0
475	322	-1	0
322	449	-1	0
449	298	-1	0
298	366	-1	0
366	433	-1	0
433	183	-1	0
183	231	-1	0
231	94	-1	0
94	419	-1	0
419	346	-1	0
346	103	-1	0
103	329	-1	0
329	358	-1	0
358	246	-1	0
246	170	-1	0
170	83	-1	0
83	211	-1	0
211	445	-1	0
445	463	-1	0
463	364	-1	0
364	493	-1	0
493	226	-1	0
226	252	-1	0
252	323	-1	0
323	33	-1	0
33	26	-1	0
26	45	-1	0
45	54	-1	0
54	81	-1	0
81	336	-1	0
336	254	-1	0
254	157	-1	0
157	93	-1	0
93	439	-1	0
439	406	-1	0
406	62	-1	0
62	379	-1	0
379	228	-1	0
228	271	-1	0
271	442	-1	0
442	321	-1	0
321	350	-1	0
350	114	-1	0
114	241	-1	0
241	130	-1	0
130	3	-1	0
3	269	-1	0
269	2	-1	0
2	297	-1	0
297	259	-1	0
259	80	-1	0
80	471	-1	0
471	375	-1	0
375	391	-1	0
391	431	-1	0
431	492	-1	0
492	90	-1	0
90	188	-1	0
188	199	-1	0
199	76	-1	0
76	316	-1	0
316	356	-1	0
356	234	-1	0
234	480	-1	0
480	196	-1	0
196	489	-1	0
489	223	-1	0
223	352	-1	0
352	401	-1	0
401	143	-1	0
143	405	-1	0
405	255	-1	0
255	168	-1	0
168	403	-1	0
403	267	-1	0
267	55	-1	0
55	482	-1	0
482	386	-1	0
386	96	-1	0
96	451	-1	0
451	39	-1	0
39	308	-1	0
308	16	-1	0
16	409	-1	0
409	201	-1	0
201	459	-1	0
459	429	-1	0
429	163	-1	0
163	43	-1	0
43	385	-1	0
385	432	-1	0
432	144	-1	0
144	262	-1	0
262	0	-1	0
