/* Number of Operations */
175
/* List of Operations. */
/* Start	End	Fly	#Internal	Locations...*/
0	123	-1	0
123	56	-1	0
56	120	-1	0
120	108	-1	0
108	66	-1	0
66	134	-1	0
134	82	-1	0
82	58	-1	0
58	19	-1	0
19	116	-1	0
116	96	-1	0
96	55	-1	0
55	102	-1	0
102	25	-1	0
25	70	-1	0
70	68	-1	0
68	71	-1	0
71	31	-1	0
31	105	-1	0
105	156	-1	0
156	144	-1	0
144	97	-1	0
97	164	-1	0
164	107	-1	0
107	112	-1	0
112	33	-1	0
33	88	-1	0
88	52	-1	0
52	46	-1	0
46	153	-1	0
153	172	-1	0
172	127	-1	0
127	132	-1	0
132	67	-1	0
67	54	-1	0
54	57	-1	0
57	125	-1	0
125	16	-1	0
16	51	-1	0
51	78	-1	0
78	91	-1	0
91	6	-1	0
6	4	-1	0
4	24	-1	0
24	174	-1	0
174	98	-1	0
98	8	-1	0
8	148	-1	0
148	34	-1	0
34	12	-1	0
12	124	-1	0
124	53	-1	0
53	146	-1	0
146	11	-1	0
11	1	-1	0
1	94	-1	0
94	87	-1	0
87	48	-1	0
48	139	-1	0
139	27	-1	0
27	10	-1	0
10	37	-1	0
37	170	-1	0
170	18	-1	0
18	75	-1	0
75	157	-1	0
157	100	-1	0
100	140	-1	0
140	119	-1	0
119	60	-1	0
60	141	-1	0
141	89	-1	0
89	155	-1	0
155	158	-1	0
158	95	-1	0
95	160	-1	0
160	165	-1	0
165	128	-1	0
128	149	-1	0
149	161	-1	0
161	42	-1	0
42	101	-1	0
101	61	-1	0
61	86	-1	0
86	62	-1	0
62	113	-1	0
113	50	-1	0
50	122	-1	0
122	151	-1	0
151	17	-1	0
17	126	-1	0
126	22	-1	0
22	23	-1	0
23	20	-1	0
20	45	-1	0
45	79	-1	0
79	111	-1	0
111	9	-1	0
9	65	-1	0
65	133	-1	0
133	47	-1	0
47	142	-1	0
142	40	-1	0
40	138	-1	0
138	13	-1	0
13	63	-1	0
63	80	-1	0
80	77	-1	0
77	103	-1	0
103	2	-1	0
2	44	-1	0
44	93	-1	0
93	69	-1	0
69	81	-1	0
81	26	-1	0
26	35	-1	0
35	99	-1	0
99	84	-1	0
84	14	-1	0
14	49	-1	0
49	171	-1	0
171	169	-1	0
169	117	-1	0
117	43	-1	0
43	74	-1	0
74	106	-1	0
106	166	-1	0
166	76	-1	0
76	59	-1	0
59	147	-1	0
147	137	-1	0
137	130	-1	0
130	145	-1	0
145	38	-1	0
38	83	-1	0
83	90	-1	0
90	118	-1	0
118	168	-1	0
168	29	-1	0
29	154	-1	0
154	30	-1	0
30	131	-1	0
131	36	-1	0
36	173	-1	0
173	92	-1	0
92	5	-1	0
5	64	-1	0
64	41	-1	0
41	39	-1	0
39	159	-1	0
159	21	-1	0
21	110	-1	0
110	85	-1	0
85	167	-1	0
167	104	-1	0
104	115	-1	0
115	28	-1	0
28	72	-1	0
72	32	-1	0
32	162	-1	0
162	152	-1	0
152	135	-1	0
135	143	-1	0
143	109	-1	0
109	121	-1	0
121	136	-1	0
136	150	-1	0
150	73	-1	0
73	114	-1	0
114	7	-1	0
7	3	-1	0
3	163	-1	0
163	129	-1	0
129	15	-1	0
15	0	-1	0
