/* Number of Operations */
500
/* List of Operations. */
/* Start	End	Fly	#Internal	Locations...*/
0	233	-1	0
233	198	-1	0
198	62	-1	0
62	258	-1	0
258	38	-1	0
38	431	-1	0
431	23	-1	0
23	103	-1	0
103	437	-1	0
437	383	-1	0
383	184	-1	0
184	353	-1	0
353	339	-1	0
339	347	-1	0
347	183	-1	0
183	106	-1	0
106	361	-1	0
361	475	-1	0
475	299	-1	0
299	474	-1	0
474	318	-1	0
318	406	-1	0
406	300	-1	0
300	324	-1	0
324	335	-1	0
335	285	-1	0
285	151	-1	0
151	82	-1	0
82	421	-1	0
421	115	-1	0
115	458	-1	0
458	201	-1	0
201	309	-1	0
309	14	-1	0
14	231	-1	0
231	58	-1	0
58	296	-1	0
296	289	-1	0
289	218	-1	0
218	59	-1	0
59	44	-1	0
44	101	-1	0
101	454	-1	0
454	312	-1	0
312	362	-1	0
362	171	-1	0
171	256	-1	0
256	334	-1	0
334	7	-1	0
7	245	-1	0
245	26	-1	0
26	202	-1	0
202	55	-1	0
55	241	-1	0
241	281	-1	0
281	122	-1	0
122	215	-1	0
215	190	-1	0
190	105	-1	0
105	185	-1	0
185	407	-1	0
407	402	-1	0
402	239	-1	0
239	348	-1	0
348	65	-1	0
65	416	-1	0
416	132	-1	0
132	78	-1	0
78	294	-1	0
294	385	-1	0
385	356	-1	0
356	228	-1	0
228	365	-1	0
365	3	-1	0
3	399	-1	0
399	56	-1	0
56	390	-1	0
390	102	-1	0
102	426	-1	0
426	455	-1	0
455	375	-1	0
375	189	-1	0
189	41	-1	0
41	462	-1	0
462	332	-1	0
332	480	-1	0
480	326	-1	0
326	260	-1	0
260	214	-1	0
214	496	-1	0
496	84	-1	0
84	391	-1	0
391	60	-1	0
60	168	-1	0
168	282	-1	0
282	8	-1	0
8	470	-1	0
470	6	-1	0
6	180	-1	0
180	91	-1	0
91	342	-1	0
342	15	-1	0
15	9	-1	0
9	49	-1	0
49	143	-1	0
143	403	-1	0
403	314	-1	0
314	48	-1	0
48	32	-1	0
32	408	-1	0
408	272	-1	0
272	97	-1	0
97	153	-1	0
153	279	-1	0
279	204	-1	0
204	443	-1	0
443	471	-1	0
471	414	-1	0
414	257	-1	0
257	162	-1	0
162	112	-1	0
112	482	-1	0
482	439	-1	0
439	404	-1	0
404	411	-1	0
411	179	-1	0
179	75	-1	0
75	274	-1	0
274	37	-1	0
37	293	-1	0
293	178	-1	0
178	128	-1	0
128	396	-1	0
396	21	-1	0
21	376	-1	0
376	435	-1	0
435	117	-1	0
117	325	-1	0
325	251	-1	0
251	336	-1	0
336	492	-1	0
492	459	-1	0
459	92	-1	0
92	52	-1	0
52	61	-1	0
61	410	-1	0
410	398	-1	0
398	270	-1	0
270	43	-1	0
43	371	-1	0
371	424	-1	0
424	363	-1	0
363	223	-1	0
223	63	-1	0
63	66	-1	0
66	30	-1	0
30	195	-1	0
195	5	-1	0
5	487	-1	0
487	146	-1	0
146	140	-1	0
140	2	-1	0
2	141	-1	0
141	387	-1	0
387	221	-1	0
221	328	-1	0
328	208	-1	0
208	316	-1	0
316	181	-1	0
181	42	-1	0
42	338	-1	0
338	483	-1	0
483	453	-1	0
453	461	-1	0
461	73	-1	0
73	87	-1	0
87	369	-1	0
369	177	-1	0
177	378	-1	0
378	397	-1	0
397	302	-1	0
302	246	-1	0
246	341	-1	0
341	442	-1	0
442	271	-1	0
271	11	-1	0
11	306	-1	0
306	490	-1	0
490	441	-1	0
441	220	-1	0
220	136	-1	0
136	405	-1	0
405	70	-1	0
70	191	-1	0
191	472	-1	0
472	142	-1	0
142	322	-1	0
322	357	-1	0
357	359	-1	0
359	465	-1	0
465	158	-1	0
158	491	-1	0
491	130	-1	0
130	249	-1	0
249	187	-1	0
187	321	-1	0
321	150	-1	0
150	176	-1	0
176	88	-1	0
88	493	-1	0
493	13	-1	0
13	280	-1	0
280	307	-1	0
307	349	-1	0
349	226	-1	0
226	389	-1	0
389	440	-1	0
440	116	-1	0
116	69	-1	0
69	486	-1	0
486	86	-1	0
86	4	-1	0
4	248	-1	0
248	145	-1	0
145	46	-1	0
46	297	-1	0
297	124	-1	0
124	31	-1	0
31	469	-1	0
469	384	-1	0
384	111	-1	0
111	35	-1	0
35	345	-1	0
345	352	-1	0
352	229	-1	0
229	373	-1	0
373	478	-1	0
478	210	-1	0
210	264	-1	0
264	165	-1	0
165	452	-1	0
452	67	-1	0
67	278	-1	0
278	244	-1	0
244	269	-1	0
269	85	-1	0
85	456	-1	0
456	95	-1	0
95	138	-1	0
138	415	-1	0
415	311	-1	0
311	425	-1	0
425	355	-1	0
355	423	-1	0
423	219	-1	0
219	495	-1	0
495	50	-1	0
50	242	-1	0
242	71	-1	0
71	196	-1	0
196	99	-1	0
99	420	-1	0
420	261	-1	0
261	448	-1	0
448	54	-1	0
54	121	-1	0
121	139	-1	0
139	74	-1	0
74	159	-1	0
159	467	-1	0
467	120	-1	0
120	368	-1	0
368	463	-1	0
463	295	-1	0
295	237	-1	0
237	476	-1	0
476	247	-1	0
247	27	-1	0
27	485	-1	0
485	80	-1	0
80	197	-1	0
197	451	-1	0
451	401	-1	0
401	427	-1	0
427	433	-1	0
433	252	-1	0
252	164	-1	0
164	94	-1	0
94	497	-1	0
497	305	-1	0
305	329	-1	0
329	430	-1	0
430	283	-1	0
283	126	-1	0
126	123	-1	0
123	393	-1	0
393	259	-1	0
259	234	-1	0
234	367	-1	0
367	395	-1	0
395	265	-1	0
265	76	-1	0
76	372	-1	0
372	374	-1	0
374	481	-1	0
481	51	-1	0
51	72	-1	0
72	170	-1	0
170	77	-1	0
77	489	-1	0
489	499	-1	0
499	308	-1	0
308	276	-1	0
276	238	-1	0
238	337	-1	0
337	254	-1	0
254	436	-1	0
436	154	-1	0
154	473	-1	0
473	377	-1	0
377	354	-1	0
354	477	-1	0
477	96	-1	0
96	380	-1	0
380	193	-1	0
193	34	-1	0
34	275	-1	0
275	206	-1	0
206	19	-1	0
19	161	-1	0
161	175	-1	0
175	127	-1	0
127	464	-1	0
464	22	-1	0
22	382	-1	0
382	340	-1	0
340	422	-1	0
422	93	-1	0
93	429	-1	0
429	134	-1	0
134	292	-1	0
292	449	-1	0
449	109	-1	0
109	434	-1	0
434	203	-1	0
203	479	-1	0
479	83	-1	0
83	392	-1	0
392	457	-1	0
457	419	-1	0
419	211	-1	0
211	303	-1	0
303	227	-1	0
227	447	-1	0
447	432	-1	0
432	343	-1	0
343	484	-1	0
484	182	-1	0
182	147	-1	0
147	98	-1	0
98	235	-1	0
235	36	-1	0
36	100	-1	0
100	47	-1	0
47	394	-1	0
394	286	-1	0
286	64	-1	0
64	466	-1	0
466	225	-1	0
225	428	-1	0
428	200	-1	0
200	412	-1	0
412	169	-1	0
169	186	-1	0
186	174	-1	0
174	386	-1	0
386	277	-1	0
277	167	-1	0
167	445	-1	0
445	444	-1	0
444	129	-1	0
129	125	-1	0
125	366	-1	0
366	266	-1	0
266	144	-1	0
144	438	-1	0
438	188	-1	0
188	344	-1	0
344	90	-1	0
90	273	-1	0
273	205	-1	0
205	29	-1	0
29	267	-1	0
267	313	-1	0
313	213	-1	0
213	39	-1	0
39	163	-1	0
163	149	-1	0
149	250	-1	0
250	388	-1	0
388	137	-1	0
137	498	-1	0
498	284	-1	0
284	45	-1	0
45	40	-1	0
40	315	-1	0
315	33	-1	0
33	346	-1	0
346	209	-1	0
209	118	-1	0
118	319	-1	0
319	68	-1	0
68	207	-1	0
207	446	-1	0
446	192	-1	0
192	10	-1	0
10	1	-1	0
1	468	-1	0
468	166	-1	0
166	199	-1	0
199	263	-1	0
263	107	-1	0
107	81	-1	0
81	28	-1	0
28	364	-1	0
364	108	-1	0
108	358	-1	0
358	333	-1	0
333	212	-1	0
212	320	-1	0
320	216	-1	0
216	79	-1	0
79	417	-1	0
417	232	-1	0
232	409	-1	0
409	110	-1	0
110	172	-1	0
172	381	-1	0
381	148	-1	0
148	255	-1	0
255	351	-1	0
351	460	-1	0
460	290	-1	0
290	327	-1	0
327	230	-1	0
230	370	-1	0
370	113	-1	0
113	360	-1	0
360	131	-1	0
131	287	-1	0
287	89	-1	0
89	240	-1	0
240	104	-1	0
104	114	-1	0
114	194	-1	0
194	301	-1	0
301	450	-1	0
450	119	-1	0
119	379	-1	0
379	350	-1	0
350	135	-1	0
135	253	-1	0
253	20	-1	0
20	236	-1	0
236	268	-1	0
268	288	-1	0
288	152	-1	0
152	25	-1	0
25	291	-1	0
291	12	-1	0
12	331	-1	0
331	304	-1	0
304	400	-1	0
400	156	-1	0
156	57	-1	0
57	160	-1	0
160	224	-1	0
224	16	-1	0
16	317	-1	0
317	133	-1	0
133	262	-1	0
262	157	-1	0
157	310	-1	0
310	155	-1	0
155	53	-1	0
53	18	-1	0
18	17	-1	0
17	418	-1	0
418	413	-1	0
413	298	-1	0
298	217	-1	0
217	330	-1	0
330	243	-1	0
243	173	-1	0
173	24	-1	0
24	488	-1	0
488	494	-1	0
494	323	-1	0
323	222	-1	0
222	0	-1	0
