/* Number of Operations */
250
/* List of Operations. */
/* Start	End	Fly	#Internal	Locations...*/
0	145	-1	0
145	247	-1	0
247	169	-1	0
169	139	-1	0
139	205	-1	0
205	148	-1	0
148	62	-1	0
62	121	-1	0
121	11	-1	0
11	224	-1	0
224	159	-1	0
159	58	-1	0
58	160	-1	0
160	192	-1	0
192	45	-1	0
45	26	-1	0
26	101	-1	0
101	64	-1	0
64	167	-1	0
167	19	-1	0
19	115	-1	0
115	179	-1	0
179	80	-1	0
80	154	-1	0
154	146	-1	0
146	156	-1	0
156	114	-1	0
114	53	-1	0
53	10	-1	0
10	168	-1	0
168	71	-1	0
71	8	-1	0
8	203	-1	0
203	208	-1	0
208	111	-1	0
111	239	-1	0
239	157	-1	0
157	88	-1	0
88	96	-1	0
96	230	-1	0
230	23	-1	0
23	164	-1	0
164	206	-1	0
206	233	-1	0
233	16	-1	0
16	165	-1	0
165	73	-1	0
73	36	-1	0
36	86	-1	0
86	151	-1	0
151	44	-1	0
44	136	-1	0
136	92	-1	0
92	237	-1	0
237	99	-1	0
99	215	-1	0
215	70	-1	0
70	1	-1	0
1	219	-1	0
219	14	-1	0
14	100	-1	0
100	138	-1	0
138	180	-1	0
180	176	-1	0
176	52	-1	0
52	226	-1	0
226	84	-1	0
84	75	-1	0
75	9	-1	0
9	74	-1	0
74	91	-1	0
91	122	-1	0
122	238	-1	0
238	153	-1	0
153	118	-1	0
118	132	-1	0
132	175	-1	0
175	244	-1	0
244	33	-1	0
33	57	-1	0
57	42	-1	0
42	56	-1	0
56	152	-1	0
152	93	-1	0
93	171	-1	0
171	249	-1	0
249	38	-1	0
38	83	-1	0
83	240	-1	0
240	170	-1	0
170	34	-1	0
34	39	-1	0
39	209	-1	0
209	65	-1	0
65	187	-1	0
187	63	-1	0
63	242	-1	0
242	144	-1	0
144	98	-1	0
98	12	-1	0
12	155	-1	0
155	6	-1	0
6	127	-1	0
127	123	-1	0
123	110	-1	0
110	48	-1	0
48	126	-1	0
126	51	-1	0
51	43	-1	0
43	143	-1	0
143	54	-1	0
54	2	-1	0
2	134	-1	0
134	46	-1	0
46	105	-1	0
105	228	-1	0
228	216	-1	0
216	163	-1	0
163	85	-1	0
85	47	-1	0
47	109	-1	0
109	117	-1	0
117	90	-1	0
90	147	-1	0
147	162	-1	0
162	220	-1	0
220	161	-1	0
161	17	-1	0
17	210	-1	0
210	222	-1	0
222	119	-1	0
119	243	-1	0
243	81	-1	0
81	108	-1	0
108	67	-1	0
67	37	-1	0
37	21	-1	0
21	137	-1	0
137	198	-1	0
198	113	-1	0
113	124	-1	0
124	227	-1	0
227	69	-1	0
69	49	-1	0
49	173	-1	0
173	29	-1	0
29	30	-1	0
30	15	-1	0
15	130	-1	0
130	102	-1	0
102	3	-1	0
3	200	-1	0
200	246	-1	0
246	172	-1	0
172	201	-1	0
201	61	-1	0
61	197	-1	0
197	20	-1	0
20	28	-1	0
28	189	-1	0
189	191	-1	0
191	236	-1	0
236	188	-1	0
188	186	-1	0
186	31	-1	0
31	213	-1	0
213	94	-1	0
94	97	-1	0
97	178	-1	0
178	218	-1	0
218	4	-1	0
4	68	-1	0
68	120	-1	0
120	212	-1	0
212	40	-1	0
40	182	-1	0
182	66	-1	0
66	32	-1	0
32	142	-1	0
142	229	-1	0
229	193	-1	0
193	131	-1	0
131	24	-1	0
24	202	-1	0
202	59	-1	0
59	149	-1	0
149	150	-1	0
150	184	-1	0
184	60	-1	0
60	245	-1	0
245	87	-1	0
87	140	-1	0
140	196	-1	0
196	129	-1	0
129	223	-1	0
223	234	-1	0
234	177	-1	0
177	76	-1	0
76	107	-1	0
107	41	-1	0
41	231	-1	0
231	181	-1	0
181	204	-1	0
204	166	-1	0
166	232	-1	0
232	158	-1	0
158	112	-1	0
112	207	-1	0
207	221	-1	0
221	211	-1	0
211	195	-1	0
195	22	-1	0
22	95	-1	0
95	5	-1	0
5	235	-1	0
235	18	-1	0
18	241	-1	0
241	248	-1	0
248	50	-1	0
50	77	-1	0
77	78	-1	0
78	183	-1	0
183	133	-1	0
133	35	-1	0
35	141	-1	0
141	194	-1	0
194	214	-1	0
214	13	-1	0
13	27	-1	0
27	125	-1	0
125	89	-1	0
89	217	-1	0
217	55	-1	0
55	135	-1	0
135	190	-1	0
190	7	-1	0
7	103	-1	0
103	106	-1	0
106	104	-1	0
104	116	-1	0
116	79	-1	0
79	128	-1	0
128	185	-1	0
185	72	-1	0
72	82	-1	0
82	174	-1	0
174	199	-1	0
199	225	-1	0
225	25	-1	0
25	0	-1	0
