/* Number of Operations */
250
/* List of Operations. */
/* Start	End	Fly	#Internal	Locations...*/
0	10	-1	0
10	242	-1	0
242	80	-1	0
80	45	-1	0
45	222	-1	0
222	108	-1	0
108	104	-1	0
104	159	-1	0
159	101	-1	0
101	149	-1	0
149	43	-1	0
43	207	-1	0
207	58	-1	0
58	31	-1	0
31	65	-1	0
65	105	-1	0
105	84	-1	0
84	221	-1	0
221	128	-1	0
128	59	-1	0
59	78	-1	0
78	124	-1	0
124	157	-1	0
157	143	-1	0
143	248	-1	0
248	2	-1	0
2	229	-1	0
229	64	-1	0
64	106	-1	0
106	109	-1	0
109	116	-1	0
116	142	-1	0
142	158	-1	0
158	62	-1	0
62	63	-1	0
63	87	-1	0
87	26	-1	0
26	1	-1	0
1	243	-1	0
243	41	-1	0
41	29	-1	0
29	212	-1	0
212	238	-1	0
238	135	-1	0
135	85	-1	0
85	119	-1	0
119	67	-1	0
67	110	-1	0
110	90	-1	0
90	247	-1	0
247	246	-1	0
246	182	-1	0
182	240	-1	0
240	97	-1	0
97	235	-1	0
235	217	-1	0
217	177	-1	0
177	203	-1	0
203	42	-1	0
42	117	-1	0
117	27	-1	0
27	115	-1	0
115	218	-1	0
218	82	-1	0
82	83	-1	0
83	60	-1	0
60	160	-1	0
160	200	-1	0
200	34	-1	0
34	96	-1	0
96	161	-1	0
161	5	-1	0
5	9	-1	0
9	21	-1	0
21	122	-1	0
122	111	-1	0
111	22	-1	0
22	190	-1	0
190	213	-1	0
213	137	-1	0
137	134	-1	0
134	68	-1	0
68	39	-1	0
39	187	-1	0
187	171	-1	0
171	153	-1	0
153	112	-1	0
112	237	-1	0
237	239	-1	0
239	129	-1	0
129	181	-1	0
181	72	-1	0
72	86	-1	0
86	180	-1	0
180	71	-1	0
71	14	-1	0
14	114	-1	0
114	12	-1	0
12	40	-1	0
40	69	-1	0
69	185	-1	0
185	245	-1	0
245	169	-1	0
169	165	-1	0
165	232	-1	0
232	113	-1	0
113	205	-1	0
205	91	-1	0
91	74	-1	0
74	6	-1	0
6	25	-1	0
25	233	-1	0
233	227	-1	0
227	146	-1	0
146	107	-1	0
107	151	-1	0
151	215	-1	0
215	216	-1	0
216	118	-1	0
118	17	-1	0
17	94	-1	0
94	224	-1	0
224	174	-1	0
174	197	-1	0
197	81	-1	0
81	44	-1	0
44	225	-1	0
225	23	-1	0
23	79	-1	0
79	132	-1	0
132	150	-1	0
150	168	-1	0
168	166	-1	0
166	211	-1	0
211	93	-1	0
93	100	-1	0
100	89	-1	0
89	123	-1	0
123	141	-1	0
141	77	-1	0
77	214	-1	0
214	54	-1	0
54	196	-1	0
196	56	-1	0
56	131	-1	0
131	230	-1	0
230	155	-1	0
155	188	-1	0
188	35	-1	0
35	126	-1	0
126	51	-1	0
51	191	-1	0
191	204	-1	0
204	140	-1	0
140	172	-1	0
172	184	-1	0
184	241	-1	0
241	98	-1	0
98	228	-1	0
228	120	-1	0
120	75	-1	0
75	173	-1	0
173	92	-1	0
92	37	-1	0
37	176	-1	0
176	195	-1	0
195	50	-1	0
50	201	-1	0
201	61	-1	0
61	162	-1	0
162	220	-1	0
220	18	-1	0
18	144	-1	0
144	125	-1	0
125	57	-1	0
57	164	-1	0
164	32	-1	0
32	206	-1	0
206	139	-1	0
139	102	-1	0
102	145	-1	0
145	3	-1	0
3	48	-1	0
48	13	-1	0
13	183	-1	0
183	154	-1	0
154	234	-1	0
234	19	-1	0
19	20	-1	0
20	231	-1	0
231	156	-1	0
156	136	-1	0
136	138	-1	0
138	76	-1	0
76	66	-1	0
66	95	-1	0
95	244	-1	0
244	33	-1	0
33	148	-1	0
148	127	-1	0
127	193	-1	0
193	163	-1	0
163	46	-1	0
46	11	-1	0
11	152	-1	0
152	210	-1	0
210	49	-1	0
49	167	-1	0
167	236	-1	0
236	192	-1	0
192	7	-1	0
7	30	-1	0
30	130	-1	0
130	202	-1	0
202	16	-1	0
16	103	-1	0
103	179	-1	0
179	133	-1	0
133	219	-1	0
219	99	-1	0
99	70	-1	0
70	36	-1	0
36	147	-1	0
147	198	-1	0
198	28	-1	0
28	52	-1	0
52	178	-1	0
178	53	-1	0
53	24	-1	0
24	15	-1	0
15	4	-1	0
4	73	-1	0
73	249	-1	0
249	199	-1	0
199	55	-1	0
55	121	-1	0
121	186	-1	0
186	208	-1	0
208	209	-1	0
209	223	-1	0
223	38	-1	0
38	47	-1	0
47	226	-1	0
226	194	-1	0
194	175	-1	0
175	170	-1	0
170	88	-1	0
88	8	-1	0
8	189	-1	0
189	0	-1	0
