/* Number of Operations */
250
/* List of Operations. */
/* Start	End	Fly	#Internal	Locations...*/
0	215	-1	0
215	124	-1	0
124	129	-1	0
129	190	-1	0
190	77	-1	0
77	51	-1	0
51	70	-1	0
70	103	-1	0
103	191	-1	0
191	65	-1	0
65	2	-1	0
2	226	-1	0
226	223	-1	0
223	146	-1	0
146	240	-1	0
240	6	-1	0
6	53	-1	0
53	144	-1	0
144	10	-1	0
10	20	-1	0
20	18	-1	0
18	145	-1	0
145	149	-1	0
149	55	-1	0
55	192	-1	0
192	172	-1	0
172	174	-1	0
174	163	-1	0
163	49	-1	0
49	219	-1	0
219	121	-1	0
121	156	-1	0
156	96	-1	0
96	130	-1	0
130	58	-1	0
58	133	-1	0
133	140	-1	0
140	202	-1	0
202	234	-1	0
234	220	-1	0
220	105	-1	0
105	32	-1	0
32	100	-1	0
100	19	-1	0
19	44	-1	0
44	85	-1	0
85	249	-1	0
249	175	-1	0
175	29	-1	0
29	114	-1	0
114	48	-1	0
48	151	-1	0
151	222	-1	0
222	177	-1	0
177	189	-1	0
189	107	-1	0
107	40	-1	0
40	188	-1	0
188	221	-1	0
221	23	-1	0
23	157	-1	0
157	187	-1	0
187	41	-1	0
41	162	-1	0
162	24	-1	0
24	247	-1	0
247	158	-1	0
158	93	-1	0
93	9	-1	0
9	170	-1	0
170	56	-1	0
56	199	-1	0
199	61	-1	0
61	141	-1	0
141	89	-1	0
89	236	-1	0
236	62	-1	0
62	237	-1	0
237	213	-1	0
213	14	-1	0
14	25	-1	0
25	57	-1	0
57	90	-1	0
90	95	-1	0
95	111	-1	0
111	201	-1	0
201	183	-1	0
183	108	-1	0
108	63	-1	0
63	27	-1	0
27	150	-1	0
150	123	-1	0
123	125	-1	0
125	229	-1	0
229	37	-1	0
37	135	-1	0
135	117	-1	0
117	196	-1	0
196	209	-1	0
209	185	-1	0
185	73	-1	0
73	31	-1	0
31	92	-1	0
92	203	-1	0
203	21	-1	0
21	242	-1	0
242	36	-1	0
36	159	-1	0
159	30	-1	0
30	153	-1	0
153	94	-1	0
94	155	-1	0
155	134	-1	0
134	102	-1	0
102	12	-1	0
12	233	-1	0
233	160	-1	0
160	211	-1	0
211	228	-1	0
228	154	-1	0
154	101	-1	0
101	7	-1	0
7	195	-1	0
195	79	-1	0
79	131	-1	0
131	98	-1	0
98	33	-1	0
33	184	-1	0
184	116	-1	0
116	136	-1	0
136	84	-1	0
84	230	-1	0
230	68	-1	0
68	87	-1	0
87	81	-1	0
81	218	-1	0
218	72	-1	0
72	80	-1	0
80	200	-1	0
200	75	-1	0
75	128	-1	0
128	26	-1	0
26	104	-1	0
104	208	-1	0
208	241	-1	0
241	231	-1	0
231	126	-1	0
126	180	-1	0
180	45	-1	0
45	194	-1	0
194	119	-1	0
119	34	-1	0
34	167	-1	0
167	161	-1	0
161	54	-1	0
54	147	-1	0
147	15	-1	0
15	138	-1	0
138	8	-1	0
8	239	-1	0
239	244	-1	0
244	106	-1	0
106	182	-1	0
182	169	-1	0
169	214	-1	0
214	50	-1	0
50	118	-1	0
118	137	-1	0
137	28	-1	0
28	109	-1	0
109	235	-1	0
235	210	-1	0
210	216	-1	0
216	186	-1	0
186	74	-1	0
74	178	-1	0
178	232	-1	0
232	122	-1	0
122	238	-1	0
238	164	-1	0
164	113	-1	0
113	43	-1	0
43	176	-1	0
176	173	-1	0
173	86	-1	0
86	5	-1	0
5	112	-1	0
112	171	-1	0
171	1	-1	0
1	16	-1	0
16	248	-1	0
248	193	-1	0
193	78	-1	0
78	66	-1	0
66	120	-1	0
120	166	-1	0
166	204	-1	0
204	42	-1	0
42	205	-1	0
205	142	-1	0
142	13	-1	0
13	3	-1	0
3	168	-1	0
168	59	-1	0
59	224	-1	0
224	139	-1	0
139	217	-1	0
217	35	-1	0
35	97	-1	0
97	148	-1	0
148	246	-1	0
246	76	-1	0
76	88	-1	0
88	38	-1	0
38	99	-1	0
99	227	-1	0
227	91	-1	0
91	47	-1	0
47	71	-1	0
71	82	-1	0
82	11	-1	0
11	115	-1	0
115	4	-1	0
4	198	-1	0
198	143	-1	0
143	212	-1	0
212	206	-1	0
206	67	-1	0
67	165	-1	0
165	181	-1	0
181	152	-1	0
152	132	-1	0
132	179	-1	0
179	39	-1	0
39	46	-1	0
46	127	-1	0
127	197	-1	0
197	245	-1	0
245	52	-1	0
52	83	-1	0
83	110	-1	0
110	17	-1	0
17	69	-1	0
69	207	-1	0
207	60	-1	0
60	22	-1	0
22	225	-1	0
225	243	-1	0
243	64	-1	0
64	0	-1	0
