/* Number of Operations */
250
/* List of Operations. */
/* Start	End	Fly	#Internal	Locations...*/
0	25	-1	0
25	225	-1	0
225	199	-1	0
199	174	-1	0
174	82	-1	0
82	72	-1	0
72	185	-1	0
185	128	-1	0
128	116	-1	0
116	79	-1	0
79	104	-1	0
104	106	-1	0
106	103	-1	0
103	7	-1	0
7	190	-1	0
190	135	-1	0
135	55	-1	0
55	217	-1	0
217	89	-1	0
89	125	-1	0
125	27	-1	0
27	214	-1	0
214	13	-1	0
13	194	-1	0
194	141	-1	0
141	35	-1	0
35	133	-1	0
133	183	-1	0
183	78	-1	0
78	77	-1	0
77	50	-1	0
50	248	-1	0
248	241	-1	0
241	18	-1	0
18	235	-1	0
235	5	-1	0
5	95	-1	0
95	22	-1	0
22	195	-1	0
195	211	-1	0
211	221	-1	0
221	207	-1	0
207	112	-1	0
112	158	-1	0
158	232	-1	0
232	166	-1	0
166	204	-1	0
204	181	-1	0
181	231	-1	0
231	41	-1	0
41	107	-1	0
107	76	-1	0
76	177	-1	0
177	234	-1	0
234	223	-1	0
223	129	-1	0
129	196	-1	0
196	140	-1	0
140	87	-1	0
87	245	-1	0
245	60	-1	0
60	184	-1	0
184	150	-1	0
150	149	-1	0
149	59	-1	0
59	202	-1	0
202	24	-1	0
24	131	-1	0
131	193	-1	0
193	229	-1	0
229	142	-1	0
142	32	-1	0
32	182	-1	0
182	66	-1	0
66	40	-1	0
40	212	-1	0
212	120	-1	0
120	4	-1	0
4	68	-1	0
68	218	-1	0
218	178	-1	0
178	97	-1	0
97	94	-1	0
94	213	-1	0
213	31	-1	0
31	186	-1	0
186	188	-1	0
188	236	-1	0
236	191	-1	0
191	189	-1	0
189	28	-1	0
28	20	-1	0
20	197	-1	0
197	61	-1	0
61	201	-1	0
201	172	-1	0
172	246	-1	0
246	200	-1	0
200	3	-1	0
3	102	-1	0
102	130	-1	0
130	15	-1	0
15	30	-1	0
30	29	-1	0
29	173	-1	0
173	49	-1	0
49	69	-1	0
69	227	-1	0
227	124	-1	0
124	113	-1	0
113	198	-1	0
198	137	-1	0
137	21	-1	0
21	37	-1	0
37	67	-1	0
67	108	-1	0
108	81	-1	0
81	243	-1	0
243	119	-1	0
119	222	-1	0
222	210	-1	0
210	17	-1	0
17	161	-1	0
161	220	-1	0
220	162	-1	0
162	147	-1	0
147	90	-1	0
90	117	-1	0
117	109	-1	0
109	47	-1	0
47	85	-1	0
85	163	-1	0
163	216	-1	0
216	228	-1	0
228	105	-1	0
105	46	-1	0
46	134	-1	0
134	2	-1	0
2	54	-1	0
54	143	-1	0
143	43	-1	0
43	51	-1	0
51	126	-1	0
126	48	-1	0
48	110	-1	0
110	123	-1	0
123	127	-1	0
127	6	-1	0
6	155	-1	0
155	12	-1	0
12	98	-1	0
98	144	-1	0
144	242	-1	0
242	63	-1	0
63	187	-1	0
187	65	-1	0
65	209	-1	0
209	39	-1	0
39	34	-1	0
34	170	-1	0
170	240	-1	0
240	83	-1	0
83	38	-1	0
38	249	-1	0
249	171	-1	0
171	93	-1	0
93	152	-1	0
152	56	-1	0
56	42	-1	0
42	57	-1	0
57	33	-1	0
33	244	-1	0
244	175	-1	0
175	132	-1	0
132	118	-1	0
118	153	-1	0
153	238	-1	0
238	122	-1	0
122	91	-1	0
91	74	-1	0
74	9	-1	0
9	75	-1	0
75	84	-1	0
84	226	-1	0
226	52	-1	0
52	176	-1	0
176	180	-1	0
180	138	-1	0
138	100	-1	0
100	14	-1	0
14	219	-1	0
219	1	-1	0
1	70	-1	0
70	215	-1	0
215	99	-1	0
99	237	-1	0
237	92	-1	0
92	136	-1	0
136	44	-1	0
44	151	-1	0
151	86	-1	0
86	36	-1	0
36	73	-1	0
73	165	-1	0
165	16	-1	0
16	233	-1	0
233	206	-1	0
206	164	-1	0
164	23	-1	0
23	230	-1	0
230	96	-1	0
96	88	-1	0
88	157	-1	0
157	239	-1	0
239	111	-1	0
111	208	-1	0
208	203	-1	0
203	8	-1	0
8	71	-1	0
71	168	-1	0
168	10	-1	0
10	53	-1	0
53	114	-1	0
114	156	-1	0
156	146	-1	0
146	154	-1	0
154	80	-1	0
80	179	-1	0
179	115	-1	0
115	19	-1	0
19	148	-1	0
148	205	-1	0
205	139	-1	0
139	224	-1	0
224	159	-1	0
159	62	-1	0
62	11	-1	0
11	121	-1	0
121	167	-1	0
167	64	-1	0
64	101	-1	0
101	26	-1	0
26	45	-1	0
45	192	-1	0
192	160	-1	0
160	58	-1	0
58	145	-1	0
145	247	-1	0
247	169	-1	0
169	0	-1	0
