/* Number of Operations */
500
/* List of Operations. */
/* Start	End	Fly	#Internal	Locations...*/
0	39	-1	0
39	254	-1	0
254	400	-1	0
400	70	-1	0
70	103	-1	0
103	60	-1	0
60	159	-1	0
159	64	-1	0
64	402	-1	0
402	99	-1	0
99	432	-1	0
432	460	-1	0
460	203	-1	0
203	496	-1	0
496	281	-1	0
281	456	-1	0
456	152	-1	0
152	174	-1	0
174	226	-1	0
226	2	-1	0
2	113	-1	0
113	498	-1	0
498	212	-1	0
212	44	-1	0
44	273	-1	0
273	190	-1	0
190	365	-1	0
365	112	-1	0
112	366	-1	0
366	94	-1	0
94	435	-1	0
435	333	-1	0
333	397	-1	0
397	477	-1	0
477	6	-1	0
6	207	-1	0
207	268	-1	0
268	470	-1	0
470	320	-1	0
320	239	-1	0
239	466	-1	0
466	106	-1	0
106	391	-1	0
391	453	-1	0
453	51	-1	0
51	339	-1	0
339	284	-1	0
284	368	-1	0
368	26	-1	0
26	256	-1	0
256	335	-1	0
335	487	-1	0
487	313	-1	0
313	27	-1	0
27	416	-1	0
416	86	-1	0
86	134	-1	0
134	68	-1	0
68	345	-1	0
345	299	-1	0
299	443	-1	0
443	475	-1	0
475	468	-1	0
468	55	-1	0
55	97	-1	0
97	82	-1	0
82	282	-1	0
282	452	-1	0
452	479	-1	0
479	411	-1	0
411	445	-1	0
445	344	-1	0
344	379	-1	0
379	11	-1	0
11	245	-1	0
245	122	-1	0
122	71	-1	0
71	131	-1	0
131	129	-1	0
129	294	-1	0
294	314	-1	0
314	59	-1	0
59	52	-1	0
52	418	-1	0
418	102	-1	0
102	186	-1	0
186	464	-1	0
464	54	-1	0
54	176	-1	0
176	348	-1	0
348	12	-1	0
12	116	-1	0
116	225	-1	0
225	473	-1	0
473	7	-1	0
7	341	-1	0
341	262	-1	0
262	327	-1	0
327	217	-1	0
217	21	-1	0
21	440	-1	0
440	486	-1	0
486	187	-1	0
187	91	-1	0
91	151	-1	0
151	488	-1	0
488	45	-1	0
45	266	-1	0
266	148	-1	0
148	17	-1	0
17	446	-1	0
446	343	-1	0
343	139	-1	0
139	222	-1	0
222	206	-1	0
206	288	-1	0
288	394	-1	0
394	437	-1	0
437	267	-1	0
267	383	-1	0
383	87	-1	0
87	58	-1	0
58	370	-1	0
370	241	-1	0
241	185	-1	0
185	166	-1	0
166	95	-1	0
95	457	-1	0
457	25	-1	0
25	309	-1	0
309	235	-1	0
235	489	-1	0
489	115	-1	0
115	40	-1	0
40	353	-1	0
353	362	-1	0
362	442	-1	0
442	146	-1	0
146	271	-1	0
271	461	-1	0
461	415	-1	0
415	304	-1	0
304	136	-1	0
136	101	-1	0
101	175	-1	0
175	279	-1	0
279	105	-1	0
105	19	-1	0
19	74	-1	0
74	28	-1	0
28	480	-1	0
480	369	-1	0
369	386	-1	0
386	42	-1	0
42	218	-1	0
218	354	-1	0
354	194	-1	0
194	310	-1	0
310	79	-1	0
79	110	-1	0
110	405	-1	0
405	360	-1	0
360	319	-1	0
319	14	-1	0
14	280	-1	0
280	494	-1	0
494	409	-1	0
409	490	-1	0
490	469	-1	0
469	4	-1	0
4	224	-1	0
224	340	-1	0
340	48	-1	0
48	367	-1	0
367	450	-1	0
450	301	-1	0
301	444	-1	0
444	163	-1	0
163	458	-1	0
458	132	-1	0
132	484	-1	0
484	33	-1	0
33	145	-1	0
145	438	-1	0
438	23	-1	0
23	229	-1	0
229	138	-1	0
138	413	-1	0
413	448	-1	0
448	385	-1	0
385	118	-1	0
118	392	-1	0
392	66	-1	0
66	332	-1	0
332	69	-1	0
69	197	-1	0
197	83	-1	0
83	337	-1	0
337	361	-1	0
361	355	-1	0
355	243	-1	0
243	290	-1	0
290	117	-1	0
117	285	-1	0
285	167	-1	0
167	179	-1	0
179	216	-1	0
216	406	-1	0
406	424	-1	0
424	312	-1	0
312	156	-1	0
156	223	-1	0
223	93	-1	0
93	377	-1	0
377	251	-1	0
251	331	-1	0
331	195	-1	0
195	49	-1	0
49	412	-1	0
412	109	-1	0
109	124	-1	0
124	38	-1	0
38	275	-1	0
275	189	-1	0
189	419	-1	0
419	24	-1	0
24	20	-1	0
20	180	-1	0
180	311	-1	0
311	306	-1	0
306	53	-1	0
53	182	-1	0
182	73	-1	0
73	423	-1	0
423	286	-1	0
286	209	-1	0
209	303	-1	0
303	451	-1	0
451	204	-1	0
204	31	-1	0
31	1	-1	0
1	188	-1	0
188	75	-1	0
75	449	-1	0
449	352	-1	0
352	491	-1	0
491	41	-1	0
41	417	-1	0
417	399	-1	0
399	388	-1	0
388	272	-1	0
272	170	-1	0
170	359	-1	0
359	485	-1	0
485	248	-1	0
248	483	-1	0
483	227	-1	0
227	315	-1	0
315	459	-1	0
459	407	-1	0
407	474	-1	0
474	382	-1	0
382	317	-1	0
317	421	-1	0
421	325	-1	0
325	427	-1	0
427	463	-1	0
463	202	-1	0
202	193	-1	0
193	228	-1	0
228	472	-1	0
472	253	-1	0
253	381	-1	0
381	200	-1	0
200	191	-1	0
191	431	-1	0
431	257	-1	0
257	232	-1	0
232	252	-1	0
252	278	-1	0
278	328	-1	0
328	351	-1	0
351	230	-1	0
230	168	-1	0
168	234	-1	0
234	454	-1	0
454	76	-1	0
76	389	-1	0
389	493	-1	0
493	80	-1	0
80	350	-1	0
350	141	-1	0
141	291	-1	0
291	447	-1	0
447	9	-1	0
9	347	-1	0
347	63	-1	0
63	84	-1	0
84	16	-1	0
16	329	-1	0
329	236	-1	0
236	455	-1	0
455	181	-1	0
181	244	-1	0
244	298	-1	0
298	127	-1	0
127	107	-1	0
107	165	-1	0
165	467	-1	0
467	120	-1	0
120	414	-1	0
414	429	-1	0
429	297	-1	0
297	338	-1	0
338	378	-1	0
378	434	-1	0
434	398	-1	0
398	220	-1	0
220	162	-1	0
162	169	-1	0
169	292	-1	0
292	358	-1	0
358	295	-1	0
295	305	-1	0
305	143	-1	0
143	260	-1	0
260	497	-1	0
497	211	-1	0
211	184	-1	0
184	363	-1	0
363	384	-1	0
384	43	-1	0
43	61	-1	0
61	481	-1	0
481	255	-1	0
255	172	-1	0
172	140	-1	0
140	242	-1	0
242	302	-1	0
302	420	-1	0
420	34	-1	0
34	258	-1	0
258	264	-1	0
264	425	-1	0
425	259	-1	0
259	50	-1	0
50	157	-1	0
157	173	-1	0
173	342	-1	0
342	90	-1	0
90	210	-1	0
210	72	-1	0
72	471	-1	0
471	336	-1	0
336	318	-1	0
318	428	-1	0
428	183	-1	0
183	100	-1	0
100	123	-1	0
123	114	-1	0
114	390	-1	0
390	476	-1	0
476	149	-1	0
149	274	-1	0
274	121	-1	0
121	403	-1	0
403	13	-1	0
13	30	-1	0
30	171	-1	0
171	240	-1	0
240	119	-1	0
119	393	-1	0
393	478	-1	0
478	178	-1	0
178	8	-1	0
8	426	-1	0
426	265	-1	0
265	92	-1	0
92	214	-1	0
214	10	-1	0
10	296	-1	0
296	111	-1	0
111	125	-1	0
125	387	-1	0
387	326	-1	0
326	150	-1	0
150	364	-1	0
364	376	-1	0
376	395	-1	0
395	135	-1	0
135	104	-1	0
104	249	-1	0
249	142	-1	0
142	85	-1	0
85	356	-1	0
356	401	-1	0
401	380	-1	0
380	308	-1	0
308	422	-1	0
422	192	-1	0
192	126	-1	0
126	375	-1	0
375	153	-1	0
153	199	-1	0
199	108	-1	0
108	283	-1	0
283	81	-1	0
81	250	-1	0
250	154	-1	0
154	238	-1	0
238	321	-1	0
321	67	-1	0
67	371	-1	0
371	349	-1	0
349	198	-1	0
198	433	-1	0
433	15	-1	0
15	492	-1	0
492	374	-1	0
374	441	-1	0
441	219	-1	0
219	77	-1	0
77	5	-1	0
5	373	-1	0
373	88	-1	0
88	482	-1	0
482	233	-1	0
233	231	-1	0
231	155	-1	0
155	270	-1	0
270	96	-1	0
96	57	-1	0
57	29	-1	0
29	287	-1	0
287	323	-1	0
323	201	-1	0
201	396	-1	0
396	196	-1	0
196	213	-1	0
213	62	-1	0
62	246	-1	0
246	37	-1	0
37	465	-1	0
465	324	-1	0
324	277	-1	0
277	372	-1	0
372	147	-1	0
147	36	-1	0
36	261	-1	0
261	289	-1	0
289	133	-1	0
133	130	-1	0
130	144	-1	0
144	177	-1	0
177	293	-1	0
293	22	-1	0
22	35	-1	0
35	307	-1	0
307	98	-1	0
98	164	-1	0
164	462	-1	0
462	408	-1	0
408	346	-1	0
346	334	-1	0
334	215	-1	0
215	18	-1	0
18	237	-1	0
237	158	-1	0
158	404	-1	0
404	439	-1	0
439	247	-1	0
247	3	-1	0
3	56	-1	0
56	32	-1	0
32	499	-1	0
499	300	-1	0
300	263	-1	0
263	89	-1	0
89	322	-1	0
322	276	-1	0
276	316	-1	0
316	78	-1	0
78	137	-1	0
137	330	-1	0
330	46	-1	0
46	161	-1	0
161	221	-1	0
221	208	-1	0
208	269	-1	0
269	128	-1	0
128	205	-1	0
205	495	-1	0
495	65	-1	0
65	410	-1	0
410	430	-1	0
430	160	-1	0
160	436	-1	0
436	357	-1	0
357	47	-1	0
47	0	-1	0
