/* Number of Operations */
250
/* List of Operations. */
/* Start	End	Fly	#Internal	Locations...*/
0	113	-1	0
113	160	-1	0
160	75	-1	0
75	139	-1	0
139	120	-1	0
120	12	-1	0
12	73	-1	0
73	46	-1	0
46	14	-1	0
14	123	-1	0
123	132	-1	0
132	186	-1	0
186	94	-1	0
94	214	-1	0
214	215	-1	0
215	158	-1	0
158	203	-1	0
203	167	-1	0
167	108	-1	0
108	98	-1	0
98	189	-1	0
189	131	-1	0
131	171	-1	0
171	136	-1	0
136	119	-1	0
119	147	-1	0
147	195	-1	0
195	194	-1	0
194	208	-1	0
208	243	-1	0
243	164	-1	0
164	185	-1	0
185	6	-1	0
6	151	-1	0
151	21	-1	0
21	90	-1	0
90	5	-1	0
5	240	-1	0
240	3	-1	0
3	49	-1	0
49	209	-1	0
209	174	-1	0
174	71	-1	0
71	225	-1	0
225	10	-1	0
10	248	-1	0
248	176	-1	0
176	130	-1	0
130	86	-1	0
86	88	-1	0
88	38	-1	0
38	247	-1	0
247	89	-1	0
89	180	-1	0
180	140	-1	0
140	155	-1	0
155	244	-1	0
244	52	-1	0
52	74	-1	0
74	197	-1	0
197	190	-1	0
190	118	-1	0
118	178	-1	0
178	34	-1	0
34	23	-1	0
23	15	-1	0
15	53	-1	0
53	177	-1	0
177	33	-1	0
33	196	-1	0
196	156	-1	0
156	59	-1	0
59	224	-1	0
224	237	-1	0
237	211	-1	0
211	122	-1	0
122	172	-1	0
172	100	-1	0
100	168	-1	0
168	229	-1	0
229	150	-1	0
150	81	-1	0
81	188	-1	0
188	103	-1	0
103	17	-1	0
17	181	-1	0
181	57	-1	0
57	96	-1	0
96	212	-1	0
212	19	-1	0
19	121	-1	0
121	125	-1	0
125	183	-1	0
183	97	-1	0
97	145	-1	0
145	107	-1	0
107	238	-1	0
238	63	-1	0
63	148	-1	0
148	169	-1	0
169	45	-1	0
45	112	-1	0
112	142	-1	0
142	51	-1	0
51	99	-1	0
99	11	-1	0
11	85	-1	0
85	184	-1	0
184	199	-1	0
199	210	-1	0
210	246	-1	0
246	235	-1	0
235	117	-1	0
117	41	-1	0
41	202	-1	0
202	227	-1	0
227	143	-1	0
143	166	-1	0
166	245	-1	0
245	72	-1	0
72	50	-1	0
50	24	-1	0
24	92	-1	0
92	115	-1	0
115	213	-1	0
213	154	-1	0
154	124	-1	0
124	114	-1	0
114	217	-1	0
217	173	-1	0
173	129	-1	0
129	44	-1	0
44	242	-1	0
242	231	-1	0
231	68	-1	0
68	84	-1	0
84	60	-1	0
60	149	-1	0
149	91	-1	0
91	8	-1	0
8	47	-1	0
47	200	-1	0
200	42	-1	0
42	105	-1	0
105	226	-1	0
226	95	-1	0
95	82	-1	0
82	135	-1	0
135	80	-1	0
80	48	-1	0
48	230	-1	0
230	70	-1	0
70	175	-1	0
175	76	-1	0
76	198	-1	0
198	249	-1	0
249	28	-1	0
28	236	-1	0
236	219	-1	0
219	26	-1	0
26	4	-1	0
4	218	-1	0
218	191	-1	0
191	20	-1	0
20	182	-1	0
182	192	-1	0
192	137	-1	0
137	161	-1	0
161	69	-1	0
69	133	-1	0
133	126	-1	0
126	138	-1	0
138	141	-1	0
141	30	-1	0
30	31	-1	0
31	207	-1	0
207	79	-1	0
79	64	-1	0
64	7	-1	0
7	109	-1	0
109	233	-1	0
233	67	-1	0
67	239	-1	0
239	78	-1	0
78	179	-1	0
179	128	-1	0
128	18	-1	0
18	206	-1	0
206	241	-1	0
241	220	-1	0
220	65	-1	0
65	25	-1	0
25	153	-1	0
153	157	-1	0
157	216	-1	0
216	39	-1	0
39	1	-1	0
1	55	-1	0
55	221	-1	0
221	102	-1	0
102	165	-1	0
165	205	-1	0
205	234	-1	0
234	127	-1	0
127	93	-1	0
93	62	-1	0
62	9	-1	0
9	223	-1	0
223	106	-1	0
106	162	-1	0
162	29	-1	0
29	36	-1	0
36	77	-1	0
77	37	-1	0
37	66	-1	0
66	116	-1	0
116	101	-1	0
101	110	-1	0
110	222	-1	0
222	58	-1	0
58	134	-1	0
134	232	-1	0
232	35	-1	0
35	187	-1	0
187	40	-1	0
40	170	-1	0
170	16	-1	0
16	2	-1	0
2	61	-1	0
61	201	-1	0
201	146	-1	0
146	32	-1	0
32	204	-1	0
204	54	-1	0
54	104	-1	0
104	87	-1	0
87	83	-1	0
83	56	-1	0
56	43	-1	0
43	193	-1	0
193	22	-1	0
22	228	-1	0
228	13	-1	0
13	152	-1	0
152	144	-1	0
144	163	-1	0
163	27	-1	0
27	159	-1	0
159	111	-1	0
111	0	-1	0
