/* Number of Operations */
375
/* List of Operations. */
/* Start	End	Fly	#Internal	Locations...*/
0	278	-1	0
278	160	-1	0
160	52	-1	0
52	334	-1	0
334	250	-1	0
250	318	-1	0
318	73	-1	0
73	18	-1	0
18	212	-1	0
212	269	-1	0
269	229	-1	0
229	157	-1	0
157	320	-1	0
320	303	-1	0
303	60	-1	0
60	64	-1	0
64	50	-1	0
50	31	-1	0
31	97	-1	0
97	27	-1	0
27	98	-1	0
98	133	-1	0
133	80	-1	0
80	308	-1	0
308	140	-1	0
140	170	-1	0
170	29	-1	0
29	30	-1	0
30	243	-1	0
243	79	-1	0
79	151	-1	0
151	135	-1	0
135	280	-1	0
280	262	-1	0
262	94	-1	0
94	172	-1	0
172	69	-1	0
69	342	-1	0
342	364	-1	0
364	21	-1	0
21	176	-1	0
176	34	-1	0
34	35	-1	0
35	127	-1	0
127	44	-1	0
44	8	-1	0
8	13	-1	0
13	123	-1	0
123	87	-1	0
87	77	-1	0
77	68	-1	0
68	10	-1	0
10	42	-1	0
42	292	-1	0
292	304	-1	0
304	326	-1	0
326	293	-1	0
293	336	-1	0
336	187	-1	0
187	310	-1	0
310	129	-1	0
129	194	-1	0
194	271	-1	0
271	17	-1	0
17	217	-1	0
217	321	-1	0
321	150	-1	0
150	188	-1	0
188	210	-1	0
210	261	-1	0
261	88	-1	0
88	85	-1	0
85	339	-1	0
339	294	-1	0
294	51	-1	0
51	48	-1	0
48	82	-1	0
82	141	-1	0
141	197	-1	0
197	39	-1	0
39	125	-1	0
125	297	-1	0
297	346	-1	0
346	59	-1	0
59	332	-1	0
332	138	-1	0
138	175	-1	0
175	57	-1	0
57	241	-1	0
241	159	-1	0
159	154	-1	0
154	366	-1	0
366	166	-1	0
166	32	-1	0
32	296	-1	0
296	196	-1	0
196	24	-1	0
24	288	-1	0
288	163	-1	0
163	14	-1	0
14	305	-1	0
305	266	-1	0
266	65	-1	0
65	218	-1	0
218	356	-1	0
356	361	-1	0
361	156	-1	0
156	232	-1	0
232	136	-1	0
136	223	-1	0
223	158	-1	0
158	11	-1	0
11	104	-1	0
104	199	-1	0
199	373	-1	0
373	167	-1	0
167	359	-1	0
359	36	-1	0
36	372	-1	0
372	178	-1	0
178	323	-1	0
323	5	-1	0
5	235	-1	0
235	315	-1	0
315	62	-1	0
62	19	-1	0
19	211	-1	0
211	226	-1	0
226	240	-1	0
240	287	-1	0
287	316	-1	0
316	92	-1	0
92	307	-1	0
307	370	-1	0
370	185	-1	0
185	283	-1	0
283	289	-1	0
289	313	-1	0
313	106	-1	0
106	101	-1	0
101	25	-1	0
25	142	-1	0
142	4	-1	0
4	275	-1	0
275	246	-1	0
246	348	-1	0
348	190	-1	0
190	78	-1	0
78	254	-1	0
254	23	-1	0
23	264	-1	0
264	118	-1	0
118	49	-1	0
49	299	-1	0
299	117	-1	0
117	139	-1	0
139	186	-1	0
186	252	-1	0
252	290	-1	0
290	179	-1	0
179	222	-1	0
222	189	-1	0
189	239	-1	0
239	120	-1	0
120	285	-1	0
285	249	-1	0
249	335	-1	0
335	112	-1	0
112	86	-1	0
86	43	-1	0
43	322	-1	0
322	301	-1	0
301	40	-1	0
40	273	-1	0
273	20	-1	0
20	7	-1	0
7	374	-1	0
374	71	-1	0
71	277	-1	0
277	143	-1	0
143	347	-1	0
347	164	-1	0
164	128	-1	0
128	224	-1	0
224	22	-1	0
22	58	-1	0
58	16	-1	0
16	256	-1	0
256	169	-1	0
169	258	-1	0
258	56	-1	0
56	207	-1	0
207	110	-1	0
110	144	-1	0
144	67	-1	0
67	162	-1	0
162	55	-1	0
55	281	-1	0
281	155	-1	0
155	181	-1	0
181	147	-1	0
147	219	-1	0
219	349	-1	0
349	220	-1	0
220	291	-1	0
291	76	-1	0
76	61	-1	0
61	260	-1	0
260	89	-1	0
89	28	-1	0
28	298	-1	0
298	191	-1	0
191	234	-1	0
234	230	-1	0
230	161	-1	0
161	337	-1	0
337	276	-1	0
276	330	-1	0
330	171	-1	0
171	122	-1	0
122	83	-1	0
83	221	-1	0
221	15	-1	0
15	102	-1	0
102	369	-1	0
369	202	-1	0
202	306	-1	0
306	282	-1	0
282	358	-1	0
358	371	-1	0
371	26	-1	0
26	107	-1	0
107	103	-1	0
103	319	-1	0
319	168	-1	0
168	341	-1	0
341	113	-1	0
113	255	-1	0
255	272	-1	0
272	46	-1	0
46	47	-1	0
47	327	-1	0
327	149	-1	0
149	245	-1	0
245	203	-1	0
203	201	-1	0
201	248	-1	0
248	365	-1	0
365	331	-1	0
331	45	-1	0
45	329	-1	0
329	355	-1	0
355	360	-1	0
360	311	-1	0
311	193	-1	0
193	247	-1	0
247	368	-1	0
368	74	-1	0
74	81	-1	0
81	152	-1	0
152	263	-1	0
263	206	-1	0
206	121	-1	0
121	231	-1	0
231	350	-1	0
350	338	-1	0
338	195	-1	0
195	3	-1	0
3	174	-1	0
174	259	-1	0
259	237	-1	0
237	108	-1	0
108	251	-1	0
251	84	-1	0
84	205	-1	0
205	6	-1	0
6	145	-1	0
145	302	-1	0
302	119	-1	0
119	100	-1	0
100	309	-1	0
309	265	-1	0
265	114	-1	0
114	91	-1	0
91	53	-1	0
53	257	-1	0
257	367	-1	0
367	63	-1	0
63	312	-1	0
312	124	-1	0
124	182	-1	0
182	96	-1	0
96	268	-1	0
268	12	-1	0
12	236	-1	0
236	37	-1	0
37	95	-1	0
95	333	-1	0
333	362	-1	0
362	314	-1	0
314	130	-1	0
130	216	-1	0
216	111	-1	0
111	343	-1	0
343	126	-1	0
126	267	-1	0
267	325	-1	0
325	109	-1	0
109	352	-1	0
352	173	-1	0
173	54	-1	0
54	353	-1	0
353	354	-1	0
354	274	-1	0
274	208	-1	0
208	165	-1	0
165	2	-1	0
2	72	-1	0
72	227	-1	0
227	93	-1	0
93	357	-1	0
357	214	-1	0
214	209	-1	0
209	300	-1	0
300	66	-1	0
66	351	-1	0
351	270	-1	0
270	33	-1	0
33	137	-1	0
137	9	-1	0
9	200	-1	0
200	233	-1	0
233	90	-1	0
90	105	-1	0
105	204	-1	0
204	345	-1	0
345	70	-1	0
70	225	-1	0
225	38	-1	0
38	132	-1	0
132	238	-1	0
238	286	-1	0
286	180	-1	0
180	1	-1	0
1	324	-1	0
324	115	-1	0
115	284	-1	0
284	153	-1	0
153	131	-1	0
131	134	-1	0
134	198	-1	0
198	279	-1	0
279	295	-1	0
295	317	-1	0
317	177	-1	0
177	344	-1	0
344	363	-1	0
363	340	-1	0
340	99	-1	0
99	192	-1	0
192	75	-1	0
75	242	-1	0
242	213	-1	0
213	215	-1	0
215	228	-1	0
228	253	-1	0
253	116	-1	0
116	328	-1	0
328	41	-1	0
41	244	-1	0
244	146	-1	0
146	183	-1	0
183	184	-1	0
184	148	-1	0
148	0	-1	0
