/* Number of Operations */
250
/* List of Operations. */
/* Start	End	Fly	#Internal	Locations...*/
0	233	-1	0
233	128	-1	0
128	102	-1	0
102	178	-1	0
178	114	-1	0
114	18	-1	0
18	153	-1	0
153	57	-1	0
57	81	-1	0
81	145	-1	0
145	14	-1	0
14	138	-1	0
138	203	-1	0
203	24	-1	0
24	221	-1	0
221	149	-1	0
149	20	-1	0
20	40	-1	0
40	70	-1	0
70	227	-1	0
227	104	-1	0
104	119	-1	0
119	213	-1	0
213	174	-1	0
174	151	-1	0
151	236	-1	0
236	133	-1	0
133	217	-1	0
217	66	-1	0
66	204	-1	0
204	199	-1	0
199	171	-1	0
171	11	-1	0
11	23	-1	0
23	152	-1	0
152	110	-1	0
110	101	-1	0
101	86	-1	0
86	146	-1	0
146	107	-1	0
107	1	-1	0
1	108	-1	0
108	183	-1	0
183	112	-1	0
112	208	-1	0
208	220	-1	0
220	84	-1	0
84	200	-1	0
200	185	-1	0
185	9	-1	0
9	91	-1	0
91	222	-1	0
222	177	-1	0
177	135	-1	0
135	21	-1	0
21	143	-1	0
143	13	-1	0
13	125	-1	0
125	105	-1	0
105	79	-1	0
79	35	-1	0
35	172	-1	0
172	44	-1	0
44	63	-1	0
63	47	-1	0
47	49	-1	0
49	39	-1	0
39	60	-1	0
60	32	-1	0
32	50	-1	0
50	45	-1	0
45	179	-1	0
179	124	-1	0
124	122	-1	0
122	160	-1	0
160	41	-1	0
41	54	-1	0
54	73	-1	0
73	82	-1	0
82	118	-1	0
118	27	-1	0
27	144	-1	0
144	209	-1	0
209	111	-1	0
111	80	-1	0
80	230	-1	0
230	158	-1	0
158	237	-1	0
237	157	-1	0
157	247	-1	0
247	206	-1	0
206	75	-1	0
75	83	-1	0
83	191	-1	0
191	31	-1	0
31	214	-1	0
214	62	-1	0
62	19	-1	0
19	6	-1	0
6	25	-1	0
25	215	-1	0
215	175	-1	0
175	244	-1	0
244	167	-1	0
167	4	-1	0
4	131	-1	0
131	196	-1	0
196	61	-1	0
61	202	-1	0
202	189	-1	0
189	192	-1	0
192	64	-1	0
64	130	-1	0
130	87	-1	0
87	166	-1	0
166	90	-1	0
90	231	-1	0
231	156	-1	0
156	8	-1	0
8	120	-1	0
120	216	-1	0
216	22	-1	0
22	55	-1	0
55	193	-1	0
193	229	-1	0
229	139	-1	0
139	242	-1	0
242	2	-1	0
2	176	-1	0
176	36	-1	0
36	77	-1	0
77	170	-1	0
170	76	-1	0
76	148	-1	0
148	68	-1	0
68	180	-1	0
180	164	-1	0
164	163	-1	0
163	5	-1	0
5	127	-1	0
127	10	-1	0
10	106	-1	0
106	129	-1	0
129	182	-1	0
182	218	-1	0
218	165	-1	0
165	161	-1	0
161	226	-1	0
226	219	-1	0
219	97	-1	0
97	109	-1	0
109	46	-1	0
46	56	-1	0
56	186	-1	0
186	30	-1	0
30	7	-1	0
7	69	-1	0
69	136	-1	0
136	71	-1	0
71	29	-1	0
29	140	-1	0
140	113	-1	0
113	141	-1	0
141	92	-1	0
92	210	-1	0
210	239	-1	0
239	245	-1	0
245	100	-1	0
100	33	-1	0
33	117	-1	0
117	240	-1	0
240	181	-1	0
181	34	-1	0
34	15	-1	0
15	93	-1	0
93	67	-1	0
67	42	-1	0
42	195	-1	0
195	59	-1	0
59	95	-1	0
95	142	-1	0
142	121	-1	0
121	115	-1	0
115	249	-1	0
249	234	-1	0
234	188	-1	0
188	228	-1	0
228	225	-1	0
225	246	-1	0
246	116	-1	0
116	190	-1	0
190	173	-1	0
173	88	-1	0
88	48	-1	0
48	72	-1	0
72	168	-1	0
168	94	-1	0
94	150	-1	0
150	28	-1	0
28	43	-1	0
43	187	-1	0
187	169	-1	0
169	224	-1	0
224	205	-1	0
205	58	-1	0
58	12	-1	0
12	37	-1	0
37	235	-1	0
235	184	-1	0
184	194	-1	0
194	154	-1	0
154	98	-1	0
98	3	-1	0
3	126	-1	0
126	207	-1	0
207	223	-1	0
223	162	-1	0
162	96	-1	0
96	132	-1	0
132	232	-1	0
232	238	-1	0
238	65	-1	0
65	147	-1	0
147	241	-1	0
241	17	-1	0
17	201	-1	0
201	248	-1	0
248	99	-1	0
99	134	-1	0
134	137	-1	0
137	89	-1	0
89	103	-1	0
103	51	-1	0
51	85	-1	0
85	197	-1	0
197	74	-1	0
74	155	-1	0
155	53	-1	0
53	198	-1	0
198	52	-1	0
52	211	-1	0
211	26	-1	0
26	38	-1	0
38	16	-1	0
16	243	-1	0
243	78	-1	0
78	212	-1	0
212	123	-1	0
123	159	-1	0
159	0	-1	0
