/* Number of Operations */
75
/* List of Operations. */
/* Start	End	Fly	#Internal	Locations...*/
0	72	-1	0
72	7	-1	0
7	23	-1	0
23	46	-1	0
46	22	-1	0
22	5	-1	0
5	27	-1	0
27	56	-1	0
56	47	-1	0
47	35	-1	0
35	10	-1	0
10	3	-1	0
3	18	-1	0
18	37	-1	0
37	44	-1	0
44	58	-1	0
58	11	-1	0
11	43	-1	0
43	40	-1	0
40	6	-1	0
6	69	-1	0
69	30	-1	0
30	63	-1	0
63	38	-1	0
38	25	-1	0
25	62	-1	0
62	13	-1	0
13	42	-1	0
42	68	-1	0
68	52	-1	0
52	51	-1	0
51	66	-1	0
66	4	-1	0
4	74	-1	0
74	36	-1	0
36	17	-1	0
17	32	-1	0
32	71	-1	0
71	39	-1	0
39	65	-1	0
65	24	-1	0
24	19	-1	0
19	48	-1	0
48	34	-1	0
34	61	-1	0
61	2	-1	0
2	67	-1	0
67	49	-1	0
49	73	-1	0
73	50	-1	0
50	29	-1	0
29	21	-1	0
21	16	-1	0
16	26	-1	0
26	45	-1	0
45	15	-1	0
15	14	-1	0
14	57	-1	0
57	33	-1	0
33	8	-1	0
8	59	-1	0
59	55	-1	0
55	28	-1	0
28	12	-1	0
12	1	-1	0
1	31	-1	0
31	9	-1	0
9	64	-1	0
64	60	-1	0
60	70	-1	0
70	54	-1	0
54	53	-1	0
53	20	-1	0
20	41	-1	0
41	0	-1	0
