/* Number of Operations */
250
/* List of Operations. */
/* Start	End	Fly	#Internal	Locations...*/
0	171	-1	0
171	132	-1	0
132	246	-1	0
246	204	-1	0
204	113	-1	0
113	80	-1	0
80	124	-1	0
124	140	-1	0
140	241	-1	0
241	212	-1	0
212	31	-1	0
31	115	-1	0
115	199	-1	0
199	51	-1	0
51	156	-1	0
156	161	-1	0
161	9	-1	0
9	82	-1	0
82	102	-1	0
102	36	-1	0
36	41	-1	0
41	12	-1	0
12	131	-1	0
131	18	-1	0
18	242	-1	0
242	217	-1	0
217	175	-1	0
175	148	-1	0
148	221	-1	0
221	106	-1	0
106	150	-1	0
150	214	-1	0
214	224	-1	0
224	158	-1	0
158	35	-1	0
35	128	-1	0
128	67	-1	0
67	174	-1	0
174	23	-1	0
23	21	-1	0
21	245	-1	0
245	118	-1	0
118	232	-1	0
232	77	-1	0
77	11	-1	0
11	109	-1	0
109	75	-1	0
75	117	-1	0
117	97	-1	0
97	3	-1	0
3	28	-1	0
28	138	-1	0
138	17	-1	0
17	40	-1	0
40	83	-1	0
83	157	-1	0
157	59	-1	0
59	42	-1	0
42	58	-1	0
58	65	-1	0
65	116	-1	0
116	15	-1	0
15	53	-1	0
53	7	-1	0
7	219	-1	0
219	167	-1	0
167	152	-1	0
152	243	-1	0
243	90	-1	0
90	76	-1	0
76	166	-1	0
166	215	-1	0
215	239	-1	0
239	112	-1	0
112	37	-1	0
37	225	-1	0
225	89	-1	0
89	62	-1	0
62	231	-1	0
231	233	-1	0
233	236	-1	0
236	20	-1	0
20	4	-1	0
4	101	-1	0
101	119	-1	0
119	237	-1	0
237	72	-1	0
72	164	-1	0
164	238	-1	0
238	151	-1	0
151	134	-1	0
134	78	-1	0
78	159	-1	0
159	149	-1	0
149	110	-1	0
110	129	-1	0
129	123	-1	0
123	70	-1	0
70	14	-1	0
14	222	-1	0
222	173	-1	0
173	125	-1	0
125	137	-1	0
137	220	-1	0
220	127	-1	0
127	186	-1	0
186	48	-1	0
48	160	-1	0
160	60	-1	0
60	141	-1	0
141	22	-1	0
22	205	-1	0
205	210	-1	0
210	92	-1	0
92	87	-1	0
87	61	-1	0
61	30	-1	0
30	66	-1	0
66	147	-1	0
147	184	-1	0
184	84	-1	0
84	34	-1	0
34	24	-1	0
24	201	-1	0
201	16	-1	0
16	229	-1	0
229	26	-1	0
26	154	-1	0
154	68	-1	0
68	5	-1	0
5	177	-1	0
177	98	-1	0
98	143	-1	0
143	120	-1	0
120	104	-1	0
104	86	-1	0
86	74	-1	0
74	193	-1	0
193	55	-1	0
55	227	-1	0
227	190	-1	0
190	228	-1	0
228	213	-1	0
213	8	-1	0
8	249	-1	0
249	47	-1	0
47	33	-1	0
33	162	-1	0
162	1	-1	0
1	94	-1	0
94	19	-1	0
19	135	-1	0
135	63	-1	0
63	88	-1	0
88	96	-1	0
96	130	-1	0
130	188	-1	0
188	189	-1	0
189	81	-1	0
81	192	-1	0
192	64	-1	0
64	211	-1	0
211	114	-1	0
114	170	-1	0
170	178	-1	0
178	206	-1	0
206	85	-1	0
85	198	-1	0
198	91	-1	0
91	191	-1	0
191	108	-1	0
108	145	-1	0
145	142	-1	0
142	50	-1	0
50	197	-1	0
197	13	-1	0
13	43	-1	0
43	57	-1	0
57	44	-1	0
44	223	-1	0
223	136	-1	0
136	202	-1	0
202	179	-1	0
179	200	-1	0
200	196	-1	0
196	69	-1	0
69	203	-1	0
203	103	-1	0
103	105	-1	0
105	52	-1	0
52	144	-1	0
144	169	-1	0
169	209	-1	0
209	29	-1	0
29	46	-1	0
46	32	-1	0
32	79	-1	0
79	39	-1	0
39	54	-1	0
54	6	-1	0
6	180	-1	0
180	95	-1	0
95	240	-1	0
240	163	-1	0
163	207	-1	0
207	111	-1	0
111	195	-1	0
195	216	-1	0
216	165	-1	0
165	93	-1	0
93	187	-1	0
187	38	-1	0
38	185	-1	0
185	100	-1	0
100	218	-1	0
218	208	-1	0
208	176	-1	0
176	181	-1	0
181	226	-1	0
226	122	-1	0
122	49	-1	0
49	99	-1	0
99	25	-1	0
25	194	-1	0
194	121	-1	0
121	244	-1	0
244	27	-1	0
27	73	-1	0
73	71	-1	0
71	45	-1	0
45	139	-1	0
139	10	-1	0
10	126	-1	0
126	146	-1	0
146	107	-1	0
107	234	-1	0
234	153	-1	0
153	182	-1	0
182	2	-1	0
2	168	-1	0
168	247	-1	0
247	230	-1	0
230	155	-1	0
155	56	-1	0
56	248	-1	0
248	235	-1	0
235	183	-1	0
183	172	-1	0
172	133	-1	0
133	0	-1	0
