/* Number of Operations */
50
/* List of Operations. */
/* Start	End	Fly	#Internal	Locations...*/
0	29	-1	0
29	4	-1	0
4	17	-1	0
17	16	-1	0
16	18	-1	0
18	34	-1	0
34	33	-1	0
33	14	-1	0
14	48	-1	0
48	36	-1	0
36	8	-1	0
8	31	-1	0
31	2	-1	0
2	25	-1	0
25	42	-1	0
42	47	-1	0
47	43	-1	0
43	35	-1	0
35	20	-1	0
20	37	-1	0
37	44	-1	0
44	24	-1	0
24	12	-1	0
12	30	-1	0
30	23	-1	0
23	11	-1	0
11	21	-1	0
21	49	-1	0
49	27	-1	0
27	22	-1	0
22	45	-1	0
45	19	-1	0
19	26	-1	0
26	7	-1	0
7	41	-1	0
41	40	-1	0
40	38	-1	0
38	9	-1	0
9	3	-1	0
3	39	-1	0
39	32	-1	0
32	28	-1	0
28	46	-1	0
46	5	-1	0
5	15	-1	0
15	6	-1	0
6	1	-1	0
1	10	-1	0
10	13	-1	0
13	0	-1	0
