/* Number of Operations */
375
/* List of Operations. */
/* Start	End	Fly	#Internal	Locations...*/
0	148	-1	0
148	184	-1	0
184	183	-1	0
183	146	-1	0
146	244	-1	0
244	41	-1	0
41	328	-1	0
328	116	-1	0
116	253	-1	0
253	228	-1	0
228	215	-1	0
215	213	-1	0
213	242	-1	0
242	75	-1	0
75	192	-1	0
192	99	-1	0
99	340	-1	0
340	363	-1	0
363	344	-1	0
344	177	-1	0
177	317	-1	0
317	295	-1	0
295	279	-1	0
279	198	-1	0
198	134	-1	0
134	131	-1	0
131	153	-1	0
153	284	-1	0
284	115	-1	0
115	324	-1	0
324	286	-1	0
286	238	-1	0
238	132	-1	0
132	180	-1	0
180	1	-1	0
1	257	-1	0
257	53	-1	0
53	367	-1	0
367	63	-1	0
63	91	-1	0
91	114	-1	0
114	182	-1	0
182	124	-1	0
124	312	-1	0
312	96	-1	0
96	265	-1	0
265	309	-1	0
309	100	-1	0
100	119	-1	0
119	302	-1	0
302	145	-1	0
145	6	-1	0
6	205	-1	0
205	84	-1	0
84	268	-1	0
268	12	-1	0
12	236	-1	0
236	37	-1	0
37	95	-1	0
95	333	-1	0
333	362	-1	0
362	314	-1	0
314	130	-1	0
130	251	-1	0
251	108	-1	0
108	237	-1	0
237	259	-1	0
259	174	-1	0
174	3	-1	0
3	338	-1	0
338	195	-1	0
195	350	-1	0
350	231	-1	0
231	121	-1	0
121	206	-1	0
206	263	-1	0
263	152	-1	0
152	81	-1	0
81	74	-1	0
74	368	-1	0
368	247	-1	0
247	193	-1	0
193	311	-1	0
311	360	-1	0
360	355	-1	0
355	329	-1	0
329	45	-1	0
45	331	-1	0
331	365	-1	0
365	248	-1	0
248	201	-1	0
201	203	-1	0
203	245	-1	0
245	149	-1	0
149	327	-1	0
327	47	-1	0
47	46	-1	0
46	272	-1	0
272	255	-1	0
255	113	-1	0
113	341	-1	0
341	168	-1	0
168	319	-1	0
319	103	-1	0
103	107	-1	0
107	26	-1	0
26	371	-1	0
371	358	-1	0
358	282	-1	0
282	306	-1	0
306	202	-1	0
202	369	-1	0
369	102	-1	0
102	15	-1	0
15	221	-1	0
221	83	-1	0
83	122	-1	0
122	171	-1	0
171	330	-1	0
330	276	-1	0
276	337	-1	0
337	161	-1	0
161	230	-1	0
230	234	-1	0
234	191	-1	0
191	298	-1	0
298	28	-1	0
28	89	-1	0
89	260	-1	0
260	61	-1	0
61	349	-1	0
349	219	-1	0
219	147	-1	0
147	181	-1	0
181	155	-1	0
155	281	-1	0
281	55	-1	0
55	162	-1	0
162	67	-1	0
67	144	-1	0
144	110	-1	0
110	207	-1	0
207	258	-1	0
258	56	-1	0
56	169	-1	0
169	256	-1	0
256	16	-1	0
16	58	-1	0
58	22	-1	0
22	224	-1	0
224	128	-1	0
128	164	-1	0
164	347	-1	0
347	143	-1	0
143	277	-1	0
277	71	-1	0
71	374	-1	0
374	7	-1	0
7	20	-1	0
20	273	-1	0
273	40	-1	0
40	301	-1	0
301	322	-1	0
322	43	-1	0
43	86	-1	0
86	112	-1	0
112	335	-1	0
335	249	-1	0
249	285	-1	0
285	120	-1	0
120	239	-1	0
239	189	-1	0
189	222	-1	0
222	179	-1	0
179	290	-1	0
290	252	-1	0
252	186	-1	0
186	139	-1	0
139	117	-1	0
117	299	-1	0
299	49	-1	0
49	118	-1	0
118	264	-1	0
264	23	-1	0
23	254	-1	0
254	78	-1	0
78	190	-1	0
190	348	-1	0
348	246	-1	0
246	275	-1	0
275	4	-1	0
4	142	-1	0
142	25	-1	0
25	101	-1	0
101	106	-1	0
106	313	-1	0
313	289	-1	0
289	283	-1	0
283	185	-1	0
185	370	-1	0
370	307	-1	0
307	92	-1	0
92	316	-1	0
316	287	-1	0
287	240	-1	0
240	226	-1	0
226	211	-1	0
211	19	-1	0
19	62	-1	0
62	315	-1	0
315	235	-1	0
235	5	-1	0
5	323	-1	0
323	178	-1	0
178	372	-1	0
372	36	-1	0
36	359	-1	0
359	220	-1	0
220	76	-1	0
76	291	-1	0
291	167	-1	0
167	373	-1	0
373	199	-1	0
199	104	-1	0
104	11	-1	0
11	158	-1	0
158	223	-1	0
223	136	-1	0
136	232	-1	0
232	156	-1	0
156	361	-1	0
361	356	-1	0
356	218	-1	0
218	65	-1	0
65	266	-1	0
266	305	-1	0
305	14	-1	0
14	163	-1	0
163	288	-1	0
288	24	-1	0
24	196	-1	0
196	296	-1	0
296	32	-1	0
32	166	-1	0
166	366	-1	0
366	154	-1	0
154	159	-1	0
159	241	-1	0
241	57	-1	0
57	175	-1	0
175	138	-1	0
138	332	-1	0
332	59	-1	0
59	125	-1	0
125	39	-1	0
39	210	-1	0
210	261	-1	0
261	88	-1	0
88	85	-1	0
85	339	-1	0
339	294	-1	0
294	51	-1	0
51	48	-1	0
48	82	-1	0
82	197	-1	0
197	141	-1	0
141	297	-1	0
297	346	-1	0
346	343	-1	0
343	111	-1	0
111	216	-1	0
216	126	-1	0
126	267	-1	0
267	325	-1	0
325	109	-1	0
109	352	-1	0
352	173	-1	0
173	54	-1	0
54	353	-1	0
353	354	-1	0
354	274	-1	0
274	208	-1	0
208	165	-1	0
165	2	-1	0
2	72	-1	0
72	227	-1	0
227	93	-1	0
93	357	-1	0
357	214	-1	0
214	209	-1	0
209	300	-1	0
300	66	-1	0
66	351	-1	0
351	270	-1	0
270	38	-1	0
38	225	-1	0
225	70	-1	0
70	345	-1	0
345	204	-1	0
204	105	-1	0
105	9	-1	0
9	137	-1	0
137	90	-1	0
90	233	-1	0
233	200	-1	0
200	33	-1	0
33	188	-1	0
188	150	-1	0
150	321	-1	0
321	217	-1	0
217	17	-1	0
17	271	-1	0
271	194	-1	0
194	129	-1	0
129	310	-1	0
310	187	-1	0
187	336	-1	0
336	293	-1	0
293	326	-1	0
326	304	-1	0
304	292	-1	0
292	42	-1	0
42	10	-1	0
10	68	-1	0
68	77	-1	0
77	87	-1	0
87	123	-1	0
123	13	-1	0
13	8	-1	0
8	44	-1	0
44	127	-1	0
127	35	-1	0
35	34	-1	0
34	176	-1	0
176	21	-1	0
21	364	-1	0
364	342	-1	0
342	69	-1	0
69	172	-1	0
172	94	-1	0
94	262	-1	0
262	280	-1	0
280	135	-1	0
135	151	-1	0
151	79	-1	0
79	243	-1	0
243	30	-1	0
30	29	-1	0
29	170	-1	0
170	140	-1	0
140	308	-1	0
308	80	-1	0
80	133	-1	0
133	98	-1	0
98	27	-1	0
27	97	-1	0
97	31	-1	0
31	50	-1	0
50	64	-1	0
64	60	-1	0
60	303	-1	0
303	157	-1	0
157	320	-1	0
320	229	-1	0
229	212	-1	0
212	269	-1	0
269	18	-1	0
18	73	-1	0
73	318	-1	0
318	250	-1	0
250	334	-1	0
334	52	-1	0
52	160	-1	0
160	278	-1	0
278	0	-1	0
