/* Number of Operations */
175
/* List of Operations. */
/* Start	End	Fly	#Internal	Locations...*/
0	133	-1	0
133	28	-1	0
28	29	-1	0
29	69	-1	0
69	143	-1	0
143	173	-1	0
173	9	-1	0
9	56	-1	0
56	138	-1	0
138	102	-1	0
102	109	-1	0
109	160	-1	0
160	86	-1	0
86	106	-1	0
106	6	-1	0
6	89	-1	0
89	78	-1	0
78	158	-1	0
158	7	-1	0
7	92	-1	0
92	63	-1	0
63	21	-1	0
21	62	-1	0
62	140	-1	0
140	136	-1	0
136	30	-1	0
30	34	-1	0
34	172	-1	0
172	145	-1	0
145	144	-1	0
144	167	-1	0
167	151	-1	0
151	121	-1	0
121	73	-1	0
73	12	-1	0
12	157	-1	0
157	35	-1	0
35	19	-1	0
19	74	-1	0
74	48	-1	0
48	98	-1	0
98	166	-1	0
166	159	-1	0
159	141	-1	0
141	16	-1	0
16	97	-1	0
97	174	-1	0
174	130	-1	0
130	111	-1	0
111	110	-1	0
110	105	-1	0
105	53	-1	0
53	10	-1	0
10	152	-1	0
152	150	-1	0
150	137	-1	0
137	81	-1	0
81	25	-1	0
25	5	-1	0
5	155	-1	0
155	117	-1	0
117	163	-1	0
163	52	-1	0
52	118	-1	0
118	90	-1	0
90	59	-1	0
59	147	-1	0
147	161	-1	0
161	71	-1	0
71	125	-1	0
125	46	-1	0
46	79	-1	0
79	126	-1	0
126	64	-1	0
64	58	-1	0
58	60	-1	0
60	100	-1	0
100	164	-1	0
164	93	-1	0
93	112	-1	0
112	61	-1	0
61	44	-1	0
44	38	-1	0
38	32	-1	0
32	40	-1	0
40	31	-1	0
31	154	-1	0
154	15	-1	0
15	55	-1	0
55	22	-1	0
22	107	-1	0
107	132	-1	0
132	108	-1	0
108	82	-1	0
82	96	-1	0
96	13	-1	0
13	113	-1	0
113	162	-1	0
162	101	-1	0
101	134	-1	0
134	14	-1	0
14	114	-1	0
114	33	-1	0
33	84	-1	0
84	115	-1	0
115	2	-1	0
2	67	-1	0
67	85	-1	0
85	45	-1	0
45	8	-1	0
8	42	-1	0
42	94	-1	0
94	131	-1	0
131	68	-1	0
68	87	-1	0
87	156	-1	0
156	104	-1	0
104	135	-1	0
135	153	-1	0
153	77	-1	0
77	169	-1	0
169	41	-1	0
41	11	-1	0
11	91	-1	0
91	120	-1	0
120	124	-1	0
124	1	-1	0
1	168	-1	0
168	20	-1	0
20	122	-1	0
122	27	-1	0
27	88	-1	0
88	129	-1	0
129	57	-1	0
57	80	-1	0
80	119	-1	0
119	37	-1	0
37	171	-1	0
171	83	-1	0
83	116	-1	0
116	43	-1	0
43	127	-1	0
127	170	-1	0
170	23	-1	0
23	24	-1	0
24	128	-1	0
128	75	-1	0
75	26	-1	0
26	18	-1	0
18	146	-1	0
146	70	-1	0
70	66	-1	0
66	149	-1	0
149	50	-1	0
50	139	-1	0
139	51	-1	0
51	99	-1	0
99	95	-1	0
95	4	-1	0
4	76	-1	0
76	54	-1	0
54	72	-1	0
72	148	-1	0
148	65	-1	0
65	36	-1	0
36	39	-1	0
39	47	-1	0
47	165	-1	0
165	123	-1	0
123	103	-1	0
103	17	-1	0
17	142	-1	0
142	49	-1	0
49	3	-1	0
3	0	-1	0
