/* Number of Operations */
175
/* List of Operations. */
/* Start	End	Fly	#Internal	Locations...*/
0	51	-1	0
51	151	-1	0
151	143	-1	0
143	101	-1	0
101	36	-1	0
36	107	-1	0
107	37	-1	0
37	120	-1	0
120	19	-1	0
19	172	-1	0
172	91	-1	0
91	169	-1	0
169	65	-1	0
65	126	-1	0
126	16	-1	0
16	170	-1	0
170	48	-1	0
48	59	-1	0
59	173	-1	0
173	114	-1	0
114	54	-1	0
54	41	-1	0
41	1	-1	0
1	42	-1	0
42	140	-1	0
140	165	-1	0
165	152	-1	0
152	6	-1	0
6	174	-1	0
174	166	-1	0
166	127	-1	0
127	132	-1	0
132	130	-1	0
130	148	-1	0
148	123	-1	0
123	104	-1	0
104	90	-1	0
90	168	-1	0
168	73	-1	0
73	31	-1	0
31	84	-1	0
84	167	-1	0
167	56	-1	0
56	47	-1	0
47	162	-1	0
162	150	-1	0
150	79	-1	0
79	149	-1	0
149	154	-1	0
154	66	-1	0
66	119	-1	0
119	102	-1	0
102	159	-1	0
159	55	-1	0
55	86	-1	0
86	161	-1	0
161	78	-1	0
78	9	-1	0
9	116	-1	0
116	141	-1	0
141	72	-1	0
72	46	-1	0
46	139	-1	0
139	81	-1	0
81	68	-1	0
68	103	-1	0
103	128	-1	0
128	134	-1	0
134	13	-1	0
13	33	-1	0
33	99	-1	0
99	45	-1	0
45	109	-1	0
109	124	-1	0
124	21	-1	0
21	158	-1	0
158	122	-1	0
122	58	-1	0
58	11	-1	0
11	121	-1	0
121	82	-1	0
82	61	-1	0
61	32	-1	0
32	89	-1	0
89	69	-1	0
69	105	-1	0
105	27	-1	0
27	106	-1	0
106	142	-1	0
142	94	-1	0
94	10	-1	0
10	12	-1	0
12	125	-1	0
125	88	-1	0
88	38	-1	0
38	147	-1	0
147	129	-1	0
129	71	-1	0
71	53	-1	0
53	85	-1	0
85	157	-1	0
157	43	-1	0
43	39	-1	0
39	131	-1	0
131	144	-1	0
144	136	-1	0
136	30	-1	0
30	25	-1	0
25	155	-1	0
155	50	-1	0
50	92	-1	0
92	4	-1	0
4	108	-1	0
108	62	-1	0
62	26	-1	0
26	112	-1	0
112	40	-1	0
40	171	-1	0
171	115	-1	0
115	70	-1	0
70	7	-1	0
7	64	-1	0
64	138	-1	0
138	117	-1	0
117	23	-1	0
23	146	-1	0
146	52	-1	0
52	2	-1	0
2	97	-1	0
97	29	-1	0
29	63	-1	0
63	57	-1	0
57	113	-1	0
113	160	-1	0
160	145	-1	0
145	96	-1	0
96	35	-1	0
35	153	-1	0
153	14	-1	0
14	17	-1	0
17	135	-1	0
135	49	-1	0
49	137	-1	0
137	110	-1	0
110	20	-1	0
20	80	-1	0
80	76	-1	0
76	60	-1	0
60	133	-1	0
133	74	-1	0
74	98	-1	0
98	163	-1	0
163	28	-1	0
28	118	-1	0
118	18	-1	0
18	111	-1	0
111	156	-1	0
156	83	-1	0
83	164	-1	0
164	22	-1	0
22	5	-1	0
5	100	-1	0
100	34	-1	0
34	93	-1	0
93	15	-1	0
15	44	-1	0
44	8	-1	0
8	67	-1	0
67	95	-1	0
95	3	-1	0
3	75	-1	0
75	24	-1	0
24	87	-1	0
87	77	-1	0
77	0	-1	0
