/* Number of Operations */
50
/* List of Operations. */
/* Start	End	Fly	#Internal	Locations...*/
0	17	-1	0
17	25	-1	0
25	37	-1	0
37	2	-1	0
2	43	-1	0
43	44	-1	0
44	45	-1	0
45	18	-1	0
18	29	-1	0
29	28	-1	0
28	49	-1	0
49	42	-1	0
42	9	-1	0
9	32	-1	0
32	34	-1	0
34	8	-1	0
8	20	-1	0
20	14	-1	0
14	36	-1	0
36	48	-1	0
48	5	-1	0
5	4	-1	0
4	38	-1	0
38	46	-1	0
46	35	-1	0
35	19	-1	0
19	22	-1	0
22	27	-1	0
27	21	-1	0
21	13	-1	0
13	40	-1	0
40	24	-1	0
24	33	-1	0
33	30	-1	0
30	11	-1	0
11	10	-1	0
10	26	-1	0
26	3	-1	0
3	23	-1	0
23	16	-1	0
16	1	-1	0
1	7	-1	0
7	6	-1	0
6	41	-1	0
41	39	-1	0
39	31	-1	0
31	12	-1	0
12	47	-1	0
47	15	-1	0
15	0	-1	0
