/* Number of Operations */
175
/* List of Operations. */
/* Start	End	Fly	#Internal	Locations...*/
0	3	-1	0
3	49	-1	0
49	142	-1	0
142	17	-1	0
17	103	-1	0
103	123	-1	0
123	165	-1	0
165	47	-1	0
47	39	-1	0
39	36	-1	0
36	65	-1	0
65	148	-1	0
148	72	-1	0
72	54	-1	0
54	95	-1	0
95	76	-1	0
76	4	-1	0
4	99	-1	0
99	51	-1	0
51	139	-1	0
139	50	-1	0
50	149	-1	0
149	66	-1	0
66	70	-1	0
70	146	-1	0
146	18	-1	0
18	26	-1	0
26	75	-1	0
75	128	-1	0
128	24	-1	0
24	23	-1	0
23	170	-1	0
170	127	-1	0
127	43	-1	0
43	116	-1	0
116	83	-1	0
83	171	-1	0
171	37	-1	0
37	119	-1	0
119	80	-1	0
80	57	-1	0
57	129	-1	0
129	88	-1	0
88	27	-1	0
27	122	-1	0
122	20	-1	0
20	168	-1	0
168	1	-1	0
1	124	-1	0
124	120	-1	0
120	91	-1	0
91	11	-1	0
11	41	-1	0
41	169	-1	0
169	77	-1	0
77	153	-1	0
153	135	-1	0
135	104	-1	0
104	156	-1	0
156	87	-1	0
87	131	-1	0
131	68	-1	0
68	94	-1	0
94	42	-1	0
42	8	-1	0
8	45	-1	0
45	85	-1	0
85	67	-1	0
67	2	-1	0
2	115	-1	0
115	33	-1	0
33	84	-1	0
84	114	-1	0
114	14	-1	0
14	134	-1	0
134	101	-1	0
101	162	-1	0
162	113	-1	0
113	13	-1	0
13	96	-1	0
96	82	-1	0
82	108	-1	0
108	132	-1	0
132	107	-1	0
107	22	-1	0
22	55	-1	0
55	15	-1	0
15	154	-1	0
154	31	-1	0
31	40	-1	0
40	32	-1	0
32	38	-1	0
38	44	-1	0
44	61	-1	0
61	112	-1	0
112	93	-1	0
93	164	-1	0
164	100	-1	0
100	60	-1	0
60	58	-1	0
58	64	-1	0
64	126	-1	0
126	79	-1	0
79	46	-1	0
46	125	-1	0
125	71	-1	0
71	161	-1	0
161	147	-1	0
147	59	-1	0
59	90	-1	0
90	118	-1	0
118	52	-1	0
52	163	-1	0
163	117	-1	0
117	155	-1	0
155	5	-1	0
5	25	-1	0
25	81	-1	0
81	137	-1	0
137	150	-1	0
150	152	-1	0
152	10	-1	0
10	53	-1	0
53	105	-1	0
105	110	-1	0
110	111	-1	0
111	130	-1	0
130	174	-1	0
174	97	-1	0
97	16	-1	0
16	141	-1	0
141	159	-1	0
159	166	-1	0
166	98	-1	0
98	48	-1	0
48	74	-1	0
74	19	-1	0
19	35	-1	0
35	157	-1	0
157	12	-1	0
12	73	-1	0
73	121	-1	0
121	151	-1	0
151	167	-1	0
167	144	-1	0
144	145	-1	0
145	172	-1	0
172	34	-1	0
34	30	-1	0
30	136	-1	0
136	140	-1	0
140	62	-1	0
62	21	-1	0
21	63	-1	0
63	92	-1	0
92	7	-1	0
7	158	-1	0
158	78	-1	0
78	89	-1	0
89	6	-1	0
6	106	-1	0
106	86	-1	0
86	160	-1	0
160	109	-1	0
109	102	-1	0
102	138	-1	0
138	56	-1	0
56	9	-1	0
9	173	-1	0
173	143	-1	0
143	69	-1	0
69	29	-1	0
29	28	-1	0
28	133	-1	0
133	0	-1	0
