/* Number of Operations */
375
/* List of Operations. */
/* Start	End	Fly	#Internal	Locations...*/
0	97	-1	0
97	339	-1	0
339	371	-1	0
371	349	-1	0
349	146	-1	0
146	225	-1	0
225	269	-1	0
269	298	-1	0
298	241	-1	0
241	121	-1	0
121	139	-1	0
139	68	-1	0
68	127	-1	0
127	93	-1	0
93	302	-1	0
302	240	-1	0
240	247	-1	0
247	54	-1	0
54	223	-1	0
223	50	-1	0
50	92	-1	0
92	232	-1	0
232	300	-1	0
300	98	-1	0
98	341	-1	0
341	141	-1	0
141	259	-1	0
259	14	-1	0
14	48	-1	0
48	62	-1	0
62	143	-1	0
143	347	-1	0
347	151	-1	0
151	219	-1	0
219	283	-1	0
283	308	-1	0
308	357	-1	0
357	343	-1	0
343	194	-1	0
194	40	-1	0
40	144	-1	0
144	161	-1	0
161	287	-1	0
287	273	-1	0
273	299	-1	0
299	327	-1	0
327	7	-1	0
7	1	-1	0
1	203	-1	0
203	334	-1	0
334	12	-1	0
12	140	-1	0
140	64	-1	0
64	45	-1	0
45	107	-1	0
107	264	-1	0
264	202	-1	0
202	29	-1	0
29	209	-1	0
209	58	-1	0
58	362	-1	0
362	119	-1	0
119	182	-1	0
182	3	-1	0
3	221	-1	0
221	32	-1	0
32	234	-1	0
234	172	-1	0
172	152	-1	0
152	104	-1	0
104	81	-1	0
81	142	-1	0
142	83	-1	0
83	208	-1	0
208	286	-1	0
286	250	-1	0
250	108	-1	0
108	307	-1	0
307	125	-1	0
125	22	-1	0
22	245	-1	0
245	189	-1	0
189	333	-1	0
333	230	-1	0
230	212	-1	0
212	133	-1	0
133	295	-1	0
295	155	-1	0
155	199	-1	0
199	124	-1	0
124	115	-1	0
115	41	-1	0
41	90	-1	0
90	63	-1	0
63	276	-1	0
276	105	-1	0
105	67	-1	0
67	268	-1	0
268	355	-1	0
355	198	-1	0
198	27	-1	0
27	317	-1	0
317	20	-1	0
20	363	-1	0
363	235	-1	0
235	326	-1	0
326	114	-1	0
114	110	-1	0
110	179	-1	0
179	311	-1	0
311	24	-1	0
24	148	-1	0
148	332	-1	0
332	294	-1	0
294	150	-1	0
150	180	-1	0
180	46	-1	0
46	278	-1	0
278	157	-1	0
157	162	-1	0
162	178	-1	0
178	51	-1	0
51	303	-1	0
303	207	-1	0
207	188	-1	0
188	356	-1	0
356	331	-1	0
331	34	-1	0
34	231	-1	0
231	275	-1	0
275	258	-1	0
258	368	-1	0
368	224	-1	0
224	71	-1	0
71	256	-1	0
256	66	-1	0
66	257	-1	0
257	335	-1	0
335	136	-1	0
136	272	-1	0
272	366	-1	0
366	184	-1	0
184	159	-1	0
159	135	-1	0
135	265	-1	0
265	31	-1	0
31	206	-1	0
206	49	-1	0
49	158	-1	0
158	61	-1	0
61	163	-1	0
163	80	-1	0
80	296	-1	0
296	169	-1	0
169	359	-1	0
359	181	-1	0
181	254	-1	0
254	284	-1	0
284	271	-1	0
271	75	-1	0
75	315	-1	0
315	18	-1	0
18	10	-1	0
10	82	-1	0
82	285	-1	0
285	267	-1	0
267	251	-1	0
251	8	-1	0
8	174	-1	0
174	321	-1	0
321	280	-1	0
280	44	-1	0
44	37	-1	0
37	367	-1	0
367	369	-1	0
369	190	-1	0
190	196	-1	0
196	186	-1	0
186	147	-1	0
147	337	-1	0
337	222	-1	0
222	354	-1	0
354	94	-1	0
94	195	-1	0
195	69	-1	0
69	72	-1	0
72	13	-1	0
13	346	-1	0
346	156	-1	0
156	325	-1	0
325	277	-1	0
277	244	-1	0
244	373	-1	0
373	175	-1	0
175	313	-1	0
313	350	-1	0
350	103	-1	0
103	35	-1	0
35	316	-1	0
316	187	-1	0
187	220	-1	0
220	60	-1	0
60	130	-1	0
130	236	-1	0
236	96	-1	0
96	262	-1	0
262	100	-1	0
100	17	-1	0
17	39	-1	0
39	129	-1	0
129	266	-1	0
266	11	-1	0
11	279	-1	0
279	33	-1	0
33	132	-1	0
132	204	-1	0
204	28	-1	0
28	261	-1	0
261	290	-1	0
290	56	-1	0
56	289	-1	0
289	25	-1	0
25	73	-1	0
73	87	-1	0
87	15	-1	0
15	74	-1	0
74	352	-1	0
352	246	-1	0
246	322	-1	0
322	116	-1	0
116	210	-1	0
210	243	-1	0
243	153	-1	0
153	301	-1	0
301	43	-1	0
43	160	-1	0
160	336	-1	0
336	5	-1	0
5	260	-1	0
260	77	-1	0
77	318	-1	0
318	370	-1	0
370	57	-1	0
57	86	-1	0
86	237	-1	0
237	19	-1	0
19	309	-1	0
309	293	-1	0
293	168	-1	0
168	193	-1	0
193	348	-1	0
348	78	-1	0
78	304	-1	0
304	253	-1	0
253	183	-1	0
183	239	-1	0
239	292	-1	0
292	30	-1	0
30	249	-1	0
249	353	-1	0
353	338	-1	0
338	340	-1	0
340	111	-1	0
111	42	-1	0
42	102	-1	0
102	314	-1	0
314	214	-1	0
214	361	-1	0
361	229	-1	0
229	242	-1	0
242	255	-1	0
255	365	-1	0
365	323	-1	0
323	281	-1	0
281	123	-1	0
123	95	-1	0
95	324	-1	0
324	344	-1	0
344	297	-1	0
297	227	-1	0
227	185	-1	0
185	21	-1	0
21	134	-1	0
134	176	-1	0
176	372	-1	0
372	205	-1	0
205	138	-1	0
138	99	-1	0
99	217	-1	0
217	79	-1	0
79	122	-1	0
122	84	-1	0
84	154	-1	0
154	131	-1	0
131	216	-1	0
216	226	-1	0
226	89	-1	0
89	329	-1	0
329	106	-1	0
106	215	-1	0
215	109	-1	0
109	9	-1	0
9	6	-1	0
6	360	-1	0
360	171	-1	0
171	47	-1	0
47	85	-1	0
85	238	-1	0
238	345	-1	0
345	149	-1	0
149	213	-1	0
213	59	-1	0
59	200	-1	0
200	270	-1	0
270	364	-1	0
364	36	-1	0
36	126	-1	0
126	170	-1	0
170	76	-1	0
76	26	-1	0
26	23	-1	0
23	306	-1	0
306	91	-1	0
91	137	-1	0
137	263	-1	0
263	312	-1	0
312	101	-1	0
101	118	-1	0
118	248	-1	0
248	342	-1	0
342	192	-1	0
192	55	-1	0
55	166	-1	0
166	319	-1	0
319	274	-1	0
274	16	-1	0
16	88	-1	0
88	320	-1	0
320	310	-1	0
310	228	-1	0
228	113	-1	0
113	164	-1	0
164	288	-1	0
288	197	-1	0
197	128	-1	0
128	117	-1	0
117	4	-1	0
4	374	-1	0
374	330	-1	0
330	52	-1	0
52	233	-1	0
233	173	-1	0
173	53	-1	0
53	351	-1	0
351	38	-1	0
38	282	-1	0
282	65	-1	0
65	112	-1	0
112	252	-1	0
252	201	-1	0
201	328	-1	0
328	120	-1	0
120	70	-1	0
70	358	-1	0
358	191	-1	0
191	211	-1	0
211	145	-1	0
145	2	-1	0
2	305	-1	0
305	167	-1	0
167	165	-1	0
165	218	-1	0
218	291	-1	0
291	177	-1	0
177	0	-1	0
