/* Number of Operations */
75
/* List of Operations. */
/* Start	End	Fly	#Internal	Locations...*/
0	17	-1	0
17	26	-1	0
26	40	-1	0
40	11	-1	0
11	53	-1	0
53	31	-1	0
31	35	-1	0
35	67	-1	0
67	49	-1	0
49	28	-1	0
28	25	-1	0
25	9	-1	0
9	39	-1	0
39	32	-1	0
32	74	-1	0
74	34	-1	0
34	20	-1	0
20	36	-1	0
36	27	-1	0
27	58	-1	0
58	64	-1	0
64	52	-1	0
52	60	-1	0
60	45	-1	0
45	24	-1	0
24	7	-1	0
7	29	-1	0
29	47	-1	0
47	73	-1	0
73	70	-1	0
70	14	-1	0
14	43	-1	0
43	2	-1	0
2	72	-1	0
72	41	-1	0
41	55	-1	0
55	4	-1	0
4	56	-1	0
56	54	-1	0
54	69	-1	0
69	19	-1	0
19	8	-1	0
8	5	-1	0
5	6	-1	0
6	1	-1	0
1	61	-1	0
61	22	-1	0
22	21	-1	0
21	3	-1	0
3	51	-1	0
51	38	-1	0
38	57	-1	0
57	65	-1	0
65	37	-1	0
37	63	-1	0
63	15	-1	0
15	62	-1	0
62	48	-1	0
48	30	-1	0
30	68	-1	0
68	50	-1	0
50	44	-1	0
44	23	-1	0
23	71	-1	0
71	18	-1	0
18	16	-1	0
16	66	-1	0
66	46	-1	0
46	42	-1	0
42	10	-1	0
10	59	-1	0
59	12	-1	0
12	33	-1	0
33	13	-1	0
13	0	-1	0
