/* Number of Operations */
250
/* List of Operations. */
/* Start	End	Fly	#Internal	Locations...*/
0	194	-1	0
194	50	-1	0
50	223	-1	0
223	213	-1	0
213	2	-1	0
2	19	-1	0
19	114	-1	0
114	98	-1	0
98	136	-1	0
136	222	-1	0
222	193	-1	0
193	53	-1	0
53	54	-1	0
54	93	-1	0
93	159	-1	0
159	245	-1	0
245	79	-1	0
79	109	-1	0
109	41	-1	0
41	224	-1	0
224	248	-1	0
248	20	-1	0
20	82	-1	0
82	178	-1	0
178	132	-1	0
132	210	-1	0
210	236	-1	0
236	233	-1	0
233	140	-1	0
140	16	-1	0
16	24	-1	0
24	156	-1	0
156	18	-1	0
18	48	-1	0
48	188	-1	0
188	241	-1	0
241	83	-1	0
83	101	-1	0
101	38	-1	0
38	40	-1	0
40	64	-1	0
64	138	-1	0
138	220	-1	0
220	70	-1	0
70	25	-1	0
25	8	-1	0
8	89	-1	0
89	238	-1	0
238	106	-1	0
106	128	-1	0
128	177	-1	0
177	80	-1	0
80	66	-1	0
66	27	-1	0
27	122	-1	0
122	13	-1	0
13	116	-1	0
116	225	-1	0
225	227	-1	0
227	90	-1	0
90	244	-1	0
244	36	-1	0
36	176	-1	0
176	247	-1	0
247	160	-1	0
160	81	-1	0
81	10	-1	0
10	182	-1	0
182	183	-1	0
183	229	-1	0
229	154	-1	0
154	34	-1	0
34	21	-1	0
21	168	-1	0
168	51	-1	0
51	145	-1	0
145	149	-1	0
149	113	-1	0
113	35	-1	0
35	219	-1	0
219	226	-1	0
226	240	-1	0
240	235	-1	0
235	52	-1	0
52	99	-1	0
99	77	-1	0
77	166	-1	0
166	56	-1	0
56	118	-1	0
118	129	-1	0
129	161	-1	0
161	198	-1	0
198	239	-1	0
239	205	-1	0
205	157	-1	0
157	242	-1	0
242	207	-1	0
207	164	-1	0
164	135	-1	0
135	150	-1	0
150	92	-1	0
92	146	-1	0
146	112	-1	0
112	204	-1	0
204	221	-1	0
221	189	-1	0
189	162	-1	0
162	211	-1	0
211	119	-1	0
119	58	-1	0
58	153	-1	0
153	86	-1	0
86	179	-1	0
179	111	-1	0
111	39	-1	0
39	151	-1	0
151	139	-1	0
139	28	-1	0
28	249	-1	0
249	88	-1	0
88	169	-1	0
169	208	-1	0
208	173	-1	0
173	102	-1	0
102	3	-1	0
3	68	-1	0
68	202	-1	0
202	234	-1	0
234	184	-1	0
184	203	-1	0
203	124	-1	0
124	44	-1	0
44	30	-1	0
30	217	-1	0
217	1	-1	0
1	171	-1	0
171	230	-1	0
230	144	-1	0
144	105	-1	0
105	73	-1	0
73	167	-1	0
167	196	-1	0
196	175	-1	0
175	186	-1	0
186	72	-1	0
72	84	-1	0
84	42	-1	0
42	49	-1	0
49	134	-1	0
134	57	-1	0
57	61	-1	0
61	130	-1	0
130	17	-1	0
17	187	-1	0
187	115	-1	0
115	103	-1	0
103	71	-1	0
71	228	-1	0
228	237	-1	0
237	215	-1	0
215	46	-1	0
46	95	-1	0
95	199	-1	0
199	190	-1	0
190	200	-1	0
200	26	-1	0
26	158	-1	0
158	47	-1	0
47	174	-1	0
174	29	-1	0
29	5	-1	0
5	33	-1	0
33	107	-1	0
107	131	-1	0
131	32	-1	0
32	185	-1	0
185	15	-1	0
15	180	-1	0
180	218	-1	0
218	191	-1	0
191	85	-1	0
85	60	-1	0
60	65	-1	0
65	62	-1	0
62	9	-1	0
9	142	-1	0
142	148	-1	0
148	74	-1	0
74	231	-1	0
231	155	-1	0
155	45	-1	0
45	246	-1	0
246	214	-1	0
214	91	-1	0
91	87	-1	0
87	201	-1	0
201	137	-1	0
137	165	-1	0
165	143	-1	0
143	43	-1	0
43	181	-1	0
181	123	-1	0
123	104	-1	0
104	232	-1	0
232	14	-1	0
14	121	-1	0
121	141	-1	0
141	6	-1	0
6	12	-1	0
12	216	-1	0
216	120	-1	0
120	206	-1	0
206	55	-1	0
55	195	-1	0
195	23	-1	0
23	69	-1	0
69	170	-1	0
170	163	-1	0
163	59	-1	0
59	96	-1	0
96	7	-1	0
7	31	-1	0
31	212	-1	0
212	78	-1	0
78	110	-1	0
110	197	-1	0
197	94	-1	0
94	75	-1	0
75	108	-1	0
108	172	-1	0
172	127	-1	0
127	63	-1	0
63	152	-1	0
152	11	-1	0
11	22	-1	0
22	126	-1	0
126	125	-1	0
125	76	-1	0
76	97	-1	0
97	192	-1	0
192	67	-1	0
67	147	-1	0
147	133	-1	0
133	243	-1	0
243	100	-1	0
100	117	-1	0
117	209	-1	0
209	37	-1	0
37	4	-1	0
4	0	-1	0
