/* Number of Operations */
250
/* List of Operations. */
/* Start	End	Fly	#Internal	Locations...*/
0	189	-1	0
189	8	-1	0
8	88	-1	0
88	170	-1	0
170	175	-1	0
175	194	-1	0
194	226	-1	0
226	47	-1	0
47	38	-1	0
38	223	-1	0
223	209	-1	0
209	208	-1	0
208	186	-1	0
186	121	-1	0
121	55	-1	0
55	199	-1	0
199	249	-1	0
249	73	-1	0
73	4	-1	0
4	15	-1	0
15	24	-1	0
24	53	-1	0
53	178	-1	0
178	52	-1	0
52	28	-1	0
28	198	-1	0
198	147	-1	0
147	36	-1	0
36	70	-1	0
70	99	-1	0
99	219	-1	0
219	133	-1	0
133	179	-1	0
179	103	-1	0
103	16	-1	0
16	202	-1	0
202	130	-1	0
130	30	-1	0
30	7	-1	0
7	192	-1	0
192	236	-1	0
236	167	-1	0
167	49	-1	0
49	210	-1	0
210	152	-1	0
152	11	-1	0
11	46	-1	0
46	163	-1	0
163	193	-1	0
193	127	-1	0
127	148	-1	0
148	33	-1	0
33	244	-1	0
244	95	-1	0
95	66	-1	0
66	76	-1	0
76	138	-1	0
138	136	-1	0
136	156	-1	0
156	231	-1	0
231	20	-1	0
20	19	-1	0
19	234	-1	0
234	154	-1	0
154	183	-1	0
183	13	-1	0
13	48	-1	0
48	3	-1	0
3	145	-1	0
145	102	-1	0
102	139	-1	0
139	206	-1	0
206	32	-1	0
32	164	-1	0
164	57	-1	0
57	125	-1	0
125	144	-1	0
144	18	-1	0
18	220	-1	0
220	162	-1	0
162	201	-1	0
201	61	-1	0
61	195	-1	0
195	176	-1	0
176	50	-1	0
50	37	-1	0
37	92	-1	0
92	173	-1	0
173	75	-1	0
75	120	-1	0
120	228	-1	0
228	98	-1	0
98	241	-1	0
241	184	-1	0
184	172	-1	0
172	140	-1	0
140	204	-1	0
204	191	-1	0
191	51	-1	0
51	126	-1	0
126	35	-1	0
35	188	-1	0
188	155	-1	0
155	230	-1	0
230	131	-1	0
131	56	-1	0
56	54	-1	0
54	196	-1	0
196	214	-1	0
214	77	-1	0
77	141	-1	0
141	123	-1	0
123	89	-1	0
89	100	-1	0
100	93	-1	0
93	211	-1	0
211	166	-1	0
166	168	-1	0
168	150	-1	0
150	132	-1	0
132	79	-1	0
79	23	-1	0
23	225	-1	0
225	44	-1	0
44	81	-1	0
81	197	-1	0
197	174	-1	0
174	224	-1	0
224	94	-1	0
94	17	-1	0
17	118	-1	0
118	216	-1	0
216	215	-1	0
215	151	-1	0
151	107	-1	0
107	146	-1	0
146	227	-1	0
227	233	-1	0
233	25	-1	0
25	6	-1	0
6	74	-1	0
74	91	-1	0
91	205	-1	0
205	113	-1	0
113	232	-1	0
232	165	-1	0
165	169	-1	0
169	245	-1	0
245	185	-1	0
185	69	-1	0
69	40	-1	0
40	12	-1	0
12	114	-1	0
114	71	-1	0
71	14	-1	0
14	86	-1	0
86	180	-1	0
180	72	-1	0
72	181	-1	0
181	129	-1	0
129	237	-1	0
237	239	-1	0
239	112	-1	0
112	153	-1	0
153	171	-1	0
171	187	-1	0
187	39	-1	0
39	68	-1	0
68	134	-1	0
134	137	-1	0
137	213	-1	0
213	190	-1	0
190	22	-1	0
22	111	-1	0
111	122	-1	0
122	21	-1	0
21	9	-1	0
9	5	-1	0
5	161	-1	0
161	96	-1	0
96	34	-1	0
34	200	-1	0
200	160	-1	0
160	60	-1	0
60	83	-1	0
83	82	-1	0
82	218	-1	0
218	115	-1	0
115	27	-1	0
27	117	-1	0
117	42	-1	0
42	203	-1	0
203	177	-1	0
177	217	-1	0
217	235	-1	0
235	97	-1	0
97	182	-1	0
182	240	-1	0
240	246	-1	0
246	247	-1	0
247	90	-1	0
90	110	-1	0
110	67	-1	0
67	119	-1	0
119	85	-1	0
85	135	-1	0
135	238	-1	0
238	212	-1	0
212	29	-1	0
29	41	-1	0
41	243	-1	0
243	1	-1	0
1	26	-1	0
26	87	-1	0
87	63	-1	0
63	62	-1	0
62	158	-1	0
158	142	-1	0
142	116	-1	0
116	109	-1	0
109	106	-1	0
106	64	-1	0
64	229	-1	0
229	248	-1	0
248	2	-1	0
2	157	-1	0
157	143	-1	0
143	124	-1	0
124	78	-1	0
78	59	-1	0
59	128	-1	0
128	221	-1	0
221	84	-1	0
84	105	-1	0
105	65	-1	0
65	31	-1	0
31	58	-1	0
58	207	-1	0
207	43	-1	0
43	149	-1	0
149	101	-1	0
101	159	-1	0
159	104	-1	0
104	108	-1	0
108	222	-1	0
222	45	-1	0
45	80	-1	0
80	242	-1	0
242	10	-1	0
10	0	-1	0
