/* Number of Operations */
250
/* List of Operations. */
/* Start	End	Fly	#Internal	Locations...*/
0	73	-1	0
73	134	-1	0
134	140	-1	0
140	18	-1	0
18	157	-1	0
157	169	-1	0
169	117	-1	0
117	12	-1	0
12	76	-1	0
76	94	-1	0
94	177	-1	0
177	124	-1	0
124	187	-1	0
187	119	-1	0
119	85	-1	0
85	19	-1	0
19	132	-1	0
132	44	-1	0
44	58	-1	0
58	80	-1	0
80	234	-1	0
234	244	-1	0
244	104	-1	0
104	8	-1	0
8	219	-1	0
219	221	-1	0
221	240	-1	0
240	202	-1	0
202	182	-1	0
182	21	-1	0
21	110	-1	0
110	214	-1	0
214	61	-1	0
61	97	-1	0
97	228	-1	0
228	184	-1	0
184	217	-1	0
217	57	-1	0
57	53	-1	0
53	172	-1	0
172	205	-1	0
205	166	-1	0
166	92	-1	0
92	62	-1	0
62	225	-1	0
225	1	-1	0
1	74	-1	0
74	82	-1	0
82	156	-1	0
156	89	-1	0
89	236	-1	0
236	206	-1	0
206	216	-1	0
216	144	-1	0
144	227	-1	0
227	83	-1	0
83	113	-1	0
113	14	-1	0
14	52	-1	0
52	118	-1	0
118	188	-1	0
188	39	-1	0
39	191	-1	0
191	201	-1	0
201	136	-1	0
136	67	-1	0
67	48	-1	0
48	154	-1	0
154	230	-1	0
230	213	-1	0
213	208	-1	0
208	159	-1	0
159	49	-1	0
49	51	-1	0
51	141	-1	0
141	50	-1	0
50	72	-1	0
72	100	-1	0
100	20	-1	0
20	32	-1	0
32	116	-1	0
116	174	-1	0
174	31	-1	0
31	101	-1	0
101	175	-1	0
175	15	-1	0
15	88	-1	0
88	4	-1	0
4	127	-1	0
127	86	-1	0
86	54	-1	0
54	91	-1	0
91	9	-1	0
9	161	-1	0
161	65	-1	0
65	115	-1	0
115	122	-1	0
122	108	-1	0
108	149	-1	0
149	145	-1	0
145	47	-1	0
47	131	-1	0
131	243	-1	0
243	71	-1	0
71	247	-1	0
247	196	-1	0
196	204	-1	0
204	165	-1	0
165	11	-1	0
11	106	-1	0
106	138	-1	0
138	181	-1	0
181	168	-1	0
168	90	-1	0
90	33	-1	0
33	60	-1	0
60	171	-1	0
171	23	-1	0
23	173	-1	0
173	162	-1	0
162	231	-1	0
231	226	-1	0
226	68	-1	0
68	17	-1	0
17	147	-1	0
147	35	-1	0
35	10	-1	0
10	5	-1	0
5	220	-1	0
220	36	-1	0
36	43	-1	0
43	38	-1	0
38	133	-1	0
133	105	-1	0
105	151	-1	0
151	163	-1	0
163	198	-1	0
198	121	-1	0
121	248	-1	0
248	167	-1	0
167	232	-1	0
232	96	-1	0
96	93	-1	0
93	84	-1	0
84	176	-1	0
176	102	-1	0
102	130	-1	0
130	233	-1	0
233	24	-1	0
24	239	-1	0
239	215	-1	0
215	190	-1	0
190	77	-1	0
77	189	-1	0
189	170	-1	0
170	22	-1	0
22	125	-1	0
125	229	-1	0
229	2	-1	0
2	41	-1	0
41	224	-1	0
224	218	-1	0
218	152	-1	0
152	63	-1	0
63	246	-1	0
246	30	-1	0
30	245	-1	0
245	126	-1	0
126	99	-1	0
99	160	-1	0
160	42	-1	0
42	158	-1	0
158	27	-1	0
27	64	-1	0
64	210	-1	0
210	197	-1	0
197	3	-1	0
3	199	-1	0
199	98	-1	0
98	109	-1	0
109	28	-1	0
28	123	-1	0
123	70	-1	0
70	29	-1	0
29	192	-1	0
192	146	-1	0
146	25	-1	0
25	186	-1	0
186	59	-1	0
59	148	-1	0
148	211	-1	0
211	193	-1	0
193	179	-1	0
179	135	-1	0
135	128	-1	0
128	7	-1	0
7	87	-1	0
87	16	-1	0
16	195	-1	0
195	183	-1	0
183	212	-1	0
212	55	-1	0
55	237	-1	0
237	129	-1	0
129	26	-1	0
26	223	-1	0
223	107	-1	0
107	155	-1	0
155	235	-1	0
235	78	-1	0
78	137	-1	0
137	6	-1	0
6	139	-1	0
139	114	-1	0
114	164	-1	0
164	209	-1	0
209	222	-1	0
222	180	-1	0
180	200	-1	0
200	241	-1	0
241	194	-1	0
194	75	-1	0
75	34	-1	0
34	185	-1	0
185	45	-1	0
45	103	-1	0
103	112	-1	0
112	40	-1	0
40	203	-1	0
203	13	-1	0
13	153	-1	0
153	142	-1	0
142	207	-1	0
207	46	-1	0
46	81	-1	0
81	120	-1	0
120	66	-1	0
66	95	-1	0
95	111	-1	0
111	143	-1	0
143	69	-1	0
69	79	-1	0
79	238	-1	0
238	249	-1	0
249	56	-1	0
56	37	-1	0
37	242	-1	0
242	150	-1	0
150	178	-1	0
178	0	-1	0
