/* Number of Operations */
50
/* List of Operations. */
/* Start	End	Fly	#Internal	Locations...*/
0	19	-1	0
19	40	-1	0
40	46	-1	0
46	14	-1	0
14	21	-1	0
21	47	-1	0
47	32	-1	0
32	1	-1	0
1	45	-1	0
45	25	-1	0
25	29	-1	0
29	44	-1	0
44	37	-1	0
37	13	-1	0
13	26	-1	0
26	3	-1	0
3	33	-1	0
33	20	-1	0
20	6	-1	0
6	49	-1	0
49	48	-1	0
48	7	-1	0
7	27	-1	0
27	16	-1	0
16	38	-1	0
38	2	-1	0
2	18	-1	0
18	22	-1	0
22	30	-1	0
30	9	-1	0
9	5	-1	0
5	24	-1	0
24	17	-1	0
17	23	-1	0
23	41	-1	0
41	43	-1	0
43	15	-1	0
15	35	-1	0
35	4	-1	0
4	34	-1	0
34	8	-1	0
8	36	-1	0
36	31	-1	0
31	39	-1	0
39	42	-1	0
42	10	-1	0
10	28	-1	0
28	12	-1	0
12	11	-1	0
11	0	-1	0
