/* Number of Operations */
50
/* List of Operations. */
/* Start	End	Fly	#Internal	Locations...*/
0	19	-1	0
19	13	-1	0
13	49	-1	0
49	9	-1	0
9	43	-1	0
43	6	-1	0
6	5	-1	0
5	30	-1	0
30	12	-1	0
12	32	-1	0
32	29	-1	0
29	42	-1	0
42	45	-1	0
45	46	-1	0
46	2	-1	0
2	1	-1	0
1	33	-1	0
33	44	-1	0
44	14	-1	0
14	38	-1	0
38	47	-1	0
47	35	-1	0
35	23	-1	0
23	15	-1	0
15	20	-1	0
20	28	-1	0
28	4	-1	0
4	7	-1	0
7	21	-1	0
21	16	-1	0
16	37	-1	0
37	40	-1	0
40	39	-1	0
39	8	-1	0
8	27	-1	0
27	17	-1	0
17	11	-1	0
11	26	-1	0
26	34	-1	0
34	48	-1	0
48	24	-1	0
24	36	-1	0
36	18	-1	0
18	31	-1	0
31	25	-1	0
25	10	-1	0
10	3	-1	0
3	41	-1	0
41	22	-1	0
22	0	-1	0
