/* Number of Operations */
75
/* List of Operations. */
/* Start	End	Fly	#Internal	Locations...*/
0	67	-1	0
67	11	-1	0
11	62	-1	0
62	54	-1	0
54	61	-1	0
61	9	-1	0
9	70	-1	0
70	51	-1	0
51	15	-1	0
15	10	-1	0
10	72	-1	0
72	29	-1	0
29	18	-1	0
18	35	-1	0
35	37	-1	0
37	40	-1	0
40	68	-1	0
68	26	-1	0
26	53	-1	0
53	8	-1	0
8	56	-1	0
56	6	-1	0
6	47	-1	0
47	27	-1	0
27	32	-1	0
32	25	-1	0
25	66	-1	0
66	55	-1	0
55	57	-1	0
57	50	-1	0
50	41	-1	0
41	16	-1	0
16	43	-1	0
43	33	-1	0
33	52	-1	0
52	73	-1	0
73	36	-1	0
36	24	-1	0
24	59	-1	0
59	74	-1	0
74	28	-1	0
28	21	-1	0
21	64	-1	0
64	63	-1	0
63	30	-1	0
30	7	-1	0
7	71	-1	0
71	42	-1	0
42	22	-1	0
22	14	-1	0
14	58	-1	0
58	60	-1	0
60	3	-1	0
3	65	-1	0
65	44	-1	0
44	38	-1	0
38	69	-1	0
69	2	-1	0
2	39	-1	0
39	49	-1	0
49	31	-1	0
31	4	-1	0
4	45	-1	0
45	12	-1	0
12	13	-1	0
13	19	-1	0
19	34	-1	0
34	1	-1	0
1	17	-1	0
17	20	-1	0
20	23	-1	0
23	48	-1	0
48	46	-1	0
46	5	-1	0
5	0	-1	0
