/* Number of Operations */
100
/* List of Operations. */
/* Start	End	Fly	#Internal	Locations...*/
0	70	-1	0
70	80	-1	0
80	39	-1	0
39	25	-1	0
25	29	-1	0
29	32	-1	0
32	67	-1	0
67	23	-1	0
23	35	-1	0
35	55	-1	0
55	59	-1	0
59	12	-1	0
12	56	-1	0
56	2	-1	0
2	30	-1	0
30	1	-1	0
1	81	-1	0
81	65	-1	0
65	60	-1	0
60	6	-1	0
6	90	-1	0
90	37	-1	0
37	84	-1	0
84	61	-1	0
61	94	-1	0
94	85	-1	0
85	71	-1	0
71	5	-1	0
5	62	-1	0
62	31	-1	0
31	50	-1	0
50	57	-1	0
57	20	-1	0
20	51	-1	0
51	77	-1	0
77	8	-1	0
8	21	-1	0
21	73	-1	0
73	89	-1	0
89	75	-1	0
75	92	-1	0
92	54	-1	0
54	83	-1	0
83	66	-1	0
66	9	-1	0
9	99	-1	0
99	34	-1	0
34	13	-1	0
13	72	-1	0
72	58	-1	0
58	96	-1	0
96	7	-1	0
7	98	-1	0
98	52	-1	0
52	69	-1	0
69	28	-1	0
28	41	-1	0
41	22	-1	0
22	33	-1	0
33	24	-1	0
24	44	-1	0
44	76	-1	0
76	38	-1	0
38	19	-1	0
19	17	-1	0
17	10	-1	0
10	95	-1	0
95	40	-1	0
40	4	-1	0
4	64	-1	0
64	11	-1	0
11	45	-1	0
45	68	-1	0
68	15	-1	0
15	43	-1	0
43	86	-1	0
86	82	-1	0
82	91	-1	0
91	3	-1	0
3	53	-1	0
53	78	-1	0
78	42	-1	0
42	36	-1	0
36	14	-1	0
14	47	-1	0
47	87	-1	0
87	26	-1	0
26	93	-1	0
93	88	-1	0
88	63	-1	0
63	97	-1	0
97	46	-1	0
46	49	-1	0
49	16	-1	0
16	18	-1	0
18	79	-1	0
79	74	-1	0
74	27	-1	0
27	48	-1	0
48	0	-1	0
