/* Number of Operations */
175
/* List of Operations. */
/* Start	End	Fly	#Internal	Locations...*/
0	161	-1	0
161	49	-1	0
49	43	-1	0
43	104	-1	0
104	152	-1	0
152	45	-1	0
45	91	-1	0
91	128	-1	0
128	29	-1	0
29	64	-1	0
64	158	-1	0
158	164	-1	0
164	92	-1	0
92	55	-1	0
55	168	-1	0
168	163	-1	0
163	159	-1	0
159	156	-1	0
156	174	-1	0
174	165	-1	0
165	79	-1	0
79	67	-1	0
67	127	-1	0
127	134	-1	0
134	51	-1	0
51	50	-1	0
50	82	-1	0
82	9	-1	0
9	116	-1	0
116	23	-1	0
23	114	-1	0
114	60	-1	0
60	32	-1	0
32	111	-1	0
111	124	-1	0
124	142	-1	0
142	173	-1	0
173	24	-1	0
24	99	-1	0
99	14	-1	0
14	85	-1	0
85	33	-1	0
33	27	-1	0
27	61	-1	0
61	100	-1	0
100	62	-1	0
62	118	-1	0
118	150	-1	0
150	112	-1	0
112	139	-1	0
139	57	-1	0
57	20	-1	0
20	130	-1	0
130	94	-1	0
94	153	-1	0
153	6	-1	0
6	145	-1	0
145	77	-1	0
77	131	-1	0
131	88	-1	0
88	126	-1	0
126	74	-1	0
74	155	-1	0
155	53	-1	0
53	144	-1	0
144	3	-1	0
3	47	-1	0
47	135	-1	0
135	12	-1	0
12	83	-1	0
83	122	-1	0
122	63	-1	0
63	141	-1	0
141	30	-1	0
30	123	-1	0
123	7	-1	0
7	143	-1	0
143	86	-1	0
86	107	-1	0
107	71	-1	0
71	21	-1	0
21	11	-1	0
11	133	-1	0
133	157	-1	0
157	120	-1	0
120	70	-1	0
70	101	-1	0
101	15	-1	0
15	171	-1	0
171	42	-1	0
42	125	-1	0
125	52	-1	0
52	65	-1	0
65	119	-1	0
119	103	-1	0
103	97	-1	0
97	90	-1	0
90	1	-1	0
1	56	-1	0
56	36	-1	0
36	162	-1	0
162	98	-1	0
98	69	-1	0
69	2	-1	0
2	13	-1	0
13	146	-1	0
146	10	-1	0
10	106	-1	0
106	8	-1	0
8	54	-1	0
54	37	-1	0
37	76	-1	0
76	147	-1	0
147	108	-1	0
108	19	-1	0
19	151	-1	0
151	31	-1	0
31	149	-1	0
149	17	-1	0
17	154	-1	0
154	66	-1	0
66	113	-1	0
113	140	-1	0
140	4	-1	0
4	81	-1	0
81	78	-1	0
78	28	-1	0
28	39	-1	0
39	115	-1	0
115	35	-1	0
35	26	-1	0
26	59	-1	0
59	48	-1	0
48	93	-1	0
93	160	-1	0
160	170	-1	0
170	25	-1	0
25	95	-1	0
95	87	-1	0
87	84	-1	0
84	172	-1	0
172	121	-1	0
121	5	-1	0
5	105	-1	0
105	137	-1	0
137	38	-1	0
38	80	-1	0
80	72	-1	0
72	34	-1	0
34	148	-1	0
148	138	-1	0
138	46	-1	0
46	16	-1	0
16	102	-1	0
102	167	-1	0
167	89	-1	0
89	40	-1	0
40	96	-1	0
96	129	-1	0
129	68	-1	0
68	169	-1	0
169	110	-1	0
110	166	-1	0
166	58	-1	0
58	109	-1	0
109	132	-1	0
132	22	-1	0
22	41	-1	0
41	136	-1	0
136	117	-1	0
117	18	-1	0
18	75	-1	0
75	44	-1	0
44	73	-1	0
73	0	-1	0
