/* Number of Operations */
175
/* List of Operations. */
/* Start	End	Fly	#Internal	Locations...*/
0	118	-1	0
118	169	-1	0
169	1	-1	0
1	101	-1	0
101	93	-1	0
93	72	-1	0
72	150	-1	0
150	10	-1	0
10	99	-1	0
99	52	-1	0
52	142	-1	0
142	28	-1	0
28	35	-1	0
35	158	-1	0
158	139	-1	0
139	117	-1	0
117	55	-1	0
55	65	-1	0
65	12	-1	0
12	124	-1	0
124	138	-1	0
138	131	-1	0
131	145	-1	0
145	106	-1	0
106	105	-1	0
105	130	-1	0
130	53	-1	0
53	48	-1	0
48	36	-1	0
36	96	-1	0
96	155	-1	0
155	25	-1	0
25	83	-1	0
83	152	-1	0
152	127	-1	0
127	116	-1	0
116	5	-1	0
5	74	-1	0
74	61	-1	0
61	84	-1	0
84	46	-1	0
46	75	-1	0
75	111	-1	0
111	100	-1	0
100	64	-1	0
64	86	-1	0
86	73	-1	0
73	70	-1	0
70	147	-1	0
147	68	-1	0
68	13	-1	0
13	6	-1	0
6	108	-1	0
108	115	-1	0
115	163	-1	0
163	78	-1	0
78	44	-1	0
44	56	-1	0
56	22	-1	0
22	11	-1	0
11	122	-1	0
122	7	-1	0
7	112	-1	0
112	170	-1	0
170	173	-1	0
173	27	-1	0
27	133	-1	0
133	156	-1	0
156	107	-1	0
107	19	-1	0
19	123	-1	0
123	95	-1	0
95	50	-1	0
50	20	-1	0
20	24	-1	0
24	39	-1	0
39	17	-1	0
17	66	-1	0
66	9	-1	0
9	144	-1	0
144	23	-1	0
23	89	-1	0
89	85	-1	0
85	167	-1	0
167	148	-1	0
148	161	-1	0
161	128	-1	0
128	30	-1	0
30	162	-1	0
162	171	-1	0
171	97	-1	0
97	81	-1	0
81	164	-1	0
164	174	-1	0
174	29	-1	0
29	132	-1	0
132	153	-1	0
153	91	-1	0
91	14	-1	0
14	42	-1	0
42	31	-1	0
31	90	-1	0
90	94	-1	0
94	38	-1	0
38	172	-1	0
172	114	-1	0
114	15	-1	0
15	57	-1	0
57	109	-1	0
109	136	-1	0
136	88	-1	0
88	2	-1	0
2	18	-1	0
18	92	-1	0
92	135	-1	0
135	33	-1	0
33	43	-1	0
43	154	-1	0
154	119	-1	0
119	26	-1	0
26	126	-1	0
126	160	-1	0
160	143	-1	0
143	129	-1	0
129	4	-1	0
4	168	-1	0
168	103	-1	0
103	87	-1	0
87	54	-1	0
54	32	-1	0
32	69	-1	0
69	102	-1	0
102	51	-1	0
51	98	-1	0
98	16	-1	0
16	76	-1	0
76	8	-1	0
8	49	-1	0
49	63	-1	0
63	140	-1	0
140	137	-1	0
137	146	-1	0
146	166	-1	0
166	157	-1	0
157	165	-1	0
165	125	-1	0
125	71	-1	0
71	60	-1	0
60	41	-1	0
41	45	-1	0
45	79	-1	0
79	110	-1	0
110	141	-1	0
141	104	-1	0
104	121	-1	0
121	82	-1	0
82	37	-1	0
37	77	-1	0
77	134	-1	0
134	3	-1	0
3	40	-1	0
40	113	-1	0
113	58	-1	0
58	59	-1	0
59	21	-1	0
21	149	-1	0
149	120	-1	0
120	62	-1	0
62	67	-1	0
67	47	-1	0
47	80	-1	0
80	34	-1	0
34	151	-1	0
151	159	-1	0
159	0	-1	0
