/* Number of Operations */
500
/* List of Operations. */
/* Start	End	Fly	#Internal	Locations...*/
0	222	-1	0
222	323	-1	0
323	494	-1	0
494	24	-1	0
24	488	-1	0
488	173	-1	0
173	243	-1	0
243	330	-1	0
330	217	-1	0
217	413	-1	0
413	298	-1	0
298	418	-1	0
418	17	-1	0
17	18	-1	0
18	53	-1	0
53	155	-1	0
155	157	-1	0
157	310	-1	0
310	262	-1	0
262	133	-1	0
133	317	-1	0
317	16	-1	0
16	224	-1	0
224	160	-1	0
160	57	-1	0
57	156	-1	0
156	400	-1	0
400	304	-1	0
304	331	-1	0
331	12	-1	0
12	291	-1	0
291	25	-1	0
25	152	-1	0
152	288	-1	0
288	268	-1	0
268	20	-1	0
20	253	-1	0
253	135	-1	0
135	350	-1	0
350	379	-1	0
379	119	-1	0
119	450	-1	0
450	301	-1	0
301	194	-1	0
194	114	-1	0
114	104	-1	0
104	240	-1	0
240	89	-1	0
89	287	-1	0
287	131	-1	0
131	360	-1	0
360	113	-1	0
113	370	-1	0
370	230	-1	0
230	327	-1	0
327	290	-1	0
290	460	-1	0
460	351	-1	0
351	255	-1	0
255	148	-1	0
148	381	-1	0
381	172	-1	0
172	110	-1	0
110	409	-1	0
409	232	-1	0
232	417	-1	0
417	79	-1	0
79	216	-1	0
216	320	-1	0
320	236	-1	0
236	212	-1	0
212	333	-1	0
333	358	-1	0
358	108	-1	0
108	364	-1	0
364	28	-1	0
28	81	-1	0
81	107	-1	0
107	263	-1	0
263	199	-1	0
199	166	-1	0
166	468	-1	0
468	1	-1	0
1	10	-1	0
10	192	-1	0
192	446	-1	0
446	207	-1	0
207	68	-1	0
68	319	-1	0
319	118	-1	0
118	209	-1	0
209	346	-1	0
346	33	-1	0
33	315	-1	0
315	40	-1	0
40	284	-1	0
284	45	-1	0
45	498	-1	0
498	137	-1	0
137	388	-1	0
388	250	-1	0
250	149	-1	0
149	163	-1	0
163	39	-1	0
39	213	-1	0
213	313	-1	0
313	267	-1	0
267	29	-1	0
29	205	-1	0
205	273	-1	0
273	90	-1	0
90	344	-1	0
344	188	-1	0
188	438	-1	0
438	144	-1	0
144	266	-1	0
266	366	-1	0
366	125	-1	0
125	129	-1	0
129	444	-1	0
444	445	-1	0
445	167	-1	0
167	277	-1	0
277	386	-1	0
386	174	-1	0
174	186	-1	0
186	169	-1	0
169	412	-1	0
412	200	-1	0
200	428	-1	0
428	225	-1	0
225	466	-1	0
466	64	-1	0
64	286	-1	0
286	394	-1	0
394	47	-1	0
47	100	-1	0
100	36	-1	0
36	235	-1	0
235	98	-1	0
98	147	-1	0
147	182	-1	0
182	484	-1	0
484	343	-1	0
343	432	-1	0
432	447	-1	0
447	227	-1	0
227	303	-1	0
303	211	-1	0
211	419	-1	0
419	457	-1	0
457	392	-1	0
392	83	-1	0
83	479	-1	0
479	203	-1	0
203	434	-1	0
434	109	-1	0
109	449	-1	0
449	292	-1	0
292	134	-1	0
134	429	-1	0
429	93	-1	0
93	422	-1	0
422	340	-1	0
340	382	-1	0
382	22	-1	0
22	464	-1	0
464	127	-1	0
127	175	-1	0
175	161	-1	0
161	19	-1	0
19	206	-1	0
206	275	-1	0
275	34	-1	0
34	193	-1	0
193	380	-1	0
380	96	-1	0
96	477	-1	0
477	354	-1	0
354	377	-1	0
377	473	-1	0
473	154	-1	0
154	436	-1	0
436	254	-1	0
254	337	-1	0
337	238	-1	0
238	276	-1	0
276	308	-1	0
308	499	-1	0
499	489	-1	0
489	77	-1	0
77	170	-1	0
170	72	-1	0
72	51	-1	0
51	481	-1	0
481	374	-1	0
374	372	-1	0
372	76	-1	0
76	265	-1	0
265	395	-1	0
395	367	-1	0
367	234	-1	0
234	259	-1	0
259	393	-1	0
393	123	-1	0
123	126	-1	0
126	283	-1	0
283	430	-1	0
430	329	-1	0
329	305	-1	0
305	497	-1	0
497	94	-1	0
94	164	-1	0
164	252	-1	0
252	433	-1	0
433	427	-1	0
427	401	-1	0
401	451	-1	0
451	197	-1	0
197	80	-1	0
80	485	-1	0
485	27	-1	0
27	247	-1	0
247	476	-1	0
476	237	-1	0
237	295	-1	0
295	463	-1	0
463	368	-1	0
368	120	-1	0
120	467	-1	0
467	159	-1	0
159	74	-1	0
74	139	-1	0
139	54	-1	0
54	121	-1	0
121	448	-1	0
448	261	-1	0
261	420	-1	0
420	99	-1	0
99	196	-1	0
196	219	-1	0
219	495	-1	0
495	71	-1	0
71	242	-1	0
242	50	-1	0
50	423	-1	0
423	355	-1	0
355	425	-1	0
425	311	-1	0
311	415	-1	0
415	138	-1	0
138	95	-1	0
95	456	-1	0
456	85	-1	0
85	269	-1	0
269	244	-1	0
244	278	-1	0
278	67	-1	0
67	452	-1	0
452	165	-1	0
165	264	-1	0
264	210	-1	0
210	478	-1	0
478	373	-1	0
373	229	-1	0
229	352	-1	0
352	345	-1	0
345	35	-1	0
35	111	-1	0
111	384	-1	0
384	469	-1	0
469	31	-1	0
31	124	-1	0
124	297	-1	0
297	46	-1	0
46	145	-1	0
145	248	-1	0
248	4	-1	0
4	86	-1	0
86	486	-1	0
486	69	-1	0
69	116	-1	0
116	440	-1	0
440	389	-1	0
389	226	-1	0
226	349	-1	0
349	307	-1	0
307	280	-1	0
280	13	-1	0
13	493	-1	0
493	88	-1	0
88	176	-1	0
176	150	-1	0
150	321	-1	0
321	187	-1	0
187	249	-1	0
249	130	-1	0
130	491	-1	0
491	158	-1	0
158	465	-1	0
465	359	-1	0
359	357	-1	0
357	322	-1	0
322	142	-1	0
142	472	-1	0
472	191	-1	0
191	70	-1	0
70	405	-1	0
405	136	-1	0
136	220	-1	0
220	441	-1	0
441	490	-1	0
490	11	-1	0
11	306	-1	0
306	271	-1	0
271	442	-1	0
442	341	-1	0
341	246	-1	0
246	302	-1	0
302	397	-1	0
397	378	-1	0
378	177	-1	0
177	369	-1	0
369	87	-1	0
87	73	-1	0
73	461	-1	0
461	453	-1	0
453	483	-1	0
483	338	-1	0
338	181	-1	0
181	42	-1	0
42	316	-1	0
316	208	-1	0
208	328	-1	0
328	221	-1	0
221	387	-1	0
387	141	-1	0
141	2	-1	0
2	140	-1	0
140	146	-1	0
146	487	-1	0
487	5	-1	0
5	195	-1	0
195	66	-1	0
66	30	-1	0
30	63	-1	0
63	223	-1	0
223	363	-1	0
363	424	-1	0
424	371	-1	0
371	43	-1	0
43	270	-1	0
270	398	-1	0
398	410	-1	0
410	61	-1	0
61	52	-1	0
52	92	-1	0
92	459	-1	0
459	492	-1	0
492	336	-1	0
336	251	-1	0
251	325	-1	0
325	117	-1	0
117	435	-1	0
435	376	-1	0
376	21	-1	0
21	396	-1	0
396	128	-1	0
128	178	-1	0
178	293	-1	0
293	37	-1	0
37	274	-1	0
274	75	-1	0
75	179	-1	0
179	411	-1	0
411	404	-1	0
404	439	-1	0
439	482	-1	0
482	112	-1	0
112	162	-1	0
162	257	-1	0
257	414	-1	0
414	471	-1	0
471	443	-1	0
443	204	-1	0
204	279	-1	0
279	153	-1	0
153	97	-1	0
97	272	-1	0
272	408	-1	0
408	32	-1	0
32	48	-1	0
48	314	-1	0
314	403	-1	0
403	143	-1	0
143	49	-1	0
49	9	-1	0
9	15	-1	0
15	342	-1	0
342	91	-1	0
91	180	-1	0
180	6	-1	0
6	470	-1	0
470	8	-1	0
8	282	-1	0
282	168	-1	0
168	60	-1	0
60	391	-1	0
391	84	-1	0
84	496	-1	0
496	214	-1	0
214	260	-1	0
260	326	-1	0
326	480	-1	0
480	332	-1	0
332	462	-1	0
462	41	-1	0
41	189	-1	0
189	375	-1	0
375	455	-1	0
455	426	-1	0
426	102	-1	0
102	390	-1	0
390	56	-1	0
56	399	-1	0
399	3	-1	0
3	365	-1	0
365	228	-1	0
228	356	-1	0
356	385	-1	0
385	294	-1	0
294	78	-1	0
78	132	-1	0
132	416	-1	0
416	65	-1	0
65	348	-1	0
348	239	-1	0
239	402	-1	0
402	407	-1	0
407	185	-1	0
185	105	-1	0
105	190	-1	0
190	215	-1	0
215	122	-1	0
122	281	-1	0
281	241	-1	0
241	55	-1	0
55	202	-1	0
202	26	-1	0
26	245	-1	0
245	7	-1	0
7	334	-1	0
334	256	-1	0
256	171	-1	0
171	362	-1	0
362	312	-1	0
312	454	-1	0
454	101	-1	0
101	44	-1	0
44	59	-1	0
59	218	-1	0
218	289	-1	0
289	296	-1	0
296	58	-1	0
58	231	-1	0
231	14	-1	0
14	309	-1	0
309	201	-1	0
201	458	-1	0
458	115	-1	0
115	421	-1	0
421	82	-1	0
82	151	-1	0
151	285	-1	0
285	335	-1	0
335	324	-1	0
324	300	-1	0
300	406	-1	0
406	318	-1	0
318	474	-1	0
474	299	-1	0
299	475	-1	0
475	361	-1	0
361	106	-1	0
106	183	-1	0
183	347	-1	0
347	339	-1	0
339	353	-1	0
353	184	-1	0
184	383	-1	0
383	103	-1	0
103	437	-1	0
437	23	-1	0
23	431	-1	0
431	38	-1	0
38	258	-1	0
258	62	-1	0
62	198	-1	0
198	233	-1	0
233	0	-1	0
