/* Number of Operations */
50
/* List of Operations. */
/* Start	End	Fly	#Internal	Locations...*/
0	8	-1	0
8	34	-1	0
34	41	-1	0
41	38	-1	0
38	18	-1	0
18	24	-1	0
24	6	-1	0
6	40	-1	0
40	5	-1	0
5	43	-1	0
43	46	-1	0
46	20	-1	0
20	1	-1	0
1	16	-1	0
16	9	-1	0
9	3	-1	0
3	48	-1	0
48	15	-1	0
15	47	-1	0
47	27	-1	0
27	45	-1	0
45	12	-1	0
12	49	-1	0
49	31	-1	0
31	13	-1	0
13	10	-1	0
10	29	-1	0
29	14	-1	0
14	26	-1	0
26	2	-1	0
2	35	-1	0
35	4	-1	0
4	39	-1	0
39	22	-1	0
22	17	-1	0
17	21	-1	0
21	7	-1	0
7	44	-1	0
44	19	-1	0
19	37	-1	0
37	28	-1	0
28	42	-1	0
42	11	-1	0
11	25	-1	0
25	32	-1	0
32	23	-1	0
23	30	-1	0
30	36	-1	0
36	33	-1	0
33	0	-1	0
