/* Number of Operations */
250
/* List of Operations. */
/* Start	End	Fly	#Internal	Locations...*/
0	160	-1	0
160	121	-1	0
121	91	-1	0
91	123	-1	0
123	115	-1	0
115	231	-1	0
231	93	-1	0
93	111	-1	0
111	188	-1	0
188	15	-1	0
15	206	-1	0
206	92	-1	0
92	141	-1	0
141	194	-1	0
194	1	-1	0
1	240	-1	0
240	49	-1	0
49	155	-1	0
155	162	-1	0
162	39	-1	0
39	150	-1	0
150	204	-1	0
204	102	-1	0
102	217	-1	0
217	110	-1	0
110	186	-1	0
186	173	-1	0
173	205	-1	0
205	151	-1	0
151	200	-1	0
200	128	-1	0
128	105	-1	0
105	158	-1	0
158	170	-1	0
170	68	-1	0
68	139	-1	0
139	125	-1	0
125	99	-1	0
99	182	-1	0
182	88	-1	0
88	176	-1	0
176	95	-1	0
95	211	-1	0
211	149	-1	0
149	20	-1	0
20	136	-1	0
136	177	-1	0
177	70	-1	0
70	196	-1	0
196	18	-1	0
18	180	-1	0
180	53	-1	0
53	98	-1	0
98	229	-1	0
229	50	-1	0
50	147	-1	0
147	234	-1	0
234	94	-1	0
94	24	-1	0
24	198	-1	0
198	216	-1	0
216	34	-1	0
34	78	-1	0
78	14	-1	0
14	178	-1	0
178	77	-1	0
77	161	-1	0
161	51	-1	0
51	171	-1	0
171	242	-1	0
242	152	-1	0
152	235	-1	0
235	172	-1	0
172	189	-1	0
189	63	-1	0
63	83	-1	0
83	131	-1	0
131	227	-1	0
227	5	-1	0
5	44	-1	0
44	32	-1	0
32	30	-1	0
30	86	-1	0
86	28	-1	0
28	183	-1	0
183	3	-1	0
3	67	-1	0
67	214	-1	0
214	220	-1	0
220	101	-1	0
101	72	-1	0
72	197	-1	0
197	21	-1	0
21	116	-1	0
116	237	-1	0
237	4	-1	0
4	124	-1	0
124	9	-1	0
9	199	-1	0
199	168	-1	0
168	80	-1	0
80	107	-1	0
107	36	-1	0
36	135	-1	0
135	163	-1	0
163	143	-1	0
143	226	-1	0
226	159	-1	0
159	82	-1	0
82	175	-1	0
175	156	-1	0
156	238	-1	0
238	181	-1	0
181	25	-1	0
25	209	-1	0
209	213	-1	0
213	201	-1	0
201	38	-1	0
38	140	-1	0
140	203	-1	0
203	90	-1	0
90	208	-1	0
208	193	-1	0
193	60	-1	0
60	244	-1	0
244	73	-1	0
73	85	-1	0
85	42	-1	0
42	245	-1	0
245	17	-1	0
17	236	-1	0
236	19	-1	0
19	239	-1	0
239	164	-1	0
164	104	-1	0
104	96	-1	0
96	109	-1	0
109	133	-1	0
133	153	-1	0
153	117	-1	0
117	23	-1	0
23	225	-1	0
225	202	-1	0
202	243	-1	0
243	233	-1	0
233	210	-1	0
210	167	-1	0
167	46	-1	0
46	87	-1	0
87	154	-1	0
154	112	-1	0
112	26	-1	0
26	120	-1	0
120	190	-1	0
190	187	-1	0
187	100	-1	0
100	7	-1	0
7	10	-1	0
10	6	-1	0
6	13	-1	0
13	65	-1	0
65	79	-1	0
79	12	-1	0
12	31	-1	0
31	114	-1	0
114	52	-1	0
52	76	-1	0
76	40	-1	0
40	130	-1	0
130	108	-1	0
108	247	-1	0
247	165	-1	0
165	192	-1	0
192	142	-1	0
142	241	-1	0
241	106	-1	0
106	45	-1	0
45	132	-1	0
132	219	-1	0
219	81	-1	0
81	57	-1	0
57	47	-1	0
47	29	-1	0
29	11	-1	0
11	33	-1	0
33	16	-1	0
16	48	-1	0
48	66	-1	0
66	191	-1	0
191	169	-1	0
169	144	-1	0
144	185	-1	0
185	74	-1	0
74	22	-1	0
22	35	-1	0
35	127	-1	0
127	148	-1	0
148	75	-1	0
75	166	-1	0
166	55	-1	0
55	113	-1	0
113	248	-1	0
248	97	-1	0
97	129	-1	0
129	62	-1	0
62	228	-1	0
228	232	-1	0
232	145	-1	0
145	218	-1	0
218	195	-1	0
195	137	-1	0
137	103	-1	0
103	43	-1	0
43	224	-1	0
224	61	-1	0
61	8	-1	0
8	138	-1	0
138	179	-1	0
179	71	-1	0
71	41	-1	0
41	249	-1	0
249	119	-1	0
119	174	-1	0
174	212	-1	0
212	157	-1	0
157	64	-1	0
64	37	-1	0
37	222	-1	0
222	215	-1	0
215	184	-1	0
184	134	-1	0
134	146	-1	0
146	56	-1	0
56	27	-1	0
27	122	-1	0
122	223	-1	0
223	59	-1	0
59	54	-1	0
54	126	-1	0
126	118	-1	0
118	230	-1	0
230	2	-1	0
2	84	-1	0
84	89	-1	0
89	246	-1	0
246	221	-1	0
221	69	-1	0
69	207	-1	0
207	58	-1	0
58	0	-1	0
