/* Number of Operations */
500
/* List of Operations. */
/* Start	End	Fly	#Internal	Locations...*/
0	63	-1	0
63	225	-1	0
225	29	-1	0
29	168	-1	0
168	235	-1	0
235	348	-1	0
348	498	-1	0
498	292	-1	0
292	47	-1	0
47	196	-1	0
196	22	-1	0
22	469	-1	0
469	369	-1	0
369	113	-1	0
113	133	-1	0
133	454	-1	0
454	13	-1	0
13	415	-1	0
415	279	-1	0
279	338	-1	0
338	385	-1	0
385	55	-1	0
55	138	-1	0
138	84	-1	0
84	216	-1	0
216	258	-1	0
258	243	-1	0
243	35	-1	0
35	12	-1	0
12	285	-1	0
285	41	-1	0
41	397	-1	0
397	158	-1	0
158	456	-1	0
456	457	-1	0
457	334	-1	0
334	406	-1	0
406	140	-1	0
140	381	-1	0
381	443	-1	0
443	252	-1	0
252	79	-1	0
79	126	-1	0
126	302	-1	0
302	184	-1	0
184	23	-1	0
23	380	-1	0
380	74	-1	0
74	337	-1	0
337	314	-1	0
314	490	-1	0
490	211	-1	0
211	410	-1	0
410	118	-1	0
118	356	-1	0
356	343	-1	0
343	471	-1	0
471	404	-1	0
404	232	-1	0
232	355	-1	0
355	344	-1	0
344	86	-1	0
86	250	-1	0
250	222	-1	0
222	390	-1	0
390	368	-1	0
368	6	-1	0
6	246	-1	0
246	24	-1	0
24	124	-1	0
124	186	-1	0
186	67	-1	0
67	489	-1	0
489	442	-1	0
442	75	-1	0
75	173	-1	0
173	485	-1	0
485	375	-1	0
375	466	-1	0
466	33	-1	0
33	328	-1	0
328	486	-1	0
486	427	-1	0
427	18	-1	0
18	452	-1	0
452	352	-1	0
352	333	-1	0
333	370	-1	0
370	447	-1	0
447	215	-1	0
215	400	-1	0
400	289	-1	0
289	103	-1	0
103	263	-1	0
263	424	-1	0
424	221	-1	0
221	5	-1	0
5	152	-1	0
152	478	-1	0
478	392	-1	0
392	197	-1	0
197	98	-1	0
98	15	-1	0
15	150	-1	0
150	207	-1	0
207	408	-1	0
408	462	-1	0
462	474	-1	0
474	96	-1	0
96	182	-1	0
182	128	-1	0
128	294	-1	0
294	233	-1	0
233	417	-1	0
417	476	-1	0
476	53	-1	0
53	145	-1	0
145	287	-1	0
287	271	-1	0
271	350	-1	0
350	8	-1	0
8	264	-1	0
264	208	-1	0
208	499	-1	0
499	403	-1	0
403	364	-1	0
364	495	-1	0
495	351	-1	0
351	297	-1	0
297	387	-1	0
387	451	-1	0
451	170	-1	0
170	378	-1	0
378	160	-1	0
160	72	-1	0
72	269	-1	0
269	52	-1	0
52	354	-1	0
354	497	-1	0
497	114	-1	0
114	7	-1	0
7	488	-1	0
488	81	-1	0
81	217	-1	0
217	108	-1	0
108	240	-1	0
240	426	-1	0
426	367	-1	0
367	386	-1	0
386	125	-1	0
125	293	-1	0
293	76	-1	0
76	127	-1	0
127	242	-1	0
242	204	-1	0
204	248	-1	0
248	234	-1	0
234	19	-1	0
19	228	-1	0
228	411	-1	0
411	20	-1	0
20	482	-1	0
482	39	-1	0
39	122	-1	0
122	290	-1	0
290	335	-1	0
335	365	-1	0
365	376	-1	0
376	353	-1	0
353	104	-1	0
104	121	-1	0
121	244	-1	0
244	393	-1	0
393	180	-1	0
180	305	-1	0
305	236	-1	0
236	317	-1	0
317	190	-1	0
190	195	-1	0
195	237	-1	0
237	394	-1	0
394	461	-1	0
461	3	-1	0
3	203	-1	0
203	212	-1	0
212	100	-1	0
100	130	-1	0
130	115	-1	0
115	433	-1	0
433	440	-1	0
440	483	-1	0
483	323	-1	0
323	423	-1	0
423	201	-1	0
201	148	-1	0
148	107	-1	0
107	414	-1	0
414	444	-1	0
444	446	-1	0
446	188	-1	0
188	413	-1	0
413	31	-1	0
31	304	-1	0
304	85	-1	0
85	95	-1	0
95	199	-1	0
199	432	-1	0
432	472	-1	0
472	298	-1	0
298	262	-1	0
262	51	-1	0
51	291	-1	0
291	11	-1	0
11	181	-1	0
181	220	-1	0
220	481	-1	0
481	191	-1	0
191	131	-1	0
131	409	-1	0
409	183	-1	0
183	38	-1	0
38	80	-1	0
80	491	-1	0
491	300	-1	0
300	218	-1	0
218	37	-1	0
37	321	-1	0
321	419	-1	0
419	361	-1	0
361	169	-1	0
169	494	-1	0
494	448	-1	0
448	436	-1	0
436	147	-1	0
147	151	-1	0
151	473	-1	0
473	239	-1	0
239	45	-1	0
45	296	-1	0
296	324	-1	0
324	87	-1	0
87	26	-1	0
26	139	-1	0
139	117	-1	0
117	10	-1	0
10	166	-1	0
166	309	-1	0
309	421	-1	0
421	307	-1	0
307	479	-1	0
479	171	-1	0
171	65	-1	0
65	226	-1	0
226	129	-1	0
129	330	-1	0
330	82	-1	0
82	260	-1	0
260	372	-1	0
372	241	-1	0
241	83	-1	0
83	49	-1	0
49	88	-1	0
88	177	-1	0
177	132	-1	0
132	341	-1	0
341	119	-1	0
119	428	-1	0
428	174	-1	0
174	46	-1	0
46	4	-1	0
4	438	-1	0
438	123	-1	0
123	179	-1	0
179	257	-1	0
257	357	-1	0
357	106	-1	0
106	102	-1	0
102	223	-1	0
223	21	-1	0
21	110	-1	0
110	210	-1	0
210	111	-1	0
111	273	-1	0
273	9	-1	0
9	270	-1	0
270	71	-1	0
71	73	-1	0
73	101	-1	0
101	435	-1	0
435	176	-1	0
176	487	-1	0
487	43	-1	0
43	245	-1	0
245	276	-1	0
276	154	-1	0
154	229	-1	0
229	425	-1	0
425	405	-1	0
405	193	-1	0
193	30	-1	0
30	78	-1	0
78	407	-1	0
407	379	-1	0
379	475	-1	0
475	437	-1	0
437	464	-1	0
464	175	-1	0
175	40	-1	0
40	136	-1	0
136	198	-1	0
198	484	-1	0
484	266	-1	0
266	458	-1	0
458	301	-1	0
301	374	-1	0
374	470	-1	0
470	402	-1	0
402	261	-1	0
261	274	-1	0
274	373	-1	0
373	94	-1	0
94	384	-1	0
384	58	-1	0
58	312	-1	0
312	16	-1	0
16	200	-1	0
200	382	-1	0
382	281	-1	0
281	146	-1	0
146	358	-1	0
358	27	-1	0
27	306	-1	0
306	116	-1	0
116	165	-1	0
165	345	-1	0
345	277	-1	0
277	275	-1	0
275	247	-1	0
247	185	-1	0
185	371	-1	0
371	93	-1	0
93	284	-1	0
284	231	-1	0
231	349	-1	0
349	54	-1	0
54	159	-1	0
159	477	-1	0
477	441	-1	0
441	142	-1	0
142	388	-1	0
388	465	-1	0
465	283	-1	0
283	439	-1	0
439	346	-1	0
346	157	-1	0
157	434	-1	0
434	227	-1	0
227	320	-1	0
320	153	-1	0
153	310	-1	0
310	332	-1	0
332	319	-1	0
319	161	-1	0
161	322	-1	0
322	57	-1	0
57	155	-1	0
155	167	-1	0
167	363	-1	0
363	325	-1	0
325	455	-1	0
455	383	-1	0
383	389	-1	0
389	144	-1	0
144	32	-1	0
32	44	-1	0
44	331	-1	0
331	14	-1	0
14	340	-1	0
340	91	-1	0
91	64	-1	0
64	97	-1	0
97	449	-1	0
449	137	-1	0
137	278	-1	0
278	280	-1	0
280	28	-1	0
28	109	-1	0
109	253	-1	0
253	187	-1	0
187	202	-1	0
202	430	-1	0
430	219	-1	0
219	209	-1	0
209	395	-1	0
395	189	-1	0
189	429	-1	0
429	362	-1	0
362	143	-1	0
143	315	-1	0
315	329	-1	0
329	303	-1	0
303	268	-1	0
268	311	-1	0
311	59	-1	0
59	399	-1	0
399	60	-1	0
60	366	-1	0
366	213	-1	0
213	295	-1	0
295	326	-1	0
326	164	-1	0
164	254	-1	0
254	224	-1	0
224	68	-1	0
68	56	-1	0
56	256	-1	0
256	460	-1	0
460	359	-1	0
359	34	-1	0
34	70	-1	0
70	459	-1	0
459	162	-1	0
162	391	-1	0
391	77	-1	0
77	251	-1	0
251	492	-1	0
492	288	-1	0
288	66	-1	0
66	480	-1	0
480	25	-1	0
25	377	-1	0
377	272	-1	0
272	238	-1	0
238	134	-1	0
134	431	-1	0
431	299	-1	0
299	69	-1	0
69	149	-1	0
149	318	-1	0
318	2	-1	0
2	50	-1	0
50	249	-1	0
249	418	-1	0
418	90	-1	0
90	313	-1	0
313	112	-1	0
112	178	-1	0
178	48	-1	0
48	398	-1	0
398	92	-1	0
92	62	-1	0
62	206	-1	0
206	496	-1	0
496	396	-1	0
396	286	-1	0
286	61	-1	0
61	42	-1	0
42	99	-1	0
99	445	-1	0
445	327	-1	0
327	347	-1	0
347	453	-1	0
453	420	-1	0
420	105	-1	0
105	194	-1	0
194	89	-1	0
89	412	-1	0
412	265	-1	0
265	205	-1	0
205	135	-1	0
135	468	-1	0
468	1	-1	0
1	156	-1	0
156	401	-1	0
401	342	-1	0
342	230	-1	0
230	416	-1	0
416	163	-1	0
163	172	-1	0
172	360	-1	0
360	450	-1	0
450	36	-1	0
36	336	-1	0
336	141	-1	0
141	282	-1	0
282	493	-1	0
493	316	-1	0
316	267	-1	0
267	339	-1	0
339	308	-1	0
308	463	-1	0
463	259	-1	0
259	214	-1	0
214	192	-1	0
192	17	-1	0
17	255	-1	0
255	422	-1	0
422	120	-1	0
120	467	-1	0
467	0	-1	0
