/* Number of Operations */
175
/* List of Operations. */
/* Start	End	Fly	#Internal	Locations...*/
0	53	-1	0
53	137	-1	0
137	161	-1	0
161	154	-1	0
154	124	-1	0
124	116	-1	0
116	150	-1	0
150	103	-1	0
103	160	-1	0
160	35	-1	0
35	173	-1	0
173	22	-1	0
22	51	-1	0
51	20	-1	0
20	49	-1	0
49	59	-1	0
59	55	-1	0
55	109	-1	0
109	44	-1	0
44	142	-1	0
142	84	-1	0
84	106	-1	0
106	95	-1	0
95	88	-1	0
88	143	-1	0
143	131	-1	0
131	79	-1	0
79	81	-1	0
81	118	-1	0
118	17	-1	0
17	7	-1	0
7	133	-1	0
133	74	-1	0
74	30	-1	0
30	82	-1	0
82	26	-1	0
26	6	-1	0
6	68	-1	0
68	33	-1	0
33	105	-1	0
105	169	-1	0
169	67	-1	0
67	41	-1	0
41	139	-1	0
139	132	-1	0
132	66	-1	0
66	156	-1	0
156	12	-1	0
12	158	-1	0
158	92	-1	0
92	27	-1	0
27	37	-1	0
37	71	-1	0
71	110	-1	0
110	115	-1	0
115	96	-1	0
96	98	-1	0
98	2	-1	0
2	104	-1	0
104	152	-1	0
152	123	-1	0
123	87	-1	0
87	89	-1	0
89	9	-1	0
9	108	-1	0
108	167	-1	0
167	42	-1	0
42	145	-1	0
145	165	-1	0
165	121	-1	0
121	136	-1	0
136	170	-1	0
170	5	-1	0
5	16	-1	0
16	11	-1	0
11	146	-1	0
146	171	-1	0
171	111	-1	0
111	138	-1	0
138	32	-1	0
32	23	-1	0
23	102	-1	0
102	40	-1	0
40	38	-1	0
38	125	-1	0
125	75	-1	0
75	48	-1	0
48	83	-1	0
83	122	-1	0
122	166	-1	0
166	172	-1	0
172	78	-1	0
78	130	-1	0
130	28	-1	0
28	4	-1	0
4	113	-1	0
113	100	-1	0
100	64	-1	0
64	54	-1	0
54	153	-1	0
153	18	-1	0
18	24	-1	0
24	147	-1	0
147	157	-1	0
157	85	-1	0
85	39	-1	0
39	56	-1	0
56	155	-1	0
155	73	-1	0
73	36	-1	0
36	46	-1	0
46	119	-1	0
119	15	-1	0
15	29	-1	0
29	141	-1	0
141	107	-1	0
107	65	-1	0
65	8	-1	0
8	114	-1	0
114	162	-1	0
162	112	-1	0
112	34	-1	0
34	60	-1	0
60	97	-1	0
97	70	-1	0
70	21	-1	0
21	128	-1	0
128	63	-1	0
63	164	-1	0
164	168	-1	0
168	91	-1	0
91	62	-1	0
62	90	-1	0
90	43	-1	0
43	47	-1	0
47	117	-1	0
117	77	-1	0
77	76	-1	0
76	148	-1	0
148	25	-1	0
25	45	-1	0
45	13	-1	0
13	144	-1	0
144	127	-1	0
127	99	-1	0
99	69	-1	0
69	19	-1	0
19	135	-1	0
135	174	-1	0
174	52	-1	0
52	163	-1	0
163	86	-1	0
86	50	-1	0
50	101	-1	0
101	149	-1	0
149	134	-1	0
134	57	-1	0
57	126	-1	0
126	80	-1	0
80	61	-1	0
61	3	-1	0
3	129	-1	0
129	14	-1	0
14	151	-1	0
151	94	-1	0
94	1	-1	0
1	31	-1	0
31	72	-1	0
72	93	-1	0
93	140	-1	0
140	58	-1	0
58	10	-1	0
10	159	-1	0
159	120	-1	0
120	0	-1	0
