/* Number of Operations */
250
/* List of Operations. */
/* Start	End	Fly	#Internal	Locations...*/
0	133	-1	0
133	172	-1	0
172	183	-1	0
183	235	-1	0
235	248	-1	0
248	56	-1	0
56	155	-1	0
155	230	-1	0
230	247	-1	0
247	168	-1	0
168	2	-1	0
2	182	-1	0
182	153	-1	0
153	234	-1	0
234	107	-1	0
107	146	-1	0
146	126	-1	0
126	10	-1	0
10	45	-1	0
45	139	-1	0
139	71	-1	0
71	73	-1	0
73	27	-1	0
27	244	-1	0
244	121	-1	0
121	194	-1	0
194	25	-1	0
25	99	-1	0
99	49	-1	0
49	122	-1	0
122	226	-1	0
226	181	-1	0
181	176	-1	0
176	208	-1	0
208	218	-1	0
218	100	-1	0
100	185	-1	0
185	38	-1	0
38	187	-1	0
187	93	-1	0
93	165	-1	0
165	216	-1	0
216	195	-1	0
195	111	-1	0
111	207	-1	0
207	163	-1	0
163	240	-1	0
240	95	-1	0
95	180	-1	0
180	6	-1	0
6	54	-1	0
54	39	-1	0
39	32	-1	0
32	79	-1	0
79	46	-1	0
46	29	-1	0
29	209	-1	0
209	144	-1	0
144	169	-1	0
169	52	-1	0
52	105	-1	0
105	103	-1	0
103	203	-1	0
203	69	-1	0
69	196	-1	0
196	200	-1	0
200	179	-1	0
179	202	-1	0
202	136	-1	0
136	223	-1	0
223	44	-1	0
44	57	-1	0
57	43	-1	0
43	13	-1	0
13	197	-1	0
197	50	-1	0
50	142	-1	0
142	145	-1	0
145	108	-1	0
108	191	-1	0
191	91	-1	0
91	198	-1	0
198	85	-1	0
85	178	-1	0
178	170	-1	0
170	114	-1	0
114	211	-1	0
211	64	-1	0
64	206	-1	0
206	192	-1	0
192	81	-1	0
81	189	-1	0
189	188	-1	0
188	130	-1	0
130	96	-1	0
96	88	-1	0
88	63	-1	0
63	135	-1	0
135	19	-1	0
19	94	-1	0
94	1	-1	0
1	162	-1	0
162	33	-1	0
33	47	-1	0
47	249	-1	0
249	8	-1	0
8	213	-1	0
213	228	-1	0
228	190	-1	0
190	227	-1	0
227	55	-1	0
55	193	-1	0
193	74	-1	0
74	86	-1	0
86	104	-1	0
104	120	-1	0
120	143	-1	0
143	98	-1	0
98	177	-1	0
177	5	-1	0
5	68	-1	0
68	154	-1	0
154	26	-1	0
26	147	-1	0
147	184	-1	0
184	229	-1	0
229	16	-1	0
16	84	-1	0
84	34	-1	0
34	24	-1	0
24	201	-1	0
201	231	-1	0
231	236	-1	0
236	233	-1	0
233	4	-1	0
4	20	-1	0
20	62	-1	0
62	89	-1	0
89	225	-1	0
225	37	-1	0
37	112	-1	0
112	239	-1	0
239	215	-1	0
215	166	-1	0
166	76	-1	0
76	90	-1	0
90	243	-1	0
243	152	-1	0
152	167	-1	0
167	219	-1	0
219	7	-1	0
7	53	-1	0
53	15	-1	0
15	116	-1	0
116	65	-1	0
65	58	-1	0
58	42	-1	0
42	59	-1	0
59	157	-1	0
157	83	-1	0
83	40	-1	0
40	17	-1	0
17	138	-1	0
138	28	-1	0
28	3	-1	0
3	97	-1	0
97	117	-1	0
117	75	-1	0
75	109	-1	0
109	11	-1	0
11	245	-1	0
245	118	-1	0
118	232	-1	0
232	77	-1	0
77	78	-1	0
78	151	-1	0
151	238	-1	0
238	164	-1	0
164	72	-1	0
72	237	-1	0
237	119	-1	0
119	101	-1	0
101	134	-1	0
134	66	-1	0
66	30	-1	0
30	61	-1	0
61	87	-1	0
87	92	-1	0
92	210	-1	0
210	205	-1	0
205	22	-1	0
22	141	-1	0
141	60	-1	0
60	160	-1	0
160	48	-1	0
48	186	-1	0
186	127	-1	0
127	220	-1	0
220	137	-1	0
137	125	-1	0
125	173	-1	0
173	222	-1	0
222	14	-1	0
14	70	-1	0
70	123	-1	0
123	129	-1	0
129	110	-1	0
110	149	-1	0
149	159	-1	0
159	21	-1	0
21	23	-1	0
23	174	-1	0
174	67	-1	0
67	128	-1	0
128	35	-1	0
35	158	-1	0
158	224	-1	0
224	214	-1	0
214	150	-1	0
150	106	-1	0
106	221	-1	0
221	148	-1	0
148	175	-1	0
175	217	-1	0
217	242	-1	0
242	131	-1	0
131	18	-1	0
18	12	-1	0
12	41	-1	0
41	36	-1	0
36	102	-1	0
102	82	-1	0
82	9	-1	0
9	161	-1	0
161	156	-1	0
156	51	-1	0
51	199	-1	0
199	115	-1	0
115	31	-1	0
31	212	-1	0
212	241	-1	0
241	140	-1	0
140	124	-1	0
124	80	-1	0
80	113	-1	0
113	204	-1	0
204	246	-1	0
246	132	-1	0
132	171	-1	0
171	0	-1	0
