/* Number of Operations */
75
/* List of Operations. */
/* Start	End	Fly	#Internal	Locations...*/
0	47	-1	0
47	46	-1	0
46	57	-1	0
57	70	-1	0
70	50	-1	0
50	22	-1	0
22	35	-1	0
35	60	-1	0
60	2	-1	0
2	23	-1	0
23	48	-1	0
48	73	-1	0
73	51	-1	0
51	69	-1	0
69	43	-1	0
43	62	-1	0
62	5	-1	0
5	32	-1	0
32	58	-1	0
58	4	-1	0
4	6	-1	0
6	65	-1	0
65	45	-1	0
45	72	-1	0
72	24	-1	0
24	18	-1	0
18	34	-1	0
34	28	-1	0
28	71	-1	0
71	13	-1	0
13	68	-1	0
68	40	-1	0
40	17	-1	0
17	41	-1	0
41	33	-1	0
33	7	-1	0
7	54	-1	0
54	21	-1	0
21	29	-1	0
29	9	-1	0
9	20	-1	0
20	36	-1	0
36	27	-1	0
27	16	-1	0
16	66	-1	0
66	25	-1	0
25	39	-1	0
39	30	-1	0
30	1	-1	0
1	49	-1	0
49	37	-1	0
37	14	-1	0
14	3	-1	0
3	8	-1	0
8	31	-1	0
31	12	-1	0
12	42	-1	0
42	10	-1	0
10	67	-1	0
67	61	-1	0
61	63	-1	0
63	53	-1	0
53	15	-1	0
15	74	-1	0
74	19	-1	0
19	64	-1	0
64	11	-1	0
11	44	-1	0
44	59	-1	0
59	56	-1	0
56	52	-1	0
52	38	-1	0
38	26	-1	0
26	55	-1	0
55	0	-1	0
