/* Number of Operations */
50
/* List of Operations. */
/* Start	End	Fly	#Internal	Locations...*/
0	10	-1	0
10	28	-1	0
28	40	-1	0
40	42	-1	0
42	7	-1	0
7	38	-1	0
38	33	-1	0
33	19	-1	0
19	48	-1	0
48	29	-1	0
29	4	-1	0
4	3	-1	0
3	41	-1	0
41	47	-1	0
47	35	-1	0
35	13	-1	0
13	14	-1	0
14	8	-1	0
8	39	-1	0
39	44	-1	0
44	34	-1	0
34	45	-1	0
45	37	-1	0
37	23	-1	0
23	21	-1	0
21	20	-1	0
20	25	-1	0
25	15	-1	0
15	5	-1	0
5	16	-1	0
16	18	-1	0
18	31	-1	0
31	17	-1	0
17	12	-1	0
12	9	-1	0
9	30	-1	0
30	1	-1	0
1	22	-1	0
22	32	-1	0
32	24	-1	0
24	26	-1	0
26	27	-1	0
27	49	-1	0
49	11	-1	0
11	43	-1	0
43	2	-1	0
2	6	-1	0
6	36	-1	0
36	46	-1	0
46	0	-1	0
