/* Number of Operations */
175
/* List of Operations. */
/* Start	End	Fly	#Internal	Locations...*/
0	70	-1	0
70	73	-1	0
73	159	-1	0
159	123	-1	0
123	148	-1	0
148	31	-1	0
31	17	-1	0
17	131	-1	0
131	118	-1	0
118	91	-1	0
91	138	-1	0
138	25	-1	0
25	93	-1	0
93	24	-1	0
24	42	-1	0
42	87	-1	0
87	136	-1	0
136	47	-1	0
47	66	-1	0
66	2	-1	0
2	173	-1	0
173	163	-1	0
163	80	-1	0
80	145	-1	0
145	39	-1	0
39	130	-1	0
130	30	-1	0
30	22	-1	0
22	37	-1	0
37	92	-1	0
92	170	-1	0
170	153	-1	0
153	171	-1	0
171	58	-1	0
58	14	-1	0
14	156	-1	0
156	77	-1	0
77	20	-1	0
20	27	-1	0
27	59	-1	0
59	119	-1	0
119	162	-1	0
162	112	-1	0
112	88	-1	0
88	45	-1	0
45	117	-1	0
117	76	-1	0
76	155	-1	0
155	116	-1	0
116	65	-1	0
65	104	-1	0
104	99	-1	0
99	81	-1	0
81	166	-1	0
166	115	-1	0
115	103	-1	0
103	147	-1	0
147	134	-1	0
134	48	-1	0
48	18	-1	0
18	97	-1	0
97	10	-1	0
10	122	-1	0
122	106	-1	0
106	21	-1	0
21	167	-1	0
167	154	-1	0
154	86	-1	0
86	56	-1	0
56	15	-1	0
15	4	-1	0
4	16	-1	0
16	9	-1	0
9	82	-1	0
82	135	-1	0
135	13	-1	0
13	67	-1	0
67	132	-1	0
132	89	-1	0
89	6	-1	0
6	69	-1	0
69	127	-1	0
127	107	-1	0
107	125	-1	0
125	111	-1	0
111	26	-1	0
26	150	-1	0
150	49	-1	0
49	33	-1	0
33	129	-1	0
129	52	-1	0
52	3	-1	0
3	161	-1	0
161	1	-1	0
1	8	-1	0
8	152	-1	0
152	5	-1	0
5	41	-1	0
41	72	-1	0
72	40	-1	0
40	11	-1	0
11	35	-1	0
35	160	-1	0
160	165	-1	0
165	34	-1	0
34	140	-1	0
140	139	-1	0
139	51	-1	0
51	121	-1	0
121	7	-1	0
7	55	-1	0
55	98	-1	0
98	101	-1	0
101	12	-1	0
12	113	-1	0
113	94	-1	0
94	36	-1	0
36	96	-1	0
96	100	-1	0
100	74	-1	0
74	169	-1	0
169	172	-1	0
172	75	-1	0
75	85	-1	0
85	61	-1	0
61	142	-1	0
142	29	-1	0
29	146	-1	0
146	83	-1	0
83	141	-1	0
141	151	-1	0
151	68	-1	0
68	28	-1	0
28	114	-1	0
114	90	-1	0
90	157	-1	0
157	50	-1	0
50	23	-1	0
23	60	-1	0
60	108	-1	0
108	62	-1	0
62	164	-1	0
164	44	-1	0
44	19	-1	0
19	57	-1	0
57	63	-1	0
63	38	-1	0
38	71	-1	0
71	43	-1	0
43	105	-1	0
105	79	-1	0
79	53	-1	0
53	174	-1	0
174	124	-1	0
124	32	-1	0
32	78	-1	0
78	54	-1	0
54	64	-1	0
64	128	-1	0
128	102	-1	0
102	133	-1	0
133	137	-1	0
137	109	-1	0
109	110	-1	0
110	144	-1	0
144	84	-1	0
84	126	-1	0
126	143	-1	0
143	149	-1	0
149	120	-1	0
120	46	-1	0
46	158	-1	0
158	168	-1	0
168	95	-1	0
95	0	-1	0
