/* Number of Operations */
100
/* List of Operations. */
/* Start	End	Fly	#Internal	Locations...*/
0	67	-1	0
67	71	-1	0
71	39	-1	0
39	98	-1	0
98	59	-1	0
59	63	-1	0
63	66	-1	0
66	99	-1	0
99	17	-1	0
17	2	-1	0
2	35	-1	0
35	87	-1	0
87	72	-1	0
72	73	-1	0
73	68	-1	0
68	80	-1	0
80	45	-1	0
45	40	-1	0
40	44	-1	0
44	81	-1	0
81	13	-1	0
13	3	-1	0
3	53	-1	0
53	34	-1	0
34	61	-1	0
61	74	-1	0
74	52	-1	0
52	95	-1	0
95	47	-1	0
47	75	-1	0
75	84	-1	0
84	48	-1	0
48	14	-1	0
14	89	-1	0
89	42	-1	0
42	20	-1	0
20	9	-1	0
9	50	-1	0
50	4	-1	0
4	1	-1	0
1	18	-1	0
18	88	-1	0
88	85	-1	0
85	30	-1	0
30	16	-1	0
16	21	-1	0
21	55	-1	0
55	65	-1	0
65	43	-1	0
43	64	-1	0
64	78	-1	0
78	19	-1	0
19	82	-1	0
82	70	-1	0
70	56	-1	0
56	25	-1	0
25	46	-1	0
46	57	-1	0
57	36	-1	0
36	41	-1	0
41	6	-1	0
6	12	-1	0
12	29	-1	0
29	58	-1	0
58	49	-1	0
49	90	-1	0
90	62	-1	0
62	28	-1	0
28	97	-1	0
97	24	-1	0
24	32	-1	0
32	22	-1	0
22	10	-1	0
10	51	-1	0
51	37	-1	0
37	93	-1	0
93	31	-1	0
31	54	-1	0
54	69	-1	0
69	38	-1	0
38	79	-1	0
79	77	-1	0
77	8	-1	0
8	60	-1	0
60	94	-1	0
94	96	-1	0
96	15	-1	0
15	11	-1	0
11	7	-1	0
7	76	-1	0
76	83	-1	0
83	5	-1	0
5	91	-1	0
91	33	-1	0
33	26	-1	0
26	92	-1	0
92	23	-1	0
23	27	-1	0
27	86	-1	0
86	0	-1	0
