/* Number of Operations */
250
/* List of Operations. */
/* Start	End	Fly	#Internal	Locations...*/
0	98	-1	0
98	247	-1	0
247	110	-1	0
110	50	-1	0
50	31	-1	0
31	36	-1	0
36	2	-1	0
2	88	-1	0
88	51	-1	0
51	83	-1	0
83	22	-1	0
22	97	-1	0
97	46	-1	0
46	193	-1	0
193	212	-1	0
212	54	-1	0
54	53	-1	0
53	211	-1	0
211	127	-1	0
127	109	-1	0
109	241	-1	0
241	44	-1	0
44	113	-1	0
113	11	-1	0
11	210	-1	0
210	23	-1	0
23	131	-1	0
131	165	-1	0
165	167	-1	0
167	189	-1	0
189	168	-1	0
168	19	-1	0
19	176	-1	0
176	107	-1	0
107	180	-1	0
180	185	-1	0
185	232	-1	0
232	118	-1	0
118	205	-1	0
205	145	-1	0
145	116	-1	0
116	148	-1	0
148	55	-1	0
55	94	-1	0
94	41	-1	0
41	133	-1	0
133	45	-1	0
45	49	-1	0
49	71	-1	0
71	27	-1	0
27	166	-1	0
166	122	-1	0
122	204	-1	0
204	228	-1	0
228	87	-1	0
87	213	-1	0
213	30	-1	0
30	156	-1	0
156	89	-1	0
89	67	-1	0
67	56	-1	0
56	147	-1	0
147	4	-1	0
4	104	-1	0
104	201	-1	0
201	130	-1	0
130	164	-1	0
164	249	-1	0
249	63	-1	0
63	214	-1	0
214	197	-1	0
197	188	-1	0
188	34	-1	0
34	191	-1	0
191	162	-1	0
162	221	-1	0
221	123	-1	0
123	192	-1	0
192	235	-1	0
235	141	-1	0
141	135	-1	0
135	203	-1	0
203	179	-1	0
179	234	-1	0
234	126	-1	0
126	200	-1	0
200	72	-1	0
72	96	-1	0
96	151	-1	0
151	174	-1	0
174	207	-1	0
207	93	-1	0
93	25	-1	0
25	215	-1	0
215	66	-1	0
66	105	-1	0
105	58	-1	0
58	18	-1	0
18	233	-1	0
233	196	-1	0
196	78	-1	0
78	181	-1	0
181	81	-1	0
81	101	-1	0
101	142	-1	0
142	99	-1	0
99	157	-1	0
157	132	-1	0
132	95	-1	0
95	160	-1	0
160	108	-1	0
108	154	-1	0
154	103	-1	0
103	114	-1	0
114	15	-1	0
15	92	-1	0
92	146	-1	0
146	152	-1	0
152	159	-1	0
159	208	-1	0
208	236	-1	0
236	121	-1	0
121	76	-1	0
76	86	-1	0
86	246	-1	0
246	60	-1	0
60	20	-1	0
20	74	-1	0
74	102	-1	0
102	64	-1	0
64	21	-1	0
21	217	-1	0
217	134	-1	0
134	90	-1	0
90	183	-1	0
183	137	-1	0
137	52	-1	0
52	124	-1	0
124	84	-1	0
84	32	-1	0
32	218	-1	0
218	186	-1	0
186	80	-1	0
80	143	-1	0
143	125	-1	0
125	199	-1	0
199	138	-1	0
138	216	-1	0
216	28	-1	0
28	227	-1	0
227	35	-1	0
35	47	-1	0
47	198	-1	0
198	238	-1	0
238	26	-1	0
26	206	-1	0
206	222	-1	0
222	195	-1	0
195	182	-1	0
182	219	-1	0
219	170	-1	0
170	106	-1	0
106	229	-1	0
229	128	-1	0
128	209	-1	0
209	230	-1	0
230	42	-1	0
42	37	-1	0
37	242	-1	0
242	155	-1	0
155	1	-1	0
1	24	-1	0
24	75	-1	0
75	43	-1	0
43	139	-1	0
139	136	-1	0
136	68	-1	0
68	129	-1	0
129	178	-1	0
178	61	-1	0
61	158	-1	0
158	177	-1	0
177	59	-1	0
59	187	-1	0
187	10	-1	0
10	220	-1	0
220	100	-1	0
100	153	-1	0
153	33	-1	0
33	38	-1	0
38	85	-1	0
85	244	-1	0
244	150	-1	0
150	237	-1	0
237	112	-1	0
112	69	-1	0
69	248	-1	0
248	144	-1	0
144	184	-1	0
184	73	-1	0
73	82	-1	0
82	224	-1	0
224	12	-1	0
12	17	-1	0
17	223	-1	0
223	9	-1	0
9	149	-1	0
149	13	-1	0
13	16	-1	0
16	115	-1	0
115	77	-1	0
77	175	-1	0
175	225	-1	0
225	119	-1	0
119	190	-1	0
190	231	-1	0
231	91	-1	0
91	173	-1	0
173	161	-1	0
161	79	-1	0
79	6	-1	0
6	39	-1	0
39	8	-1	0
8	57	-1	0
57	172	-1	0
172	117	-1	0
117	48	-1	0
48	194	-1	0
194	14	-1	0
14	7	-1	0
7	40	-1	0
40	70	-1	0
70	65	-1	0
65	163	-1	0
163	140	-1	0
140	29	-1	0
29	240	-1	0
240	226	-1	0
226	245	-1	0
245	120	-1	0
120	243	-1	0
243	62	-1	0
62	169	-1	0
169	239	-1	0
239	3	-1	0
3	202	-1	0
202	5	-1	0
5	111	-1	0
111	171	-1	0
171	0	-1	0
