/* Number of Operations */
250
/* List of Operations. */
/* Start	End	Fly	#Internal	Locations...*/
0	209	-1	0
209	41	-1	0
41	85	-1	0
85	204	-1	0
204	155	-1	0
155	27	-1	0
27	57	-1	0
57	102	-1	0
102	159	-1	0
159	117	-1	0
117	214	-1	0
214	14	-1	0
14	196	-1	0
196	2	-1	0
2	188	-1	0
188	19	-1	0
19	220	-1	0
220	49	-1	0
49	94	-1	0
94	199	-1	0
199	215	-1	0
215	134	-1	0
134	64	-1	0
64	240	-1	0
240	114	-1	0
114	97	-1	0
97	167	-1	0
167	160	-1	0
160	154	-1	0
154	70	-1	0
70	80	-1	0
80	137	-1	0
137	108	-1	0
108	192	-1	0
192	12	-1	0
12	142	-1	0
142	35	-1	0
35	244	-1	0
244	237	-1	0
237	110	-1	0
110	207	-1	0
207	138	-1	0
138	87	-1	0
87	127	-1	0
127	1	-1	0
1	58	-1	0
58	112	-1	0
112	146	-1	0
146	186	-1	0
186	18	-1	0
18	222	-1	0
222	101	-1	0
101	206	-1	0
206	216	-1	0
216	83	-1	0
83	98	-1	0
98	210	-1	0
210	226	-1	0
226	121	-1	0
121	239	-1	0
239	156	-1	0
156	202	-1	0
202	230	-1	0
230	185	-1	0
185	24	-1	0
24	69	-1	0
69	33	-1	0
33	25	-1	0
25	48	-1	0
48	151	-1	0
151	20	-1	0
20	99	-1	0
99	197	-1	0
197	51	-1	0
51	71	-1	0
71	5	-1	0
5	67	-1	0
67	200	-1	0
200	177	-1	0
177	164	-1	0
164	21	-1	0
21	91	-1	0
91	23	-1	0
23	193	-1	0
193	37	-1	0
37	66	-1	0
66	172	-1	0
172	22	-1	0
22	107	-1	0
107	63	-1	0
63	59	-1	0
59	50	-1	0
50	175	-1	0
175	73	-1	0
73	147	-1	0
147	135	-1	0
135	219	-1	0
219	212	-1	0
212	76	-1	0
76	243	-1	0
243	217	-1	0
217	40	-1	0
40	191	-1	0
191	129	-1	0
129	140	-1	0
140	183	-1	0
183	227	-1	0
227	36	-1	0
36	103	-1	0
103	178	-1	0
178	39	-1	0
39	92	-1	0
92	176	-1	0
176	133	-1	0
133	144	-1	0
144	148	-1	0
148	246	-1	0
246	128	-1	0
128	42	-1	0
42	47	-1	0
47	231	-1	0
231	181	-1	0
181	163	-1	0
163	60	-1	0
60	7	-1	0
7	55	-1	0
55	34	-1	0
34	93	-1	0
93	54	-1	0
54	105	-1	0
105	72	-1	0
72	161	-1	0
161	189	-1	0
189	195	-1	0
195	95	-1	0
95	139	-1	0
139	225	-1	0
225	106	-1	0
106	4	-1	0
4	65	-1	0
65	38	-1	0
38	141	-1	0
141	123	-1	0
123	238	-1	0
238	152	-1	0
152	32	-1	0
32	248	-1	0
248	165	-1	0
165	131	-1	0
131	53	-1	0
53	158	-1	0
158	118	-1	0
118	75	-1	0
75	6	-1	0
6	17	-1	0
17	111	-1	0
111	203	-1	0
203	228	-1	0
228	218	-1	0
218	45	-1	0
45	74	-1	0
74	190	-1	0
190	122	-1	0
122	224	-1	0
224	201	-1	0
201	30	-1	0
30	162	-1	0
162	68	-1	0
68	245	-1	0
245	84	-1	0
84	180	-1	0
180	184	-1	0
184	90	-1	0
90	77	-1	0
77	125	-1	0
125	43	-1	0
43	157	-1	0
157	120	-1	0
120	116	-1	0
116	86	-1	0
86	8	-1	0
8	13	-1	0
13	15	-1	0
15	61	-1	0
61	150	-1	0
150	145	-1	0
145	10	-1	0
10	236	-1	0
236	170	-1	0
170	205	-1	0
205	109	-1	0
109	247	-1	0
247	221	-1	0
221	26	-1	0
26	249	-1	0
249	31	-1	0
31	16	-1	0
16	182	-1	0
182	96	-1	0
96	235	-1	0
235	100	-1	0
100	44	-1	0
44	229	-1	0
229	11	-1	0
11	113	-1	0
113	234	-1	0
234	52	-1	0
52	115	-1	0
115	179	-1	0
179	213	-1	0
213	88	-1	0
88	126	-1	0
126	56	-1	0
56	82	-1	0
82	166	-1	0
166	28	-1	0
28	104	-1	0
104	174	-1	0
174	79	-1	0
79	233	-1	0
233	169	-1	0
169	9	-1	0
9	198	-1	0
198	149	-1	0
149	89	-1	0
89	232	-1	0
232	171	-1	0
171	168	-1	0
168	119	-1	0
119	81	-1	0
81	173	-1	0
173	3	-1	0
3	78	-1	0
78	242	-1	0
242	153	-1	0
153	223	-1	0
223	46	-1	0
46	241	-1	0
241	136	-1	0
136	29	-1	0
29	62	-1	0
62	130	-1	0
130	132	-1	0
132	124	-1	0
124	187	-1	0
187	143	-1	0
143	211	-1	0
211	194	-1	0
194	208	-1	0
208	0	-1	0
