/* Number of Operations */
250
/* List of Operations. */
/* Start	End	Fly	#Internal	Locations...*/
0	184	-1	0
184	46	-1	0
46	159	-1	0
159	137	-1	0
137	174	-1	0
174	75	-1	0
75	100	-1	0
100	90	-1	0
90	71	-1	0
71	94	-1	0
94	85	-1	0
85	161	-1	0
161	162	-1	0
162	142	-1	0
142	18	-1	0
18	114	-1	0
114	105	-1	0
105	50	-1	0
50	47	-1	0
47	181	-1	0
181	188	-1	0
188	195	-1	0
195	189	-1	0
189	211	-1	0
211	198	-1	0
198	208	-1	0
208	160	-1	0
160	143	-1	0
143	62	-1	0
62	40	-1	0
40	89	-1	0
89	93	-1	0
93	39	-1	0
39	222	-1	0
222	19	-1	0
19	164	-1	0
164	10	-1	0
10	136	-1	0
136	213	-1	0
213	109	-1	0
109	194	-1	0
194	167	-1	0
167	156	-1	0
156	24	-1	0
24	139	-1	0
139	168	-1	0
168	228	-1	0
228	138	-1	0
138	116	-1	0
116	52	-1	0
52	98	-1	0
98	2	-1	0
2	178	-1	0
178	179	-1	0
179	25	-1	0
25	42	-1	0
42	247	-1	0
247	230	-1	0
230	86	-1	0
86	235	-1	0
235	83	-1	0
83	69	-1	0
69	6	-1	0
6	205	-1	0
205	215	-1	0
215	49	-1	0
49	99	-1	0
99	88	-1	0
88	32	-1	0
32	44	-1	0
44	79	-1	0
79	193	-1	0
193	97	-1	0
97	190	-1	0
190	203	-1	0
203	165	-1	0
165	48	-1	0
48	120	-1	0
120	144	-1	0
144	219	-1	0
219	112	-1	0
112	199	-1	0
199	223	-1	0
223	82	-1	0
82	218	-1	0
218	183	-1	0
183	249	-1	0
249	124	-1	0
124	118	-1	0
118	3	-1	0
3	51	-1	0
51	220	-1	0
220	55	-1	0
55	13	-1	0
13	54	-1	0
54	70	-1	0
70	204	-1	0
204	158	-1	0
158	33	-1	0
33	73	-1	0
73	187	-1	0
187	171	-1	0
171	29	-1	0
29	209	-1	0
209	170	-1	0
170	108	-1	0
108	191	-1	0
191	224	-1	0
224	12	-1	0
12	84	-1	0
84	17	-1	0
17	140	-1	0
140	16	-1	0
16	239	-1	0
239	77	-1	0
77	30	-1	0
30	43	-1	0
43	248	-1	0
248	53	-1	0
53	14	-1	0
14	35	-1	0
35	148	-1	0
148	34	-1	0
34	180	-1	0
180	153	-1	0
153	169	-1	0
169	245	-1	0
245	20	-1	0
20	92	-1	0
92	37	-1	0
37	102	-1	0
102	233	-1	0
233	9	-1	0
9	107	-1	0
107	121	-1	0
121	241	-1	0
241	110	-1	0
110	36	-1	0
36	175	-1	0
175	123	-1	0
123	214	-1	0
214	96	-1	0
96	31	-1	0
31	45	-1	0
45	76	-1	0
76	182	-1	0
182	146	-1	0
146	133	-1	0
133	237	-1	0
237	66	-1	0
66	4	-1	0
4	141	-1	0
141	155	-1	0
155	95	-1	0
95	177	-1	0
177	150	-1	0
150	244	-1	0
244	128	-1	0
128	206	-1	0
206	1	-1	0
1	154	-1	0
154	91	-1	0
91	113	-1	0
113	231	-1	0
231	192	-1	0
192	135	-1	0
135	152	-1	0
152	212	-1	0
212	56	-1	0
56	68	-1	0
68	72	-1	0
72	234	-1	0
234	126	-1	0
126	58	-1	0
58	151	-1	0
151	157	-1	0
157	8	-1	0
8	103	-1	0
103	217	-1	0
217	127	-1	0
127	201	-1	0
201	216	-1	0
216	11	-1	0
11	122	-1	0
122	61	-1	0
61	101	-1	0
101	243	-1	0
243	129	-1	0
129	78	-1	0
78	226	-1	0
226	240	-1	0
240	236	-1	0
236	63	-1	0
63	15	-1	0
15	64	-1	0
64	225	-1	0
225	60	-1	0
60	132	-1	0
132	28	-1	0
28	221	-1	0
221	197	-1	0
197	74	-1	0
74	87	-1	0
87	147	-1	0
147	134	-1	0
134	41	-1	0
41	111	-1	0
111	117	-1	0
117	115	-1	0
115	27	-1	0
27	196	-1	0
196	200	-1	0
200	166	-1	0
166	131	-1	0
131	130	-1	0
130	210	-1	0
210	232	-1	0
232	67	-1	0
67	172	-1	0
172	242	-1	0
242	23	-1	0
23	38	-1	0
38	149	-1	0
149	186	-1	0
186	229	-1	0
229	65	-1	0
65	207	-1	0
207	5	-1	0
5	145	-1	0
145	119	-1	0
119	57	-1	0
57	106	-1	0
106	125	-1	0
125	81	-1	0
81	202	-1	0
202	7	-1	0
7	176	-1	0
176	238	-1	0
238	22	-1	0
22	59	-1	0
59	227	-1	0
227	163	-1	0
163	80	-1	0
80	21	-1	0
21	185	-1	0
185	104	-1	0
104	246	-1	0
246	26	-1	0
26	173	-1	0
173	0	-1	0
