/* Number of Operations */
375
/* List of Operations. */
/* Start	End	Fly	#Internal	Locations...*/
0	366	-1	0
366	92	-1	0
92	138	-1	0
138	236	-1	0
236	303	-1	0
303	48	-1	0
48	234	-1	0
234	40	-1	0
40	100	-1	0
100	126	-1	0
126	213	-1	0
213	59	-1	0
59	160	-1	0
160	361	-1	0
361	297	-1	0
297	254	-1	0
254	80	-1	0
80	235	-1	0
235	363	-1	0
363	141	-1	0
141	343	-1	0
343	110	-1	0
110	267	-1	0
267	336	-1	0
336	374	-1	0
374	201	-1	0
201	306	-1	0
306	51	-1	0
51	278	-1	0
278	373	-1	0
373	117	-1	0
117	132	-1	0
132	178	-1	0
178	32	-1	0
32	16	-1	0
16	270	-1	0
270	47	-1	0
47	183	-1	0
183	272	-1	0
272	317	-1	0
317	226	-1	0
226	149	-1	0
149	368	-1	0
368	273	-1	0
273	91	-1	0
91	242	-1	0
242	106	-1	0
106	176	-1	0
176	227	-1	0
227	240	-1	0
240	349	-1	0
349	122	-1	0
122	72	-1	0
72	119	-1	0
119	216	-1	0
216	244	-1	0
244	231	-1	0
231	116	-1	0
116	137	-1	0
137	208	-1	0
208	129	-1	0
129	97	-1	0
97	362	-1	0
362	121	-1	0
121	314	-1	0
314	145	-1	0
145	209	-1	0
209	45	-1	0
45	184	-1	0
184	170	-1	0
170	161	-1	0
161	22	-1	0
22	210	-1	0
210	288	-1	0
288	230	-1	0
230	37	-1	0
37	153	-1	0
153	294	-1	0
294	233	-1	0
233	146	-1	0
146	222	-1	0
222	125	-1	0
125	327	-1	0
327	367	-1	0
367	157	-1	0
157	187	-1	0
187	89	-1	0
89	203	-1	0
203	196	-1	0
196	282	-1	0
282	148	-1	0
148	257	-1	0
257	70	-1	0
70	262	-1	0
262	307	-1	0
307	355	-1	0
355	311	-1	0
311	65	-1	0
65	180	-1	0
180	46	-1	0
46	318	-1	0
318	168	-1	0
168	252	-1	0
252	264	-1	0
264	340	-1	0
340	44	-1	0
44	263	-1	0
263	356	-1	0
356	133	-1	0
133	371	-1	0
371	13	-1	0
13	249	-1	0
249	276	-1	0
276	105	-1	0
105	166	-1	0
166	293	-1	0
293	108	-1	0
108	194	-1	0
194	130	-1	0
130	345	-1	0
345	229	-1	0
229	135	-1	0
135	268	-1	0
268	62	-1	0
62	308	-1	0
308	325	-1	0
325	313	-1	0
313	14	-1	0
14	60	-1	0
60	329	-1	0
329	266	-1	0
266	171	-1	0
171	339	-1	0
339	197	-1	0
197	335	-1	0
335	192	-1	0
192	85	-1	0
85	179	-1	0
179	247	-1	0
247	34	-1	0
34	143	-1	0
143	219	-1	0
219	256	-1	0
256	159	-1	0
159	25	-1	0
25	53	-1	0
53	163	-1	0
163	280	-1	0
280	42	-1	0
42	271	-1	0
271	269	-1	0
269	188	-1	0
188	337	-1	0
337	90	-1	0
90	330	-1	0
330	93	-1	0
93	94	-1	0
94	320	-1	0
320	253	-1	0
253	281	-1	0
281	87	-1	0
87	155	-1	0
155	260	-1	0
260	212	-1	0
212	18	-1	0
18	277	-1	0
277	68	-1	0
68	239	-1	0
239	248	-1	0
248	364	-1	0
364	8	-1	0
8	151	-1	0
151	81	-1	0
81	55	-1	0
55	259	-1	0
259	102	-1	0
102	147	-1	0
147	193	-1	0
193	75	-1	0
75	113	-1	0
113	365	-1	0
365	302	-1	0
302	191	-1	0
191	101	-1	0
101	15	-1	0
15	3	-1	0
3	207	-1	0
207	285	-1	0
285	245	-1	0
245	279	-1	0
279	175	-1	0
175	2	-1	0
2	291	-1	0
291	286	-1	0
286	300	-1	0
300	82	-1	0
82	177	-1	0
177	162	-1	0
162	158	-1	0
158	96	-1	0
96	17	-1	0
17	185	-1	0
185	142	-1	0
142	95	-1	0
95	4	-1	0
4	289	-1	0
289	215	-1	0
215	360	-1	0
360	331	-1	0
331	127	-1	0
127	333	-1	0
333	33	-1	0
33	312	-1	0
312	78	-1	0
78	73	-1	0
73	150	-1	0
150	310	-1	0
310	205	-1	0
205	5	-1	0
5	86	-1	0
86	370	-1	0
370	305	-1	0
305	358	-1	0
358	232	-1	0
232	112	-1	0
112	195	-1	0
195	250	-1	0
250	246	-1	0
246	99	-1	0
99	31	-1	0
31	217	-1	0
217	309	-1	0
309	79	-1	0
79	167	-1	0
167	28	-1	0
28	274	-1	0
274	275	-1	0
275	255	-1	0
255	218	-1	0
218	326	-1	0
326	304	-1	0
304	198	-1	0
198	128	-1	0
128	315	-1	0
315	225	-1	0
225	284	-1	0
284	39	-1	0
39	251	-1	0
251	107	-1	0
107	139	-1	0
139	301	-1	0
301	342	-1	0
342	38	-1	0
38	173	-1	0
173	131	-1	0
131	352	-1	0
352	140	-1	0
140	29	-1	0
29	221	-1	0
221	144	-1	0
144	7	-1	0
7	169	-1	0
169	9	-1	0
9	348	-1	0
348	332	-1	0
332	189	-1	0
189	154	-1	0
154	220	-1	0
220	76	-1	0
76	152	-1	0
152	49	-1	0
49	35	-1	0
35	115	-1	0
115	353	-1	0
353	265	-1	0
265	372	-1	0
372	118	-1	0
118	20	-1	0
20	66	-1	0
66	56	-1	0
56	74	-1	0
74	200	-1	0
200	136	-1	0
136	241	-1	0
241	341	-1	0
341	258	-1	0
258	164	-1	0
164	88	-1	0
88	206	-1	0
206	27	-1	0
27	214	-1	0
214	323	-1	0
323	21	-1	0
21	334	-1	0
334	299	-1	0
299	172	-1	0
172	61	-1	0
61	104	-1	0
104	30	-1	0
30	351	-1	0
351	77	-1	0
77	36	-1	0
36	83	-1	0
83	350	-1	0
350	346	-1	0
346	19	-1	0
19	1	-1	0
1	23	-1	0
23	103	-1	0
103	120	-1	0
120	12	-1	0
12	295	-1	0
295	186	-1	0
186	224	-1	0
224	290	-1	0
290	64	-1	0
64	287	-1	0
287	165	-1	0
165	322	-1	0
322	369	-1	0
369	228	-1	0
228	98	-1	0
98	24	-1	0
24	324	-1	0
324	26	-1	0
26	58	-1	0
58	84	-1	0
84	298	-1	0
298	359	-1	0
359	123	-1	0
123	67	-1	0
67	63	-1	0
63	57	-1	0
57	199	-1	0
199	243	-1	0
243	316	-1	0
316	328	-1	0
328	6	-1	0
6	156	-1	0
156	204	-1	0
204	354	-1	0
354	338	-1	0
338	54	-1	0
54	43	-1	0
43	52	-1	0
52	261	-1	0
261	134	-1	0
134	238	-1	0
238	202	-1	0
202	50	-1	0
50	182	-1	0
182	357	-1	0
357	124	-1	0
124	296	-1	0
296	283	-1	0
283	174	-1	0
174	109	-1	0
109	347	-1	0
347	10	-1	0
10	237	-1	0
237	41	-1	0
41	111	-1	0
111	11	-1	0
11	321	-1	0
321	211	-1	0
211	223	-1	0
223	344	-1	0
344	181	-1	0
181	319	-1	0
319	292	-1	0
292	71	-1	0
71	190	-1	0
190	69	-1	0
69	114	-1	0
114	0	-1	0
