/* Number of Operations */
50
/* List of Operations. */
/* Start	End	Fly	#Internal	Locations...*/
0	11	-1	0
11	12	-1	0
12	28	-1	0
28	10	-1	0
10	42	-1	0
42	39	-1	0
39	31	-1	0
31	36	-1	0
36	8	-1	0
8	34	-1	0
34	4	-1	0
4	35	-1	0
35	15	-1	0
15	43	-1	0
43	41	-1	0
41	23	-1	0
23	17	-1	0
17	24	-1	0
24	5	-1	0
5	9	-1	0
9	30	-1	0
30	22	-1	0
22	18	-1	0
18	2	-1	0
2	38	-1	0
38	16	-1	0
16	27	-1	0
27	7	-1	0
7	48	-1	0
48	49	-1	0
49	6	-1	0
6	20	-1	0
20	33	-1	0
33	3	-1	0
3	26	-1	0
26	13	-1	0
13	37	-1	0
37	44	-1	0
44	29	-1	0
29	25	-1	0
25	45	-1	0
45	1	-1	0
1	32	-1	0
32	47	-1	0
47	21	-1	0
21	14	-1	0
14	46	-1	0
46	40	-1	0
40	19	-1	0
19	0	-1	0
