/* Number of Operations */
375
/* List of Operations. */
/* Start	End	Fly	#Internal	Locations...*/
0	360	-1	0
360	1	-1	0
1	97	-1	0
97	64	-1	0
64	7	-1	0
7	94	-1	0
94	49	-1	0
49	226	-1	0
226	248	-1	0
248	255	-1	0
255	286	-1	0
286	337	-1	0
337	70	-1	0
70	225	-1	0
225	195	-1	0
195	140	-1	0
140	104	-1	0
104	136	-1	0
136	364	-1	0
364	164	-1	0
164	201	-1	0
201	264	-1	0
264	12	-1	0
12	295	-1	0
295	256	-1	0
256	279	-1	0
279	216	-1	0
216	56	-1	0
56	147	-1	0
147	110	-1	0
110	291	-1	0
291	187	-1	0
187	213	-1	0
213	42	-1	0
42	312	-1	0
312	96	-1	0
96	276	-1	0
276	210	-1	0
210	373	-1	0
373	63	-1	0
63	78	-1	0
78	15	-1	0
15	322	-1	0
322	191	-1	0
191	341	-1	0
341	161	-1	0
161	26	-1	0
26	231	-1	0
231	124	-1	0
124	267	-1	0
267	323	-1	0
323	234	-1	0
234	220	-1	0
220	284	-1	0
284	356	-1	0
356	306	-1	0
306	308	-1	0
308	9	-1	0
9	357	-1	0
357	81	-1	0
81	251	-1	0
251	21	-1	0
21	358	-1	0
358	208	-1	0
208	55	-1	0
55	263	-1	0
263	8	-1	0
8	209	-1	0
209	129	-1	0
129	258	-1	0
258	230	-1	0
230	37	-1	0
37	62	-1	0
62	338	-1	0
338	196	-1	0
196	204	-1	0
204	261	-1	0
261	214	-1	0
214	69	-1	0
69	302	-1	0
302	346	-1	0
346	116	-1	0
116	138	-1	0
138	243	-1	0
243	167	-1	0
167	175	-1	0
175	169	-1	0
169	331	-1	0
331	65	-1	0
65	41	-1	0
41	198	-1	0
198	239	-1	0
239	298	-1	0
298	68	-1	0
68	299	-1	0
299	365	-1	0
365	314	-1	0
314	294	-1	0
294	310	-1	0
310	54	-1	0
54	192	-1	0
192	52	-1	0
52	155	-1	0
155	43	-1	0
43	120	-1	0
120	217	-1	0
217	317	-1	0
317	51	-1	0
51	307	-1	0
307	363	-1	0
363	280	-1	0
280	289	-1	0
289	154	-1	0
154	48	-1	0
48	224	-1	0
224	95	-1	0
95	174	-1	0
174	25	-1	0
25	238	-1	0
238	207	-1	0
207	72	-1	0
72	2	-1	0
2	342	-1	0
342	71	-1	0
71	272	-1	0
272	105	-1	0
105	285	-1	0
285	118	-1	0
118	156	-1	0
156	108	-1	0
108	290	-1	0
290	59	-1	0
59	139	-1	0
139	123	-1	0
123	121	-1	0
121	354	-1	0
354	79	-1	0
79	324	-1	0
324	6	-1	0
6	367	-1	0
367	227	-1	0
227	83	-1	0
83	149	-1	0
149	200	-1	0
200	10	-1	0
10	252	-1	0
252	212	-1	0
212	246	-1	0
246	23	-1	0
23	366	-1	0
366	266	-1	0
266	133	-1	0
133	170	-1	0
170	309	-1	0
309	47	-1	0
47	303	-1	0
303	106	-1	0
106	150	-1	0
150	31	-1	0
31	340	-1	0
340	330	-1	0
330	178	-1	0
178	111	-1	0
111	33	-1	0
33	126	-1	0
126	327	-1	0
327	66	-1	0
66	283	-1	0
283	319	-1	0
319	32	-1	0
32	125	-1	0
125	84	-1	0
84	17	-1	0
17	359	-1	0
359	22	-1	0
22	61	-1	0
61	88	-1	0
88	76	-1	0
76	131	-1	0
131	128	-1	0
128	159	-1	0
159	245	-1	0
245	130	-1	0
130	334	-1	0
334	168	-1	0
168	305	-1	0
305	278	-1	0
278	297	-1	0
297	188	-1	0
188	46	-1	0
46	320	-1	0
320	137	-1	0
137	254	-1	0
254	20	-1	0
20	75	-1	0
75	98	-1	0
98	211	-1	0
211	332	-1	0
332	221	-1	0
221	259	-1	0
259	5	-1	0
5	144	-1	0
144	60	-1	0
60	114	-1	0
114	270	-1	0
270	14	-1	0
14	162	-1	0
162	163	-1	0
163	67	-1	0
67	112	-1	0
112	281	-1	0
281	127	-1	0
127	274	-1	0
274	288	-1	0
288	236	-1	0
236	336	-1	0
336	24	-1	0
24	179	-1	0
179	371	-1	0
371	177	-1	0
177	18	-1	0
18	292	-1	0
292	271	-1	0
271	34	-1	0
34	273	-1	0
273	370	-1	0
370	13	-1	0
13	296	-1	0
296	40	-1	0
40	148	-1	0
148	158	-1	0
158	152	-1	0
152	361	-1	0
361	326	-1	0
326	92	-1	0
92	241	-1	0
241	333	-1	0
333	262	-1	0
262	372	-1	0
372	240	-1	0
240	300	-1	0
300	90	-1	0
90	146	-1	0
146	74	-1	0
74	117	-1	0
117	86	-1	0
86	355	-1	0
355	93	-1	0
93	176	-1	0
176	301	-1	0
301	249	-1	0
249	257	-1	0
257	235	-1	0
235	19	-1	0
19	343	-1	0
343	316	-1	0
316	30	-1	0
30	199	-1	0
199	265	-1	0
265	344	-1	0
344	36	-1	0
36	311	-1	0
311	219	-1	0
219	313	-1	0
313	229	-1	0
229	218	-1	0
218	44	-1	0
44	194	-1	0
194	349	-1	0
349	11	-1	0
11	141	-1	0
141	233	-1	0
233	134	-1	0
134	244	-1	0
244	348	-1	0
348	180	-1	0
180	145	-1	0
145	228	-1	0
228	171	-1	0
171	304	-1	0
304	205	-1	0
205	58	-1	0
58	103	-1	0
103	102	-1	0
102	374	-1	0
374	287	-1	0
287	45	-1	0
45	247	-1	0
247	143	-1	0
143	202	-1	0
202	318	-1	0
318	189	-1	0
189	193	-1	0
193	242	-1	0
242	153	-1	0
153	197	-1	0
197	157	-1	0
157	351	-1	0
351	85	-1	0
85	269	-1	0
269	122	-1	0
122	173	-1	0
173	335	-1	0
335	223	-1	0
223	232	-1	0
232	237	-1	0
237	16	-1	0
16	113	-1	0
113	166	-1	0
166	89	-1	0
89	50	-1	0
50	345	-1	0
345	185	-1	0
185	184	-1	0
184	181	-1	0
181	53	-1	0
53	190	-1	0
190	77	-1	0
77	87	-1	0
87	215	-1	0
215	28	-1	0
28	91	-1	0
91	109	-1	0
109	186	-1	0
186	368	-1	0
368	107	-1	0
107	172	-1	0
172	250	-1	0
250	350	-1	0
350	73	-1	0
73	260	-1	0
260	328	-1	0
328	325	-1	0
325	352	-1	0
352	369	-1	0
369	132	-1	0
132	275	-1	0
275	165	-1	0
165	203	-1	0
203	101	-1	0
101	282	-1	0
282	339	-1	0
339	321	-1	0
321	160	-1	0
160	151	-1	0
151	119	-1	0
119	222	-1	0
222	182	-1	0
182	206	-1	0
206	115	-1	0
115	27	-1	0
27	57	-1	0
57	3	-1	0
3	362	-1	0
362	353	-1	0
353	253	-1	0
253	100	-1	0
100	38	-1	0
38	277	-1	0
277	268	-1	0
268	293	-1	0
293	82	-1	0
82	329	-1	0
329	39	-1	0
39	135	-1	0
135	35	-1	0
35	142	-1	0
142	347	-1	0
347	80	-1	0
80	29	-1	0
29	4	-1	0
4	99	-1	0
99	315	-1	0
315	183	-1	0
183	0	-1	0
