/* Number of Operations */
250
/* List of Operations. */
/* Start	End	Fly	#Internal	Locations...*/
0	222	-1	0
222	152	-1	0
152	61	-1	0
61	89	-1	0
89	106	-1	0
106	185	-1	0
185	63	-1	0
63	158	-1	0
158	173	-1	0
173	117	-1	0
117	10	-1	0
10	25	-1	0
25	110	-1	0
110	188	-1	0
188	103	-1	0
103	27	-1	0
27	248	-1	0
248	210	-1	0
210	187	-1	0
187	142	-1	0
142	125	-1	0
125	179	-1	0
179	72	-1	0
72	7	-1	0
7	129	-1	0
129	49	-1	0
49	41	-1	0
41	224	-1	0
224	166	-1	0
166	97	-1	0
97	99	-1	0
99	194	-1	0
194	115	-1	0
115	55	-1	0
55	220	-1	0
220	70	-1	0
70	28	-1	0
28	12	-1	0
12	169	-1	0
169	95	-1	0
95	14	-1	0
14	6	-1	0
6	131	-1	0
131	249	-1	0
249	65	-1	0
65	50	-1	0
50	32	-1	0
32	209	-1	0
209	45	-1	0
45	107	-1	0
107	13	-1	0
13	172	-1	0
172	73	-1	0
73	137	-1	0
137	69	-1	0
69	175	-1	0
175	195	-1	0
195	29	-1	0
29	127	-1	0
127	26	-1	0
26	88	-1	0
88	200	-1	0
200	136	-1	0
136	193	-1	0
193	5	-1	0
5	33	-1	0
33	82	-1	0
82	113	-1	0
113	21	-1	0
21	51	-1	0
51	58	-1	0
58	86	-1	0
86	109	-1	0
109	219	-1	0
219	150	-1	0
150	140	-1	0
140	241	-1	0
241	199	-1	0
199	228	-1	0
228	24	-1	0
24	121	-1	0
121	242	-1	0
242	96	-1	0
96	247	-1	0
247	162	-1	0
162	226	-1	0
226	232	-1	0
232	155	-1	0
155	146	-1	0
146	176	-1	0
176	8	-1	0
8	216	-1	0
216	207	-1	0
207	123	-1	0
123	148	-1	0
148	120	-1	0
120	43	-1	0
43	225	-1	0
225	231	-1	0
231	46	-1	0
46	36	-1	0
36	30	-1	0
30	2	-1	0
2	213	-1	0
213	38	-1	0
38	3	-1	0
3	130	-1	0
130	182	-1	0
182	184	-1	0
184	177	-1	0
177	126	-1	0
126	20	-1	0
20	197	-1	0
197	1	-1	0
1	40	-1	0
40	111	-1	0
111	11	-1	0
11	236	-1	0
236	80	-1	0
80	181	-1	0
181	52	-1	0
52	67	-1	0
67	189	-1	0
189	34	-1	0
34	164	-1	0
164	160	-1	0
160	156	-1	0
156	243	-1	0
243	139	-1	0
139	90	-1	0
90	205	-1	0
205	151	-1	0
151	239	-1	0
239	157	-1	0
157	35	-1	0
35	183	-1	0
183	202	-1	0
202	174	-1	0
174	92	-1	0
92	108	-1	0
108	214	-1	0
214	154	-1	0
154	66	-1	0
66	233	-1	0
233	191	-1	0
191	116	-1	0
116	186	-1	0
186	141	-1	0
141	53	-1	0
53	165	-1	0
165	102	-1	0
102	178	-1	0
178	60	-1	0
60	78	-1	0
78	47	-1	0
47	144	-1	0
144	16	-1	0
16	198	-1	0
198	59	-1	0
59	68	-1	0
68	171	-1	0
171	149	-1	0
149	112	-1	0
112	85	-1	0
85	37	-1	0
37	230	-1	0
230	48	-1	0
48	190	-1	0
190	237	-1	0
237	118	-1	0
118	134	-1	0
134	71	-1	0
71	98	-1	0
98	201	-1	0
201	122	-1	0
122	215	-1	0
215	79	-1	0
79	124	-1	0
124	22	-1	0
22	18	-1	0
18	114	-1	0
114	138	-1	0
138	87	-1	0
87	229	-1	0
229	196	-1	0
196	204	-1	0
204	57	-1	0
57	234	-1	0
234	235	-1	0
235	192	-1	0
192	206	-1	0
206	128	-1	0
128	168	-1	0
168	159	-1	0
159	64	-1	0
64	167	-1	0
167	100	-1	0
100	19	-1	0
19	163	-1	0
163	161	-1	0
161	77	-1	0
77	105	-1	0
105	9	-1	0
9	221	-1	0
221	91	-1	0
91	170	-1	0
170	218	-1	0
218	74	-1	0
74	75	-1	0
75	15	-1	0
15	39	-1	0
39	42	-1	0
42	143	-1	0
143	211	-1	0
211	76	-1	0
76	135	-1	0
135	240	-1	0
240	180	-1	0
180	4	-1	0
4	62	-1	0
62	119	-1	0
119	101	-1	0
101	227	-1	0
227	31	-1	0
31	212	-1	0
212	245	-1	0
245	44	-1	0
44	132	-1	0
132	203	-1	0
203	238	-1	0
238	17	-1	0
17	81	-1	0
81	54	-1	0
54	84	-1	0
84	244	-1	0
244	153	-1	0
153	104	-1	0
104	83	-1	0
83	56	-1	0
56	94	-1	0
94	147	-1	0
147	133	-1	0
133	223	-1	0
223	217	-1	0
217	23	-1	0
23	246	-1	0
246	208	-1	0
208	145	-1	0
145	93	-1	0
93	0	-1	0
