/* Number of Operations */
75
/* List of Operations. */
/* Start	End	Fly	#Internal	Locations...*/
0	55	-1	0
55	26	-1	0
26	38	-1	0
38	52	-1	0
52	56	-1	0
56	59	-1	0
59	44	-1	0
44	11	-1	0
11	64	-1	0
64	19	-1	0
19	74	-1	0
74	15	-1	0
15	53	-1	0
53	63	-1	0
63	61	-1	0
61	67	-1	0
67	10	-1	0
10	42	-1	0
42	12	-1	0
12	31	-1	0
31	8	-1	0
8	3	-1	0
3	14	-1	0
14	37	-1	0
37	49	-1	0
49	1	-1	0
1	30	-1	0
30	39	-1	0
39	25	-1	0
25	66	-1	0
66	16	-1	0
16	27	-1	0
27	36	-1	0
36	20	-1	0
20	9	-1	0
9	29	-1	0
29	21	-1	0
21	54	-1	0
54	7	-1	0
7	33	-1	0
33	41	-1	0
41	17	-1	0
17	40	-1	0
40	68	-1	0
68	71	-1	0
71	13	-1	0
13	28	-1	0
28	34	-1	0
34	18	-1	0
18	24	-1	0
24	72	-1	0
72	45	-1	0
45	65	-1	0
65	6	-1	0
6	4	-1	0
4	58	-1	0
58	32	-1	0
32	5	-1	0
5	62	-1	0
62	43	-1	0
43	69	-1	0
69	51	-1	0
51	73	-1	0
73	48	-1	0
48	23	-1	0
23	2	-1	0
2	60	-1	0
60	35	-1	0
35	22	-1	0
22	50	-1	0
50	70	-1	0
70	57	-1	0
57	46	-1	0
46	47	-1	0
47	0	-1	0
