/* Number of Operations */
75
/* List of Operations. */
/* Start	End	Fly	#Internal	Locations...*/
0	23	-1	0
23	46	-1	0
46	71	-1	0
71	58	-1	0
58	43	-1	0
43	19	-1	0
19	73	-1	0
73	35	-1	0
35	50	-1	0
50	44	-1	0
44	10	-1	0
10	54	-1	0
54	8	-1	0
8	13	-1	0
13	1	-1	0
1	62	-1	0
62	15	-1	0
15	55	-1	0
55	45	-1	0
45	59	-1	0
59	41	-1	0
41	48	-1	0
48	57	-1	0
57	4	-1	0
4	7	-1	0
7	28	-1	0
28	17	-1	0
17	52	-1	0
52	36	-1	0
36	24	-1	0
24	22	-1	0
22	32	-1	0
32	68	-1	0
68	69	-1	0
69	34	-1	0
34	9	-1	0
9	6	-1	0
6	47	-1	0
47	3	-1	0
3	37	-1	0
37	12	-1	0
12	61	-1	0
61	2	-1	0
2	26	-1	0
26	29	-1	0
29	63	-1	0
63	60	-1	0
60	65	-1	0
65	67	-1	0
67	5	-1	0
5	16	-1	0
16	49	-1	0
49	40	-1	0
40	66	-1	0
66	38	-1	0
38	20	-1	0
20	33	-1	0
33	70	-1	0
70	11	-1	0
11	27	-1	0
27	56	-1	0
56	72	-1	0
72	51	-1	0
51	14	-1	0
14	31	-1	0
31	21	-1	0
21	25	-1	0
25	30	-1	0
30	18	-1	0
18	42	-1	0
42	74	-1	0
74	39	-1	0
39	64	-1	0
64	53	-1	0
53	0	-1	0
