/* Number of Operations */
175
/* List of Operations. */
/* Start	End	Fly	#Internal	Locations...*/
0	50	-1	0
50	129	-1	0
129	83	-1	0
83	127	-1	0
127	110	-1	0
110	49	-1	0
49	75	-1	0
75	17	-1	0
17	151	-1	0
151	139	-1	0
139	98	-1	0
98	89	-1	0
89	6	-1	0
6	125	-1	0
125	107	-1	0
107	94	-1	0
94	34	-1	0
34	36	-1	0
36	120	-1	0
120	19	-1	0
19	109	-1	0
109	106	-1	0
106	69	-1	0
69	99	-1	0
99	102	-1	0
102	96	-1	0
96	148	-1	0
148	33	-1	0
33	142	-1	0
142	63	-1	0
63	145	-1	0
145	163	-1	0
163	115	-1	0
115	91	-1	0
91	71	-1	0
71	159	-1	0
159	164	-1	0
164	136	-1	0
136	97	-1	0
97	108	-1	0
108	166	-1	0
166	55	-1	0
55	103	-1	0
103	72	-1	0
72	16	-1	0
16	122	-1	0
122	56	-1	0
56	64	-1	0
64	74	-1	0
74	12	-1	0
12	14	-1	0
14	32	-1	0
32	22	-1	0
22	143	-1	0
143	117	-1	0
117	78	-1	0
78	116	-1	0
116	174	-1	0
174	9	-1	0
9	135	-1	0
135	131	-1	0
131	134	-1	0
134	11	-1	0
11	95	-1	0
95	126	-1	0
126	87	-1	0
87	28	-1	0
28	128	-1	0
128	111	-1	0
111	61	-1	0
61	65	-1	0
65	158	-1	0
158	76	-1	0
76	47	-1	0
47	105	-1	0
105	85	-1	0
85	171	-1	0
171	59	-1	0
59	81	-1	0
81	3	-1	0
3	44	-1	0
44	13	-1	0
13	146	-1	0
146	73	-1	0
73	68	-1	0
68	15	-1	0
15	147	-1	0
147	84	-1	0
84	154	-1	0
154	67	-1	0
67	162	-1	0
162	172	-1	0
172	167	-1	0
167	39	-1	0
39	37	-1	0
37	21	-1	0
21	130	-1	0
130	90	-1	0
90	165	-1	0
165	138	-1	0
138	113	-1	0
113	66	-1	0
66	161	-1	0
161	46	-1	0
46	27	-1	0
27	35	-1	0
35	118	-1	0
118	54	-1	0
54	26	-1	0
26	20	-1	0
20	51	-1	0
51	77	-1	0
77	150	-1	0
150	168	-1	0
168	79	-1	0
79	82	-1	0
82	132	-1	0
132	31	-1	0
31	57	-1	0
57	30	-1	0
30	18	-1	0
18	86	-1	0
86	45	-1	0
45	137	-1	0
137	88	-1	0
88	40	-1	0
40	156	-1	0
156	29	-1	0
29	10	-1	0
10	80	-1	0
80	41	-1	0
41	153	-1	0
153	60	-1	0
60	1	-1	0
1	92	-1	0
92	157	-1	0
157	23	-1	0
23	119	-1	0
119	169	-1	0
169	24	-1	0
24	58	-1	0
58	152	-1	0
152	114	-1	0
114	4	-1	0
4	112	-1	0
112	160	-1	0
160	101	-1	0
101	93	-1	0
93	133	-1	0
133	7	-1	0
7	62	-1	0
62	144	-1	0
144	173	-1	0
173	53	-1	0
53	141	-1	0
141	70	-1	0
70	170	-1	0
170	124	-1	0
124	43	-1	0
43	42	-1	0
42	121	-1	0
121	149	-1	0
149	100	-1	0
100	25	-1	0
25	48	-1	0
48	38	-1	0
38	52	-1	0
52	140	-1	0
140	155	-1	0
155	104	-1	0
104	5	-1	0
5	8	-1	0
8	2	-1	0
2	123	-1	0
123	0	-1	0
