/* Number of Operations */
75
/* List of Operations. */
/* Start	End	Fly	#Internal	Locations...*/
0	74	-1	0
74	43	-1	0
43	16	-1	0
16	10	-1	0
10	2	-1	0
2	8	-1	0
8	34	-1	0
34	12	-1	0
12	72	-1	0
72	47	-1	0
47	11	-1	0
11	3	-1	0
3	38	-1	0
38	14	-1	0
14	22	-1	0
22	53	-1	0
53	1	-1	0
1	73	-1	0
73	45	-1	0
45	35	-1	0
35	18	-1	0
18	67	-1	0
67	51	-1	0
51	9	-1	0
9	56	-1	0
56	7	-1	0
7	28	-1	0
28	61	-1	0
61	65	-1	0
65	6	-1	0
6	49	-1	0
49	4	-1	0
4	71	-1	0
71	69	-1	0
69	25	-1	0
25	63	-1	0
63	33	-1	0
33	46	-1	0
46	62	-1	0
62	42	-1	0
42	20	-1	0
20	59	-1	0
59	70	-1	0
70	13	-1	0
13	40	-1	0
40	19	-1	0
19	60	-1	0
60	48	-1	0
48	68	-1	0
68	5	-1	0
5	17	-1	0
17	37	-1	0
37	57	-1	0
57	39	-1	0
39	58	-1	0
58	31	-1	0
31	23	-1	0
23	29	-1	0
29	52	-1	0
52	64	-1	0
64	24	-1	0
24	30	-1	0
30	44	-1	0
44	26	-1	0
26	41	-1	0
41	21	-1	0
21	36	-1	0
36	32	-1	0
32	55	-1	0
55	66	-1	0
66	15	-1	0
15	27	-1	0
27	50	-1	0
50	54	-1	0
54	0	-1	0
