/* Number of Operations */
375
/* List of Operations. */
/* Start	End	Fly	#Internal	Locations...*/
0	13	-1	0
13	11	-1	0
11	253	-1	0
253	211	-1	0
211	231	-1	0
231	361	-1	0
361	241	-1	0
241	190	-1	0
190	235	-1	0
235	328	-1	0
328	119	-1	0
119	44	-1	0
44	272	-1	0
272	250	-1	0
250	83	-1	0
83	260	-1	0
260	32	-1	0
32	165	-1	0
165	197	-1	0
197	326	-1	0
326	271	-1	0
271	276	-1	0
276	146	-1	0
146	140	-1	0
140	233	-1	0
233	110	-1	0
110	204	-1	0
204	22	-1	0
22	98	-1	0
98	39	-1	0
39	74	-1	0
74	220	-1	0
220	132	-1	0
132	311	-1	0
311	92	-1	0
92	168	-1	0
168	116	-1	0
116	172	-1	0
172	42	-1	0
42	31	-1	0
31	34	-1	0
34	38	-1	0
38	368	-1	0
368	212	-1	0
212	310	-1	0
310	237	-1	0
237	218	-1	0
218	88	-1	0
88	25	-1	0
25	371	-1	0
371	73	-1	0
73	171	-1	0
171	366	-1	0
366	294	-1	0
294	288	-1	0
288	133	-1	0
133	226	-1	0
226	117	-1	0
117	206	-1	0
206	192	-1	0
192	154	-1	0
154	293	-1	0
293	69	-1	0
69	120	-1	0
120	77	-1	0
77	193	-1	0
193	273	-1	0
273	281	-1	0
281	205	-1	0
205	283	-1	0
283	30	-1	0
30	166	-1	0
166	248	-1	0
248	373	-1	0
373	86	-1	0
86	20	-1	0
20	188	-1	0
188	290	-1	0
290	307	-1	0
307	274	-1	0
274	15	-1	0
15	263	-1	0
263	145	-1	0
145	364	-1	0
364	232	-1	0
232	84	-1	0
84	180	-1	0
180	59	-1	0
59	96	-1	0
96	43	-1	0
43	85	-1	0
85	369	-1	0
369	289	-1	0
289	333	-1	0
333	184	-1	0
184	198	-1	0
198	55	-1	0
55	305	-1	0
305	51	-1	0
51	178	-1	0
178	279	-1	0
279	339	-1	0
339	57	-1	0
57	299	-1	0
299	63	-1	0
63	167	-1	0
167	238	-1	0
238	58	-1	0
58	174	-1	0
174	191	-1	0
191	97	-1	0
97	358	-1	0
358	357	-1	0
357	50	-1	0
50	129	-1	0
129	224	-1	0
224	296	-1	0
296	227	-1	0
227	337	-1	0
337	284	-1	0
284	312	-1	0
312	256	-1	0
256	242	-1	0
242	354	-1	0
354	93	-1	0
93	325	-1	0
325	9	-1	0
9	101	-1	0
101	217	-1	0
217	81	-1	0
81	330	-1	0
330	71	-1	0
71	317	-1	0
317	17	-1	0
17	240	-1	0
240	186	-1	0
186	161	-1	0
161	143	-1	0
143	344	-1	0
344	169	-1	0
169	270	-1	0
270	302	-1	0
302	99	-1	0
99	249	-1	0
249	45	-1	0
45	52	-1	0
52	181	-1	0
181	351	-1	0
351	303	-1	0
303	313	-1	0
313	223	-1	0
223	122	-1	0
122	221	-1	0
221	33	-1	0
33	282	-1	0
282	156	-1	0
156	79	-1	0
79	173	-1	0
173	115	-1	0
115	61	-1	0
61	321	-1	0
321	49	-1	0
49	78	-1	0
78	275	-1	0
275	26	-1	0
26	82	-1	0
82	48	-1	0
48	107	-1	0
107	295	-1	0
295	255	-1	0
255	47	-1	0
47	136	-1	0
136	125	-1	0
125	65	-1	0
65	222	-1	0
222	341	-1	0
341	108	-1	0
108	28	-1	0
28	355	-1	0
355	292	-1	0
292	331	-1	0
331	214	-1	0
214	216	-1	0
216	153	-1	0
153	159	-1	0
159	213	-1	0
213	66	-1	0
66	1	-1	0
1	225	-1	0
225	16	-1	0
16	149	-1	0
149	322	-1	0
322	352	-1	0
352	363	-1	0
363	234	-1	0
234	236	-1	0
236	207	-1	0
207	121	-1	0
121	189	-1	0
189	246	-1	0
246	262	-1	0
262	219	-1	0
219	278	-1	0
278	64	-1	0
64	40	-1	0
40	251	-1	0
251	100	-1	0
100	362	-1	0
362	347	-1	0
347	36	-1	0
36	67	-1	0
67	286	-1	0
286	2	-1	0
2	163	-1	0
163	335	-1	0
335	229	-1	0
229	316	-1	0
316	259	-1	0
259	277	-1	0
277	144	-1	0
144	21	-1	0
21	135	-1	0
135	90	-1	0
90	152	-1	0
152	5	-1	0
5	70	-1	0
70	309	-1	0
309	10	-1	0
10	126	-1	0
126	374	-1	0
374	158	-1	0
158	304	-1	0
304	308	-1	0
308	215	-1	0
215	102	-1	0
102	291	-1	0
291	142	-1	0
142	297	-1	0
297	365	-1	0
365	370	-1	0
370	128	-1	0
128	239	-1	0
239	106	-1	0
106	315	-1	0
315	208	-1	0
208	177	-1	0
177	194	-1	0
194	23	-1	0
23	327	-1	0
327	151	-1	0
151	348	-1	0
348	109	-1	0
109	139	-1	0
139	103	-1	0
103	340	-1	0
340	76	-1	0
76	336	-1	0
336	195	-1	0
195	112	-1	0
112	176	-1	0
176	298	-1	0
298	301	-1	0
301	157	-1	0
157	68	-1	0
68	199	-1	0
199	200	-1	0
200	319	-1	0
319	268	-1	0
268	372	-1	0
372	342	-1	0
342	62	-1	0
62	254	-1	0
254	134	-1	0
134	150	-1	0
150	175	-1	0
175	80	-1	0
80	60	-1	0
60	12	-1	0
12	280	-1	0
280	124	-1	0
124	147	-1	0
147	4	-1	0
4	367	-1	0
367	258	-1	0
258	244	-1	0
244	141	-1	0
141	243	-1	0
243	266	-1	0
266	75	-1	0
75	56	-1	0
56	359	-1	0
359	123	-1	0
123	35	-1	0
35	345	-1	0
345	350	-1	0
350	230	-1	0
230	314	-1	0
314	228	-1	0
228	269	-1	0
269	91	-1	0
91	196	-1	0
196	104	-1	0
104	155	-1	0
155	247	-1	0
247	261	-1	0
261	346	-1	0
346	3	-1	0
3	118	-1	0
118	257	-1	0
257	202	-1	0
202	332	-1	0
332	138	-1	0
138	329	-1	0
329	210	-1	0
210	183	-1	0
183	162	-1	0
162	89	-1	0
89	27	-1	0
27	338	-1	0
338	94	-1	0
94	182	-1	0
182	179	-1	0
179	265	-1	0
265	19	-1	0
19	349	-1	0
349	46	-1	0
46	267	-1	0
267	41	-1	0
41	37	-1	0
37	130	-1	0
130	209	-1	0
209	343	-1	0
343	87	-1	0
87	360	-1	0
360	264	-1	0
264	54	-1	0
54	95	-1	0
95	29	-1	0
29	131	-1	0
131	148	-1	0
148	72	-1	0
72	53	-1	0
53	127	-1	0
127	334	-1	0
334	187	-1	0
187	300	-1	0
300	18	-1	0
18	287	-1	0
287	111	-1	0
111	320	-1	0
320	164	-1	0
164	7	-1	0
7	356	-1	0
356	8	-1	0
8	203	-1	0
203	323	-1	0
323	285	-1	0
285	252	-1	0
252	14	-1	0
14	185	-1	0
185	245	-1	0
245	105	-1	0
105	24	-1	0
24	170	-1	0
170	137	-1	0
137	318	-1	0
318	353	-1	0
353	114	-1	0
114	306	-1	0
306	201	-1	0
201	6	-1	0
6	160	-1	0
160	113	-1	0
113	324	-1	0
324	0	-1	0
