/* Number of Operations */
175
/* List of Operations. */
/* Start	End	Fly	#Internal	Locations...*/
0	120	-1	0
120	159	-1	0
159	10	-1	0
10	58	-1	0
58	140	-1	0
140	93	-1	0
93	72	-1	0
72	31	-1	0
31	1	-1	0
1	151	-1	0
151	94	-1	0
94	14	-1	0
14	129	-1	0
129	3	-1	0
3	61	-1	0
61	80	-1	0
80	126	-1	0
126	134	-1	0
134	57	-1	0
57	101	-1	0
101	149	-1	0
149	50	-1	0
50	86	-1	0
86	163	-1	0
163	52	-1	0
52	174	-1	0
174	135	-1	0
135	19	-1	0
19	69	-1	0
69	99	-1	0
99	127	-1	0
127	144	-1	0
144	13	-1	0
13	45	-1	0
45	25	-1	0
25	148	-1	0
148	76	-1	0
76	77	-1	0
77	117	-1	0
117	47	-1	0
47	43	-1	0
43	90	-1	0
90	62	-1	0
62	91	-1	0
91	168	-1	0
168	164	-1	0
164	63	-1	0
63	128	-1	0
128	21	-1	0
21	70	-1	0
70	97	-1	0
97	60	-1	0
60	34	-1	0
34	112	-1	0
112	162	-1	0
162	114	-1	0
114	8	-1	0
8	65	-1	0
65	107	-1	0
107	141	-1	0
141	29	-1	0
29	15	-1	0
15	119	-1	0
119	46	-1	0
46	36	-1	0
36	73	-1	0
73	155	-1	0
155	56	-1	0
56	39	-1	0
39	85	-1	0
85	157	-1	0
157	147	-1	0
147	24	-1	0
24	18	-1	0
18	153	-1	0
153	54	-1	0
54	64	-1	0
64	100	-1	0
100	113	-1	0
113	4	-1	0
4	28	-1	0
28	130	-1	0
130	78	-1	0
78	172	-1	0
172	166	-1	0
166	122	-1	0
122	83	-1	0
83	48	-1	0
48	75	-1	0
75	125	-1	0
125	38	-1	0
38	40	-1	0
40	102	-1	0
102	23	-1	0
23	32	-1	0
32	138	-1	0
138	111	-1	0
111	171	-1	0
171	146	-1	0
146	11	-1	0
11	16	-1	0
16	5	-1	0
5	170	-1	0
170	136	-1	0
136	121	-1	0
121	165	-1	0
165	145	-1	0
145	42	-1	0
42	167	-1	0
167	108	-1	0
108	9	-1	0
9	89	-1	0
89	87	-1	0
87	123	-1	0
123	152	-1	0
152	104	-1	0
104	2	-1	0
2	98	-1	0
98	96	-1	0
96	115	-1	0
115	110	-1	0
110	71	-1	0
71	37	-1	0
37	27	-1	0
27	92	-1	0
92	158	-1	0
158	12	-1	0
12	156	-1	0
156	66	-1	0
66	132	-1	0
132	139	-1	0
139	41	-1	0
41	67	-1	0
67	169	-1	0
169	105	-1	0
105	33	-1	0
33	68	-1	0
68	6	-1	0
6	26	-1	0
26	82	-1	0
82	30	-1	0
30	74	-1	0
74	133	-1	0
133	7	-1	0
7	17	-1	0
17	118	-1	0
118	81	-1	0
81	79	-1	0
79	131	-1	0
131	143	-1	0
143	88	-1	0
88	95	-1	0
95	106	-1	0
106	84	-1	0
84	142	-1	0
142	44	-1	0
44	109	-1	0
109	55	-1	0
55	59	-1	0
59	49	-1	0
49	20	-1	0
20	51	-1	0
51	22	-1	0
22	173	-1	0
173	35	-1	0
35	160	-1	0
160	103	-1	0
103	150	-1	0
150	116	-1	0
116	124	-1	0
124	154	-1	0
154	161	-1	0
161	137	-1	0
137	53	-1	0
53	0	-1	0
