/* Number of Operations */
100
/* List of Operations. */
/* Start	End	Fly	#Internal	Locations...*/
0	72	-1	0
72	13	-1	0
13	56	-1	0
56	76	-1	0
76	74	-1	0
74	46	-1	0
46	65	-1	0
65	27	-1	0
27	26	-1	0
26	11	-1	0
11	66	-1	0
66	35	-1	0
35	40	-1	0
40	83	-1	0
83	28	-1	0
28	77	-1	0
77	81	-1	0
81	64	-1	0
64	95	-1	0
95	60	-1	0
60	25	-1	0
25	1	-1	0
1	44	-1	0
44	75	-1	0
75	34	-1	0
34	2	-1	0
2	62	-1	0
62	8	-1	0
8	24	-1	0
24	73	-1	0
73	6	-1	0
6	85	-1	0
85	9	-1	0
9	49	-1	0
49	78	-1	0
78	82	-1	0
82	98	-1	0
98	93	-1	0
93	69	-1	0
69	42	-1	0
42	38	-1	0
38	96	-1	0
96	68	-1	0
68	32	-1	0
32	36	-1	0
36	94	-1	0
94	51	-1	0
51	61	-1	0
61	48	-1	0
48	41	-1	0
41	58	-1	0
58	37	-1	0
37	5	-1	0
5	50	-1	0
50	99	-1	0
99	70	-1	0
70	43	-1	0
43	18	-1	0
18	67	-1	0
67	14	-1	0
14	33	-1	0
33	10	-1	0
10	52	-1	0
52	54	-1	0
54	30	-1	0
30	53	-1	0
53	29	-1	0
29	59	-1	0
59	7	-1	0
7	90	-1	0
90	47	-1	0
47	86	-1	0
86	17	-1	0
17	31	-1	0
31	91	-1	0
91	92	-1	0
92	87	-1	0
87	4	-1	0
4	15	-1	0
15	39	-1	0
39	3	-1	0
3	80	-1	0
80	20	-1	0
20	45	-1	0
45	55	-1	0
55	19	-1	0
19	23	-1	0
23	97	-1	0
97	89	-1	0
89	71	-1	0
71	16	-1	0
16	88	-1	0
88	63	-1	0
63	21	-1	0
21	79	-1	0
79	12	-1	0
12	57	-1	0
57	84	-1	0
84	22	-1	0
22	0	-1	0
