/* Number of Operations */
375
/* List of Operations. */
/* Start	End	Fly	#Internal	Locations...*/
0	119	-1	0
119	342	-1	0
342	156	-1	0
156	90	-1	0
90	345	-1	0
345	306	-1	0
306	158	-1	0
158	64	-1	0
64	347	-1	0
347	128	-1	0
128	307	-1	0
307	17	-1	0
17	150	-1	0
150	356	-1	0
356	180	-1	0
180	229	-1	0
229	39	-1	0
39	220	-1	0
220	84	-1	0
84	29	-1	0
29	276	-1	0
276	88	-1	0
88	98	-1	0
98	63	-1	0
63	157	-1	0
157	294	-1	0
294	52	-1	0
52	106	-1	0
106	339	-1	0
339	193	-1	0
193	77	-1	0
77	7	-1	0
7	27	-1	0
27	165	-1	0
165	203	-1	0
203	21	-1	0
21	192	-1	0
192	334	-1	0
334	5	-1	0
5	149	-1	0
149	89	-1	0
89	328	-1	0
328	10	-1	0
10	66	-1	0
66	305	-1	0
305	330	-1	0
330	250	-1	0
250	46	-1	0
46	58	-1	0
58	255	-1	0
255	75	-1	0
75	215	-1	0
215	62	-1	0
62	142	-1	0
142	12	-1	0
12	33	-1	0
33	76	-1	0
76	369	-1	0
369	120	-1	0
120	141	-1	0
141	74	-1	0
74	262	-1	0
262	161	-1	0
161	137	-1	0
137	139	-1	0
139	202	-1	0
202	87	-1	0
87	217	-1	0
217	102	-1	0
102	116	-1	0
116	341	-1	0
341	199	-1	0
199	371	-1	0
371	167	-1	0
167	315	-1	0
315	251	-1	0
251	331	-1	0
331	343	-1	0
343	225	-1	0
225	300	-1	0
300	173	-1	0
173	186	-1	0
186	261	-1	0
261	265	-1	0
265	101	-1	0
101	73	-1	0
73	18	-1	0
18	114	-1	0
114	13	-1	0
13	219	-1	0
219	60	-1	0
60	233	-1	0
233	48	-1	0
48	242	-1	0
242	19	-1	0
19	301	-1	0
301	97	-1	0
97	266	-1	0
266	6	-1	0
6	224	-1	0
224	34	-1	0
34	340	-1	0
340	256	-1	0
256	166	-1	0
166	213	-1	0
213	216	-1	0
216	4	-1	0
4	72	-1	0
72	127	-1	0
127	42	-1	0
42	189	-1	0
189	209	-1	0
209	260	-1	0
260	25	-1	0
25	132	-1	0
132	357	-1	0
357	111	-1	0
111	269	-1	0
269	243	-1	0
243	187	-1	0
187	297	-1	0
297	353	-1	0
353	257	-1	0
257	71	-1	0
71	280	-1	0
280	263	-1	0
263	93	-1	0
93	59	-1	0
59	200	-1	0
200	176	-1	0
176	136	-1	0
136	231	-1	0
231	144	-1	0
144	123	-1	0
123	82	-1	0
82	351	-1	0
351	28	-1	0
28	47	-1	0
47	283	-1	0
283	212	-1	0
212	204	-1	0
204	50	-1	0
50	164	-1	0
164	31	-1	0
31	338	-1	0
338	248	-1	0
248	9	-1	0
9	333	-1	0
333	358	-1	0
358	159	-1	0
159	184	-1	0
184	296	-1	0
296	304	-1	0
304	49	-1	0
49	326	-1	0
326	40	-1	0
40	2	-1	0
2	99	-1	0
99	69	-1	0
69	285	-1	0
285	154	-1	0
154	278	-1	0
278	190	-1	0
190	227	-1	0
227	361	-1	0
361	168	-1	0
168	70	-1	0
70	67	-1	0
67	253	-1	0
253	191	-1	0
191	24	-1	0
24	214	-1	0
214	329	-1	0
329	41	-1	0
41	182	-1	0
182	244	-1	0
244	374	-1	0
374	86	-1	0
86	210	-1	0
210	153	-1	0
153	112	-1	0
112	254	-1	0
254	104	-1	0
104	223	-1	0
223	78	-1	0
78	95	-1	0
95	279	-1	0
279	271	-1	0
271	290	-1	0
290	336	-1	0
336	53	-1	0
53	35	-1	0
35	310	-1	0
310	3	-1	0
3	232	-1	0
232	252	-1	0
252	354	-1	0
354	240	-1	0
240	22	-1	0
22	282	-1	0
282	288	-1	0
288	270	-1	0
270	245	-1	0
245	11	-1	0
11	126	-1	0
126	319	-1	0
319	344	-1	0
344	235	-1	0
235	208	-1	0
208	325	-1	0
325	36	-1	0
36	80	-1	0
80	151	-1	0
151	286	-1	0
286	134	-1	0
134	259	-1	0
259	352	-1	0
352	65	-1	0
65	332	-1	0
332	1	-1	0
1	96	-1	0
96	267	-1	0
267	321	-1	0
321	100	-1	0
100	14	-1	0
14	92	-1	0
92	237	-1	0
237	57	-1	0
57	350	-1	0
350	170	-1	0
170	30	-1	0
30	181	-1	0
181	239	-1	0
239	264	-1	0
264	152	-1	0
152	284	-1	0
284	222	-1	0
222	160	-1	0
160	317	-1	0
317	172	-1	0
172	337	-1	0
337	178	-1	0
178	299	-1	0
299	107	-1	0
107	135	-1	0
135	121	-1	0
121	169	-1	0
169	293	-1	0
293	113	-1	0
113	298	-1	0
298	314	-1	0
314	206	-1	0
206	211	-1	0
211	171	-1	0
171	145	-1	0
145	45	-1	0
45	318	-1	0
318	197	-1	0
197	268	-1	0
268	194	-1	0
194	322	-1	0
322	32	-1	0
32	118	-1	0
118	320	-1	0
320	105	-1	0
105	23	-1	0
23	207	-1	0
207	275	-1	0
275	372	-1	0
372	174	-1	0
174	277	-1	0
277	115	-1	0
115	185	-1	0
185	198	-1	0
198	117	-1	0
117	188	-1	0
188	291	-1	0
291	281	-1	0
281	272	-1	0
272	236	-1	0
236	143	-1	0
143	312	-1	0
312	20	-1	0
20	218	-1	0
218	249	-1	0
249	274	-1	0
274	38	-1	0
38	234	-1	0
234	183	-1	0
183	316	-1	0
316	230	-1	0
230	247	-1	0
247	108	-1	0
108	91	-1	0
91	309	-1	0
309	289	-1	0
289	368	-1	0
368	195	-1	0
195	226	-1	0
226	15	-1	0
15	148	-1	0
148	258	-1	0
258	131	-1	0
131	324	-1	0
324	196	-1	0
196	367	-1	0
367	303	-1	0
303	348	-1	0
348	122	-1	0
122	163	-1	0
163	221	-1	0
221	201	-1	0
201	147	-1	0
147	311	-1	0
311	246	-1	0
246	205	-1	0
205	61	-1	0
61	295	-1	0
295	140	-1	0
140	155	-1	0
155	16	-1	0
16	110	-1	0
110	79	-1	0
79	228	-1	0
228	54	-1	0
54	365	-1	0
365	138	-1	0
138	355	-1	0
355	51	-1	0
51	346	-1	0
346	85	-1	0
85	124	-1	0
124	273	-1	0
273	146	-1	0
146	349	-1	0
349	133	-1	0
133	364	-1	0
364	360	-1	0
360	287	-1	0
287	327	-1	0
327	177	-1	0
177	323	-1	0
323	366	-1	0
366	238	-1	0
238	359	-1	0
359	362	-1	0
362	43	-1	0
43	83	-1	0
83	94	-1	0
94	292	-1	0
292	179	-1	0
179	335	-1	0
335	241	-1	0
241	373	-1	0
373	125	-1	0
125	363	-1	0
363	37	-1	0
37	370	-1	0
370	103	-1	0
103	308	-1	0
308	175	-1	0
175	109	-1	0
109	44	-1	0
44	302	-1	0
302	55	-1	0
55	26	-1	0
26	81	-1	0
81	129	-1	0
129	130	-1	0
130	162	-1	0
162	68	-1	0
68	56	-1	0
56	313	-1	0
313	8	-1	0
8	0	-1	0
