/* Number of Operations */
175
/* List of Operations. */
/* Start	End	Fly	#Internal	Locations...*/
0	159	-1	0
159	151	-1	0
151	34	-1	0
34	80	-1	0
80	47	-1	0
47	67	-1	0
67	62	-1	0
62	120	-1	0
120	149	-1	0
149	21	-1	0
21	59	-1	0
59	58	-1	0
58	113	-1	0
113	40	-1	0
40	3	-1	0
3	134	-1	0
134	77	-1	0
77	37	-1	0
37	82	-1	0
82	121	-1	0
121	104	-1	0
104	141	-1	0
141	110	-1	0
110	79	-1	0
79	45	-1	0
45	41	-1	0
41	90	-1	0
90	31	-1	0
31	42	-1	0
42	94	-1	0
94	38	-1	0
38	92	-1	0
92	43	-1	0
43	154	-1	0
154	119	-1	0
119	135	-1	0
135	33	-1	0
33	26	-1	0
26	60	-1	0
60	71	-1	0
71	125	-1	0
125	165	-1	0
165	157	-1	0
157	166	-1	0
166	146	-1	0
146	137	-1	0
137	140	-1	0
140	63	-1	0
63	49	-1	0
49	8	-1	0
8	76	-1	0
76	16	-1	0
16	98	-1	0
98	51	-1	0
51	102	-1	0
102	69	-1	0
69	32	-1	0
32	54	-1	0
54	87	-1	0
87	103	-1	0
103	168	-1	0
168	4	-1	0
4	129	-1	0
129	143	-1	0
143	160	-1	0
160	126	-1	0
126	18	-1	0
18	2	-1	0
2	88	-1	0
88	136	-1	0
136	109	-1	0
109	57	-1	0
57	15	-1	0
15	114	-1	0
114	172	-1	0
172	14	-1	0
14	91	-1	0
91	153	-1	0
153	132	-1	0
132	29	-1	0
29	174	-1	0
174	164	-1	0
164	81	-1	0
81	97	-1	0
97	171	-1	0
171	162	-1	0
162	30	-1	0
30	128	-1	0
128	161	-1	0
161	148	-1	0
148	167	-1	0
167	85	-1	0
85	23	-1	0
23	89	-1	0
89	144	-1	0
144	9	-1	0
9	66	-1	0
66	17	-1	0
17	39	-1	0
39	24	-1	0
24	20	-1	0
20	50	-1	0
50	95	-1	0
95	123	-1	0
123	19	-1	0
19	107	-1	0
107	156	-1	0
156	133	-1	0
133	27	-1	0
27	173	-1	0
173	170	-1	0
170	112	-1	0
112	7	-1	0
7	122	-1	0
122	11	-1	0
11	22	-1	0
22	56	-1	0
56	44	-1	0
44	78	-1	0
78	163	-1	0
163	115	-1	0
115	108	-1	0
108	6	-1	0
6	13	-1	0
13	68	-1	0
68	147	-1	0
147	70	-1	0
70	73	-1	0
73	86	-1	0
86	64	-1	0
64	100	-1	0
100	111	-1	0
111	75	-1	0
75	46	-1	0
46	84	-1	0
84	61	-1	0
61	74	-1	0
74	5	-1	0
5	116	-1	0
116	127	-1	0
127	152	-1	0
152	83	-1	0
83	25	-1	0
25	155	-1	0
155	96	-1	0
96	36	-1	0
36	48	-1	0
48	53	-1	0
53	130	-1	0
130	105	-1	0
105	106	-1	0
106	145	-1	0
145	131	-1	0
131	138	-1	0
138	124	-1	0
124	12	-1	0
12	65	-1	0
65	55	-1	0
55	117	-1	0
117	139	-1	0
139	158	-1	0
158	35	-1	0
35	28	-1	0
28	142	-1	0
142	52	-1	0
52	99	-1	0
99	10	-1	0
10	150	-1	0
150	72	-1	0
72	93	-1	0
93	101	-1	0
101	1	-1	0
1	169	-1	0
169	118	-1	0
118	0	-1	0
