/* Number of Operations */
175
/* List of Operations. */
/* Start	End	Fly	#Internal	Locations...*/
0	2	-1	0
2	8	-1	0
8	5	-1	0
5	104	-1	0
104	155	-1	0
155	140	-1	0
140	52	-1	0
52	38	-1	0
38	48	-1	0
48	25	-1	0
25	100	-1	0
100	149	-1	0
149	121	-1	0
121	42	-1	0
42	43	-1	0
43	124	-1	0
124	170	-1	0
170	70	-1	0
70	141	-1	0
141	53	-1	0
53	173	-1	0
173	144	-1	0
144	62	-1	0
62	7	-1	0
7	133	-1	0
133	93	-1	0
93	101	-1	0
101	160	-1	0
160	112	-1	0
112	4	-1	0
4	114	-1	0
114	152	-1	0
152	58	-1	0
58	24	-1	0
24	169	-1	0
169	119	-1	0
119	23	-1	0
23	157	-1	0
157	92	-1	0
92	1	-1	0
1	60	-1	0
60	153	-1	0
153	41	-1	0
41	80	-1	0
80	10	-1	0
10	29	-1	0
29	156	-1	0
156	40	-1	0
40	88	-1	0
88	137	-1	0
137	45	-1	0
45	86	-1	0
86	18	-1	0
18	30	-1	0
30	57	-1	0
57	31	-1	0
31	132	-1	0
132	82	-1	0
82	79	-1	0
79	168	-1	0
168	150	-1	0
150	77	-1	0
77	51	-1	0
51	20	-1	0
20	26	-1	0
26	54	-1	0
54	118	-1	0
118	35	-1	0
35	27	-1	0
27	46	-1	0
46	161	-1	0
161	66	-1	0
66	113	-1	0
113	138	-1	0
138	165	-1	0
165	90	-1	0
90	130	-1	0
130	21	-1	0
21	37	-1	0
37	39	-1	0
39	167	-1	0
167	172	-1	0
172	162	-1	0
162	67	-1	0
67	154	-1	0
154	84	-1	0
84	147	-1	0
147	15	-1	0
15	68	-1	0
68	73	-1	0
73	146	-1	0
146	13	-1	0
13	3	-1	0
3	81	-1	0
81	44	-1	0
44	59	-1	0
59	171	-1	0
171	85	-1	0
85	105	-1	0
105	47	-1	0
47	76	-1	0
76	158	-1	0
158	65	-1	0
65	61	-1	0
61	111	-1	0
111	128	-1	0
128	28	-1	0
28	87	-1	0
87	126	-1	0
126	95	-1	0
95	11	-1	0
11	134	-1	0
134	131	-1	0
131	135	-1	0
135	9	-1	0
9	174	-1	0
174	116	-1	0
116	78	-1	0
78	117	-1	0
117	143	-1	0
143	22	-1	0
22	32	-1	0
32	14	-1	0
14	12	-1	0
12	74	-1	0
74	64	-1	0
64	56	-1	0
56	122	-1	0
122	16	-1	0
16	72	-1	0
72	103	-1	0
103	55	-1	0
55	166	-1	0
166	108	-1	0
108	97	-1	0
97	136	-1	0
136	164	-1	0
164	159	-1	0
159	71	-1	0
71	91	-1	0
91	115	-1	0
115	163	-1	0
163	145	-1	0
145	63	-1	0
63	142	-1	0
142	33	-1	0
33	148	-1	0
148	96	-1	0
96	102	-1	0
102	99	-1	0
99	69	-1	0
69	106	-1	0
106	109	-1	0
109	19	-1	0
19	120	-1	0
120	36	-1	0
36	34	-1	0
34	94	-1	0
94	107	-1	0
107	125	-1	0
125	89	-1	0
89	6	-1	0
6	98	-1	0
98	139	-1	0
139	151	-1	0
151	17	-1	0
17	75	-1	0
75	49	-1	0
49	110	-1	0
110	127	-1	0
127	83	-1	0
83	129	-1	0
129	50	-1	0
50	123	-1	0
123	0	-1	0
