/* Number of Operations */
75
/* List of Operations. */
/* Start	End	Fly	#Internal	Locations...*/
0	4	-1	0
4	11	-1	0
11	47	-1	0
47	65	-1	0
65	6	-1	0
6	54	-1	0
54	41	-1	0
41	8	-1	0
8	39	-1	0
39	63	-1	0
63	5	-1	0
5	51	-1	0
51	73	-1	0
73	23	-1	0
23	42	-1	0
42	3	-1	0
3	31	-1	0
31	26	-1	0
26	35	-1	0
35	52	-1	0
52	71	-1	0
71	74	-1	0
74	21	-1	0
21	53	-1	0
53	44	-1	0
44	36	-1	0
36	57	-1	0
57	28	-1	0
28	10	-1	0
10	29	-1	0
29	13	-1	0
13	1	-1	0
1	20	-1	0
20	68	-1	0
68	17	-1	0
17	60	-1	0
60	62	-1	0
62	12	-1	0
12	14	-1	0
14	55	-1	0
55	58	-1	0
58	9	-1	0
9	66	-1	0
66	64	-1	0
64	19	-1	0
19	30	-1	0
30	72	-1	0
72	61	-1	0
61	50	-1	0
50	48	-1	0
48	56	-1	0
56	34	-1	0
34	25	-1	0
25	46	-1	0
46	40	-1	0
40	32	-1	0
32	45	-1	0
45	49	-1	0
49	67	-1	0
67	70	-1	0
70	16	-1	0
16	43	-1	0
43	37	-1	0
37	33	-1	0
33	59	-1	0
59	24	-1	0
24	2	-1	0
2	18	-1	0
18	7	-1	0
7	27	-1	0
27	69	-1	0
69	22	-1	0
22	38	-1	0
38	15	-1	0
15	0	-1	0
