/* Number of Operations */
250
/* List of Operations. */
/* Start	End	Fly	#Internal	Locations...*/
0	28	-1	0
28	58	-1	0
58	174	-1	0
174	200	-1	0
200	13	-1	0
13	71	-1	0
71	238	-1	0
238	135	-1	0
135	32	-1	0
32	123	-1	0
123	144	-1	0
144	224	-1	0
224	80	-1	0
80	133	-1	0
133	35	-1	0
35	214	-1	0
214	77	-1	0
77	183	-1	0
183	128	-1	0
128	189	-1	0
189	64	-1	0
64	165	-1	0
165	177	-1	0
177	127	-1	0
127	51	-1	0
51	69	-1	0
69	247	-1	0
247	4	-1	0
4	156	-1	0
156	75	-1	0
75	70	-1	0
70	81	-1	0
81	111	-1	0
111	47	-1	0
47	103	-1	0
103	151	-1	0
151	50	-1	0
50	129	-1	0
129	239	-1	0
239	2	-1	0
2	195	-1	0
195	41	-1	0
41	232	-1	0
232	130	-1	0
130	138	-1	0
138	85	-1	0
85	158	-1	0
158	53	-1	0
53	73	-1	0
73	149	-1	0
149	45	-1	0
45	95	-1	0
95	220	-1	0
220	17	-1	0
17	182	-1	0
182	121	-1	0
121	9	-1	0
9	119	-1	0
119	11	-1	0
11	132	-1	0
132	124	-1	0
124	181	-1	0
181	63	-1	0
63	241	-1	0
241	198	-1	0
198	150	-1	0
150	109	-1	0
109	99	-1	0
99	237	-1	0
237	221	-1	0
221	242	-1	0
242	187	-1	0
187	186	-1	0
186	36	-1	0
36	222	-1	0
222	23	-1	0
23	83	-1	0
83	104	-1	0
104	102	-1	0
102	245	-1	0
245	223	-1	0
223	26	-1	0
26	212	-1	0
212	38	-1	0
38	56	-1	0
56	207	-1	0
207	140	-1	0
140	37	-1	0
37	93	-1	0
93	82	-1	0
82	231	-1	0
231	233	-1	0
233	55	-1	0
55	191	-1	0
191	117	-1	0
117	243	-1	0
243	48	-1	0
48	167	-1	0
167	201	-1	0
201	196	-1	0
196	226	-1	0
226	44	-1	0
44	143	-1	0
143	230	-1	0
230	193	-1	0
193	236	-1	0
236	76	-1	0
76	168	-1	0
168	131	-1	0
131	98	-1	0
98	227	-1	0
227	172	-1	0
172	20	-1	0
20	65	-1	0
65	229	-1	0
229	43	-1	0
43	16	-1	0
16	159	-1	0
159	22	-1	0
22	170	-1	0
170	88	-1	0
88	194	-1	0
194	84	-1	0
84	137	-1	0
137	101	-1	0
101	125	-1	0
125	39	-1	0
39	67	-1	0
67	86	-1	0
86	105	-1	0
105	202	-1	0
202	62	-1	0
62	157	-1	0
157	206	-1	0
206	141	-1	0
141	68	-1	0
68	215	-1	0
215	97	-1	0
97	217	-1	0
217	142	-1	0
142	228	-1	0
228	197	-1	0
197	162	-1	0
162	213	-1	0
213	29	-1	0
29	115	-1	0
115	72	-1	0
72	15	-1	0
15	205	-1	0
205	8	-1	0
8	139	-1	0
139	7	-1	0
7	218	-1	0
218	240	-1	0
240	49	-1	0
49	219	-1	0
219	24	-1	0
24	96	-1	0
96	21	-1	0
21	184	-1	0
184	42	-1	0
42	27	-1	0
27	116	-1	0
116	134	-1	0
134	33	-1	0
33	122	-1	0
122	57	-1	0
57	14	-1	0
14	3	-1	0
3	248	-1	0
248	31	-1	0
31	118	-1	0
118	59	-1	0
59	108	-1	0
108	100	-1	0
100	60	-1	0
60	153	-1	0
153	46	-1	0
46	19	-1	0
19	106	-1	0
106	120	-1	0
120	1	-1	0
1	12	-1	0
12	211	-1	0
211	171	-1	0
171	52	-1	0
52	235	-1	0
235	78	-1	0
78	164	-1	0
164	176	-1	0
176	246	-1	0
246	30	-1	0
30	175	-1	0
175	113	-1	0
113	180	-1	0
180	166	-1	0
166	188	-1	0
188	54	-1	0
54	179	-1	0
179	192	-1	0
192	216	-1	0
216	169	-1	0
169	92	-1	0
92	199	-1	0
199	110	-1	0
110	40	-1	0
40	18	-1	0
18	163	-1	0
163	126	-1	0
126	25	-1	0
25	112	-1	0
112	34	-1	0
34	10	-1	0
10	66	-1	0
66	209	-1	0
209	107	-1	0
107	145	-1	0
145	234	-1	0
234	208	-1	0
208	90	-1	0
90	89	-1	0
89	94	-1	0
94	160	-1	0
160	185	-1	0
185	203	-1	0
203	114	-1	0
114	225	-1	0
225	148	-1	0
148	190	-1	0
190	244	-1	0
244	161	-1	0
161	204	-1	0
204	178	-1	0
178	136	-1	0
136	6	-1	0
6	61	-1	0
61	210	-1	0
210	146	-1	0
146	155	-1	0
155	87	-1	0
87	173	-1	0
173	154	-1	0
154	74	-1	0
74	91	-1	0
91	147	-1	0
147	249	-1	0
249	5	-1	0
5	79	-1	0
79	152	-1	0
152	0	-1	0
