/* Number of Operations */
175
/* List of Operations. */
/* Start	End	Fly	#Internal	Locations...*/
0	15	-1	0
15	129	-1	0
129	163	-1	0
163	3	-1	0
3	7	-1	0
7	114	-1	0
114	73	-1	0
73	150	-1	0
150	136	-1	0
136	121	-1	0
121	109	-1	0
109	143	-1	0
143	135	-1	0
135	152	-1	0
152	162	-1	0
162	32	-1	0
32	72	-1	0
72	28	-1	0
28	115	-1	0
115	104	-1	0
104	167	-1	0
167	85	-1	0
85	110	-1	0
110	21	-1	0
21	159	-1	0
159	39	-1	0
39	41	-1	0
41	64	-1	0
64	5	-1	0
5	92	-1	0
92	173	-1	0
173	36	-1	0
36	131	-1	0
131	30	-1	0
30	154	-1	0
154	29	-1	0
29	168	-1	0
168	118	-1	0
118	90	-1	0
90	83	-1	0
83	38	-1	0
38	145	-1	0
145	130	-1	0
130	137	-1	0
137	147	-1	0
147	59	-1	0
59	76	-1	0
76	166	-1	0
166	106	-1	0
106	74	-1	0
74	43	-1	0
43	117	-1	0
117	169	-1	0
169	171	-1	0
171	49	-1	0
49	14	-1	0
14	84	-1	0
84	99	-1	0
99	35	-1	0
35	26	-1	0
26	81	-1	0
81	69	-1	0
69	93	-1	0
93	44	-1	0
44	2	-1	0
2	103	-1	0
103	77	-1	0
77	80	-1	0
80	63	-1	0
63	13	-1	0
13	138	-1	0
138	40	-1	0
40	142	-1	0
142	47	-1	0
47	133	-1	0
133	65	-1	0
65	9	-1	0
9	111	-1	0
111	79	-1	0
79	45	-1	0
45	20	-1	0
20	23	-1	0
23	22	-1	0
22	126	-1	0
126	17	-1	0
17	151	-1	0
151	122	-1	0
122	50	-1	0
50	113	-1	0
113	62	-1	0
62	86	-1	0
86	61	-1	0
61	101	-1	0
101	42	-1	0
42	161	-1	0
161	149	-1	0
149	128	-1	0
128	165	-1	0
165	160	-1	0
160	95	-1	0
95	158	-1	0
158	155	-1	0
155	89	-1	0
89	141	-1	0
141	60	-1	0
60	119	-1	0
119	140	-1	0
140	100	-1	0
100	157	-1	0
157	75	-1	0
75	18	-1	0
18	170	-1	0
170	37	-1	0
37	10	-1	0
10	27	-1	0
27	139	-1	0
139	48	-1	0
48	87	-1	0
87	94	-1	0
94	1	-1	0
1	11	-1	0
11	146	-1	0
146	53	-1	0
53	124	-1	0
124	12	-1	0
12	34	-1	0
34	148	-1	0
148	8	-1	0
8	98	-1	0
98	174	-1	0
174	24	-1	0
24	4	-1	0
4	6	-1	0
6	91	-1	0
91	78	-1	0
78	51	-1	0
51	16	-1	0
16	125	-1	0
125	57	-1	0
57	54	-1	0
54	67	-1	0
67	132	-1	0
132	127	-1	0
127	172	-1	0
172	153	-1	0
153	46	-1	0
46	52	-1	0
52	88	-1	0
88	33	-1	0
33	112	-1	0
112	107	-1	0
107	164	-1	0
164	97	-1	0
97	144	-1	0
144	156	-1	0
156	105	-1	0
105	31	-1	0
31	71	-1	0
71	68	-1	0
68	70	-1	0
70	25	-1	0
25	102	-1	0
102	55	-1	0
55	96	-1	0
96	116	-1	0
116	19	-1	0
19	58	-1	0
58	82	-1	0
82	134	-1	0
134	66	-1	0
66	108	-1	0
108	120	-1	0
120	56	-1	0
56	123	-1	0
123	0	-1	0
