/* Number of Operations */
75
/* List of Operations. */
/* Start	End	Fly	#Internal	Locations...*/
0	13	-1	0
13	33	-1	0
33	12	-1	0
12	59	-1	0
59	10	-1	0
10	42	-1	0
42	46	-1	0
46	66	-1	0
66	16	-1	0
16	18	-1	0
18	71	-1	0
71	23	-1	0
23	44	-1	0
44	50	-1	0
50	68	-1	0
68	30	-1	0
30	48	-1	0
48	62	-1	0
62	15	-1	0
15	63	-1	0
63	37	-1	0
37	65	-1	0
65	57	-1	0
57	38	-1	0
38	51	-1	0
51	3	-1	0
3	21	-1	0
21	22	-1	0
22	61	-1	0
61	1	-1	0
1	6	-1	0
6	5	-1	0
5	8	-1	0
8	19	-1	0
19	69	-1	0
69	54	-1	0
54	56	-1	0
56	4	-1	0
4	55	-1	0
55	41	-1	0
41	72	-1	0
72	2	-1	0
2	43	-1	0
43	14	-1	0
14	70	-1	0
70	73	-1	0
73	47	-1	0
47	29	-1	0
29	7	-1	0
7	24	-1	0
24	45	-1	0
45	60	-1	0
60	52	-1	0
52	64	-1	0
64	58	-1	0
58	27	-1	0
27	36	-1	0
36	20	-1	0
20	34	-1	0
34	74	-1	0
74	32	-1	0
32	39	-1	0
39	9	-1	0
9	25	-1	0
25	28	-1	0
28	49	-1	0
49	67	-1	0
67	31	-1	0
31	35	-1	0
35	53	-1	0
53	11	-1	0
11	40	-1	0
40	26	-1	0
26	17	-1	0
17	0	-1	0
