/* Number of Operations */
250
/* List of Operations. */
/* Start	End	Fly	#Internal	Locations...*/
0	47	-1	0
47	29	-1	0
29	111	-1	0
111	35	-1	0
35	68	-1	0
68	231	-1	0
231	129	-1	0
129	87	-1	0
87	61	-1	0
61	204	-1	0
204	127	-1	0
127	137	-1	0
137	66	-1	0
66	6	-1	0
6	108	-1	0
108	21	-1	0
21	103	-1	0
103	243	-1	0
243	207	-1	0
207	115	-1	0
115	142	-1	0
142	26	-1	0
26	170	-1	0
170	217	-1	0
217	218	-1	0
218	179	-1	0
179	100	-1	0
100	182	-1	0
182	145	-1	0
145	184	-1	0
184	70	-1	0
70	212	-1	0
212	67	-1	0
67	125	-1	0
125	112	-1	0
112	176	-1	0
176	50	-1	0
50	244	-1	0
244	136	-1	0
136	121	-1	0
121	165	-1	0
165	185	-1	0
185	140	-1	0
140	88	-1	0
88	55	-1	0
55	168	-1	0
168	49	-1	0
49	56	-1	0
56	117	-1	0
117	241	-1	0
241	82	-1	0
82	183	-1	0
183	104	-1	0
104	146	-1	0
146	1	-1	0
1	9	-1	0
9	97	-1	0
97	135	-1	0
135	75	-1	0
75	242	-1	0
242	248	-1	0
248	235	-1	0
235	233	-1	0
233	215	-1	0
215	116	-1	0
116	200	-1	0
200	73	-1	0
73	33	-1	0
33	195	-1	0
195	150	-1	0
150	40	-1	0
40	167	-1	0
167	16	-1	0
16	225	-1	0
225	58	-1	0
58	124	-1	0
124	80	-1	0
80	27	-1	0
27	3	-1	0
3	23	-1	0
23	220	-1	0
220	153	-1	0
153	193	-1	0
193	77	-1	0
77	198	-1	0
198	120	-1	0
120	130	-1	0
130	172	-1	0
172	72	-1	0
72	151	-1	0
151	164	-1	0
164	226	-1	0
226	92	-1	0
92	157	-1	0
157	74	-1	0
74	178	-1	0
178	187	-1	0
187	143	-1	0
143	238	-1	0
238	4	-1	0
4	139	-1	0
139	227	-1	0
227	119	-1	0
119	216	-1	0
216	86	-1	0
86	107	-1	0
107	71	-1	0
71	234	-1	0
234	28	-1	0
28	133	-1	0
133	134	-1	0
134	96	-1	0
96	237	-1	0
237	123	-1	0
123	19	-1	0
19	156	-1	0
156	169	-1	0
169	34	-1	0
34	42	-1	0
42	223	-1	0
223	192	-1	0
192	14	-1	0
14	128	-1	0
128	159	-1	0
159	105	-1	0
105	210	-1	0
210	230	-1	0
230	39	-1	0
39	109	-1	0
109	113	-1	0
113	102	-1	0
102	190	-1	0
190	186	-1	0
186	63	-1	0
63	162	-1	0
162	211	-1	0
211	126	-1	0
126	132	-1	0
132	46	-1	0
46	138	-1	0
138	175	-1	0
175	245	-1	0
245	122	-1	0
122	196	-1	0
196	20	-1	0
20	106	-1	0
106	229	-1	0
229	232	-1	0
232	209	-1	0
209	173	-1	0
173	60	-1	0
60	10	-1	0
10	197	-1	0
197	45	-1	0
45	239	-1	0
239	160	-1	0
160	52	-1	0
52	11	-1	0
11	236	-1	0
236	148	-1	0
148	89	-1	0
89	149	-1	0
149	90	-1	0
90	24	-1	0
24	15	-1	0
15	94	-1	0
94	48	-1	0
48	188	-1	0
188	141	-1	0
141	247	-1	0
247	59	-1	0
59	219	-1	0
219	93	-1	0
93	37	-1	0
37	181	-1	0
181	208	-1	0
208	161	-1	0
161	44	-1	0
44	166	-1	0
166	32	-1	0
32	189	-1	0
189	155	-1	0
155	69	-1	0
69	78	-1	0
78	191	-1	0
191	224	-1	0
224	202	-1	0
202	98	-1	0
98	51	-1	0
51	222	-1	0
222	174	-1	0
174	118	-1	0
118	101	-1	0
101	54	-1	0
54	158	-1	0
158	8	-1	0
8	177	-1	0
177	95	-1	0
95	152	-1	0
152	84	-1	0
84	30	-1	0
30	38	-1	0
38	41	-1	0
41	13	-1	0
13	17	-1	0
17	203	-1	0
203	22	-1	0
22	228	-1	0
228	53	-1	0
53	76	-1	0
76	114	-1	0
114	199	-1	0
199	99	-1	0
99	64	-1	0
64	206	-1	0
206	249	-1	0
249	180	-1	0
180	144	-1	0
144	18	-1	0
18	43	-1	0
43	12	-1	0
12	171	-1	0
171	81	-1	0
81	31	-1	0
31	110	-1	0
110	5	-1	0
5	36	-1	0
36	79	-1	0
79	62	-1	0
62	246	-1	0
246	221	-1	0
221	213	-1	0
213	25	-1	0
25	131	-1	0
131	163	-1	0
163	65	-1	0
65	214	-1	0
214	194	-1	0
194	154	-1	0
154	57	-1	0
57	91	-1	0
91	2	-1	0
2	240	-1	0
240	205	-1	0
205	83	-1	0
83	147	-1	0
147	85	-1	0
85	201	-1	0
201	7	-1	0
7	0	-1	0
