/* Number of Operations */
75
/* List of Operations. */
/* Start	End	Fly	#Internal	Locations...*/
0	51	-1	0
51	7	-1	0
7	25	-1	0
25	68	-1	0
68	50	-1	0
50	37	-1	0
37	33	-1	0
33	17	-1	0
17	13	-1	0
13	61	-1	0
61	47	-1	0
47	71	-1	0
71	48	-1	0
48	16	-1	0
16	22	-1	0
22	27	-1	0
27	63	-1	0
63	74	-1	0
74	28	-1	0
28	8	-1	0
8	70	-1	0
70	54	-1	0
54	26	-1	0
26	58	-1	0
58	60	-1	0
60	29	-1	0
29	53	-1	0
53	12	-1	0
12	46	-1	0
46	52	-1	0
52	34	-1	0
34	32	-1	0
32	10	-1	0
10	19	-1	0
19	20	-1	0
20	43	-1	0
43	65	-1	0
65	5	-1	0
5	36	-1	0
36	21	-1	0
21	69	-1	0
69	4	-1	0
4	55	-1	0
55	23	-1	0
23	40	-1	0
40	66	-1	0
66	57	-1	0
57	45	-1	0
45	38	-1	0
38	30	-1	0
30	44	-1	0
44	39	-1	0
39	67	-1	0
67	56	-1	0
56	41	-1	0
41	15	-1	0
15	62	-1	0
62	73	-1	0
73	42	-1	0
42	3	-1	0
3	24	-1	0
24	72	-1	0
72	14	-1	0
14	59	-1	0
59	18	-1	0
18	6	-1	0
6	64	-1	0
64	49	-1	0
49	31	-1	0
31	9	-1	0
9	35	-1	0
35	1	-1	0
1	2	-1	0
2	11	-1	0
11	0	-1	0
