/* Number of Operations */
50
/* List of Operations. */
/* Start	End	Fly	#Internal	Locations...*/
0	15	-1	0
15	47	-1	0
47	12	-1	0
12	31	-1	0
31	39	-1	0
39	41	-1	0
41	6	-1	0
6	7	-1	0
7	1	-1	0
1	16	-1	0
16	23	-1	0
23	3	-1	0
3	26	-1	0
26	10	-1	0
10	11	-1	0
11	30	-1	0
30	33	-1	0
33	24	-1	0
24	40	-1	0
40	13	-1	0
13	21	-1	0
21	27	-1	0
27	22	-1	0
22	19	-1	0
19	35	-1	0
35	46	-1	0
46	38	-1	0
38	4	-1	0
4	5	-1	0
5	48	-1	0
48	36	-1	0
36	14	-1	0
14	20	-1	0
20	8	-1	0
8	34	-1	0
34	32	-1	0
32	9	-1	0
9	42	-1	0
42	49	-1	0
49	28	-1	0
28	29	-1	0
29	18	-1	0
18	45	-1	0
45	2	-1	0
2	44	-1	0
44	43	-1	0
43	37	-1	0
37	25	-1	0
25	17	-1	0
17	0	-1	0
