/* Number of Operations */
250
/* List of Operations. */
/* Start	End	Fly	#Internal	Locations...*/
0	232	-1	0
232	148	-1	0
148	199	-1	0
199	25	-1	0
25	60	-1	0
60	195	-1	0
195	2	-1	0
2	90	-1	0
90	117	-1	0
117	174	-1	0
174	119	-1	0
119	5	-1	0
5	188	-1	0
188	219	-1	0
219	235	-1	0
235	210	-1	0
210	241	-1	0
241	182	-1	0
182	144	-1	0
144	59	-1	0
59	34	-1	0
34	225	-1	0
225	163	-1	0
163	115	-1	0
115	42	-1	0
42	103	-1	0
103	161	-1	0
161	160	-1	0
160	237	-1	0
237	92	-1	0
92	167	-1	0
167	44	-1	0
44	11	-1	0
11	54	-1	0
54	6	-1	0
6	32	-1	0
32	239	-1	0
239	132	-1	0
132	87	-1	0
87	190	-1	0
190	15	-1	0
15	83	-1	0
83	214	-1	0
214	104	-1	0
104	194	-1	0
194	218	-1	0
218	113	-1	0
113	21	-1	0
21	112	-1	0
112	227	-1	0
227	74	-1	0
74	73	-1	0
73	67	-1	0
67	3	-1	0
3	22	-1	0
22	75	-1	0
75	169	-1	0
169	234	-1	0
234	126	-1	0
126	50	-1	0
50	153	-1	0
153	38	-1	0
38	101	-1	0
101	110	-1	0
110	176	-1	0
176	20	-1	0
20	53	-1	0
53	216	-1	0
216	242	-1	0
242	247	-1	0
247	58	-1	0
58	178	-1	0
178	138	-1	0
138	1	-1	0
1	84	-1	0
84	56	-1	0
56	4	-1	0
4	231	-1	0
231	78	-1	0
78	36	-1	0
36	143	-1	0
143	100	-1	0
100	62	-1	0
62	97	-1	0
97	183	-1	0
183	102	-1	0
102	10	-1	0
10	238	-1	0
238	137	-1	0
137	177	-1	0
177	146	-1	0
146	209	-1	0
209	96	-1	0
96	141	-1	0
141	142	-1	0
142	51	-1	0
51	224	-1	0
224	187	-1	0
187	189	-1	0
189	159	-1	0
159	118	-1	0
118	41	-1	0
41	31	-1	0
31	130	-1	0
130	69	-1	0
69	8	-1	0
8	198	-1	0
198	244	-1	0
244	221	-1	0
221	35	-1	0
35	196	-1	0
196	16	-1	0
16	79	-1	0
79	145	-1	0
145	192	-1	0
192	23	-1	0
23	123	-1	0
123	46	-1	0
46	14	-1	0
14	33	-1	0
33	207	-1	0
207	133	-1	0
133	26	-1	0
26	134	-1	0
134	99	-1	0
99	200	-1	0
200	243	-1	0
243	135	-1	0
135	246	-1	0
246	205	-1	0
205	70	-1	0
70	125	-1	0
125	122	-1	0
122	40	-1	0
40	28	-1	0
28	240	-1	0
240	193	-1	0
193	203	-1	0
203	49	-1	0
49	37	-1	0
37	155	-1	0
155	136	-1	0
136	206	-1	0
206	186	-1	0
186	12	-1	0
12	98	-1	0
98	150	-1	0
150	30	-1	0
30	185	-1	0
185	65	-1	0
65	48	-1	0
48	57	-1	0
57	171	-1	0
171	197	-1	0
197	212	-1	0
212	71	-1	0
71	157	-1	0
157	106	-1	0
106	211	-1	0
211	139	-1	0
139	229	-1	0
229	201	-1	0
201	7	-1	0
7	217	-1	0
217	230	-1	0
230	18	-1	0
18	248	-1	0
248	127	-1	0
127	17	-1	0
17	77	-1	0
77	149	-1	0
149	61	-1	0
61	208	-1	0
208	9	-1	0
9	249	-1	0
249	173	-1	0
173	76	-1	0
76	226	-1	0
226	181	-1	0
181	66	-1	0
66	236	-1	0
236	91	-1	0
91	124	-1	0
124	114	-1	0
114	175	-1	0
175	154	-1	0
154	223	-1	0
223	140	-1	0
140	95	-1	0
95	184	-1	0
184	147	-1	0
147	156	-1	0
156	29	-1	0
29	52	-1	0
52	109	-1	0
109	82	-1	0
82	131	-1	0
131	93	-1	0
93	180	-1	0
180	45	-1	0
45	164	-1	0
164	55	-1	0
55	213	-1	0
213	151	-1	0
151	107	-1	0
107	27	-1	0
27	85	-1	0
85	166	-1	0
166	19	-1	0
19	39	-1	0
39	81	-1	0
81	172	-1	0
172	222	-1	0
222	170	-1	0
170	88	-1	0
88	13	-1	0
13	165	-1	0
165	162	-1	0
162	233	-1	0
233	152	-1	0
152	120	-1	0
120	108	-1	0
108	191	-1	0
191	64	-1	0
64	63	-1	0
63	47	-1	0
47	24	-1	0
24	121	-1	0
121	129	-1	0
129	158	-1	0
158	89	-1	0
89	111	-1	0
111	228	-1	0
228	105	-1	0
105	116	-1	0
116	94	-1	0
94	86	-1	0
86	245	-1	0
245	179	-1	0
179	68	-1	0
68	168	-1	0
168	128	-1	0
128	220	-1	0
220	204	-1	0
204	43	-1	0
43	80	-1	0
80	202	-1	0
202	215	-1	0
215	72	-1	0
72	0	-1	0
