/* Number of Operations */
175
/* List of Operations. */
/* Start	End	Fly	#Internal	Locations...*/
0	117	-1	0
117	63	-1	0
63	116	-1	0
116	167	-1	0
167	29	-1	0
29	24	-1	0
24	123	-1	0
123	93	-1	0
93	77	-1	0
77	81	-1	0
81	47	-1	0
47	126	-1	0
126	102	-1	0
102	157	-1	0
157	1	-1	0
1	34	-1	0
34	141	-1	0
141	36	-1	0
36	51	-1	0
51	159	-1	0
159	74	-1	0
74	11	-1	0
11	133	-1	0
133	39	-1	0
39	105	-1	0
105	88	-1	0
88	13	-1	0
13	112	-1	0
112	154	-1	0
154	32	-1	0
32	138	-1	0
138	142	-1	0
142	38	-1	0
38	128	-1	0
128	110	-1	0
110	90	-1	0
90	131	-1	0
131	166	-1	0
166	49	-1	0
49	76	-1	0
76	60	-1	0
60	146	-1	0
146	68	-1	0
68	22	-1	0
22	75	-1	0
75	169	-1	0
169	168	-1	0
168	165	-1	0
165	6	-1	0
6	173	-1	0
173	66	-1	0
66	172	-1	0
172	69	-1	0
69	155	-1	0
155	31	-1	0
31	26	-1	0
26	103	-1	0
103	82	-1	0
82	121	-1	0
121	27	-1	0
27	139	-1	0
139	64	-1	0
64	40	-1	0
40	153	-1	0
153	163	-1	0
163	111	-1	0
111	100	-1	0
100	91	-1	0
91	48	-1	0
48	124	-1	0
124	162	-1	0
162	72	-1	0
72	55	-1	0
55	71	-1	0
71	78	-1	0
78	35	-1	0
35	3	-1	0
3	28	-1	0
28	61	-1	0
61	65	-1	0
65	144	-1	0
144	2	-1	0
2	129	-1	0
129	10	-1	0
10	108	-1	0
108	43	-1	0
43	114	-1	0
114	136	-1	0
136	92	-1	0
92	30	-1	0
30	45	-1	0
45	109	-1	0
109	79	-1	0
79	33	-1	0
33	118	-1	0
118	19	-1	0
19	16	-1	0
16	174	-1	0
174	164	-1	0
164	12	-1	0
12	56	-1	0
56	67	-1	0
67	54	-1	0
54	137	-1	0
137	37	-1	0
37	120	-1	0
120	18	-1	0
18	41	-1	0
41	44	-1	0
44	145	-1	0
145	25	-1	0
25	4	-1	0
4	158	-1	0
158	148	-1	0
148	9	-1	0
9	135	-1	0
135	7	-1	0
7	160	-1	0
160	122	-1	0
122	23	-1	0
23	98	-1	0
98	20	-1	0
20	86	-1	0
86	89	-1	0
89	119	-1	0
119	130	-1	0
130	15	-1	0
15	140	-1	0
140	106	-1	0
106	113	-1	0
113	101	-1	0
101	80	-1	0
80	85	-1	0
85	42	-1	0
42	57	-1	0
57	127	-1	0
127	107	-1	0
107	104	-1	0
104	53	-1	0
53	14	-1	0
14	50	-1	0
50	161	-1	0
161	8	-1	0
8	70	-1	0
70	83	-1	0
83	46	-1	0
46	115	-1	0
115	58	-1	0
58	152	-1	0
152	94	-1	0
94	150	-1	0
150	134	-1	0
134	97	-1	0
97	132	-1	0
132	95	-1	0
95	17	-1	0
17	84	-1	0
84	52	-1	0
52	62	-1	0
62	96	-1	0
96	87	-1	0
87	5	-1	0
5	171	-1	0
171	125	-1	0
125	21	-1	0
21	170	-1	0
170	151	-1	0
151	147	-1	0
147	59	-1	0
59	99	-1	0
99	143	-1	0
143	73	-1	0
73	156	-1	0
156	149	-1	0
149	0	-1	0
