/* Number of Operations */
250
/* List of Operations. */
/* Start	End	Fly	#Internal	Locations...*/
0	93	-1	0
93	145	-1	0
145	208	-1	0
208	246	-1	0
246	23	-1	0
23	217	-1	0
217	223	-1	0
223	133	-1	0
133	147	-1	0
147	94	-1	0
94	56	-1	0
56	83	-1	0
83	104	-1	0
104	153	-1	0
153	244	-1	0
244	84	-1	0
84	54	-1	0
54	81	-1	0
81	17	-1	0
17	238	-1	0
238	203	-1	0
203	132	-1	0
132	44	-1	0
44	245	-1	0
245	212	-1	0
212	31	-1	0
31	227	-1	0
227	101	-1	0
101	119	-1	0
119	62	-1	0
62	4	-1	0
4	180	-1	0
180	240	-1	0
240	135	-1	0
135	76	-1	0
76	211	-1	0
211	143	-1	0
143	42	-1	0
42	39	-1	0
39	15	-1	0
15	75	-1	0
75	74	-1	0
74	218	-1	0
218	170	-1	0
170	91	-1	0
91	221	-1	0
221	9	-1	0
9	105	-1	0
105	77	-1	0
77	161	-1	0
161	163	-1	0
163	19	-1	0
19	100	-1	0
100	167	-1	0
167	64	-1	0
64	159	-1	0
159	168	-1	0
168	192	-1	0
192	128	-1	0
128	206	-1	0
206	235	-1	0
235	234	-1	0
234	57	-1	0
57	204	-1	0
204	196	-1	0
196	229	-1	0
229	87	-1	0
87	138	-1	0
138	114	-1	0
114	18	-1	0
18	22	-1	0
22	124	-1	0
124	79	-1	0
79	215	-1	0
215	122	-1	0
122	201	-1	0
201	98	-1	0
98	71	-1	0
71	134	-1	0
134	118	-1	0
118	237	-1	0
237	190	-1	0
190	48	-1	0
48	230	-1	0
230	37	-1	0
37	85	-1	0
85	112	-1	0
112	149	-1	0
149	171	-1	0
171	68	-1	0
68	59	-1	0
59	198	-1	0
198	16	-1	0
16	144	-1	0
144	47	-1	0
47	78	-1	0
78	60	-1	0
60	178	-1	0
178	102	-1	0
102	165	-1	0
165	53	-1	0
53	186	-1	0
186	141	-1	0
141	116	-1	0
116	191	-1	0
191	233	-1	0
233	66	-1	0
66	154	-1	0
154	214	-1	0
214	108	-1	0
108	92	-1	0
92	174	-1	0
174	202	-1	0
202	183	-1	0
183	35	-1	0
35	157	-1	0
157	239	-1	0
239	151	-1	0
151	205	-1	0
205	90	-1	0
90	139	-1	0
139	243	-1	0
243	156	-1	0
156	160	-1	0
160	164	-1	0
164	34	-1	0
34	189	-1	0
189	67	-1	0
67	52	-1	0
52	181	-1	0
181	80	-1	0
80	236	-1	0
236	11	-1	0
11	111	-1	0
111	40	-1	0
40	1	-1	0
1	197	-1	0
197	20	-1	0
20	126	-1	0
126	177	-1	0
177	184	-1	0
184	182	-1	0
182	130	-1	0
130	3	-1	0
3	38	-1	0
38	213	-1	0
213	2	-1	0
2	30	-1	0
30	36	-1	0
36	46	-1	0
46	231	-1	0
231	225	-1	0
225	43	-1	0
43	120	-1	0
120	148	-1	0
148	123	-1	0
123	207	-1	0
207	216	-1	0
216	8	-1	0
8	176	-1	0
176	146	-1	0
146	155	-1	0
155	232	-1	0
232	226	-1	0
226	162	-1	0
162	247	-1	0
247	96	-1	0
96	242	-1	0
242	121	-1	0
121	24	-1	0
24	228	-1	0
228	199	-1	0
199	241	-1	0
241	140	-1	0
140	150	-1	0
150	219	-1	0
219	109	-1	0
109	86	-1	0
86	58	-1	0
58	51	-1	0
51	21	-1	0
21	113	-1	0
113	82	-1	0
82	33	-1	0
33	5	-1	0
5	193	-1	0
193	136	-1	0
136	200	-1	0
200	88	-1	0
88	26	-1	0
26	127	-1	0
127	29	-1	0
29	195	-1	0
195	175	-1	0
175	69	-1	0
69	137	-1	0
137	73	-1	0
73	172	-1	0
172	13	-1	0
13	107	-1	0
107	45	-1	0
45	209	-1	0
209	32	-1	0
32	50	-1	0
50	65	-1	0
65	249	-1	0
249	131	-1	0
131	6	-1	0
6	14	-1	0
14	95	-1	0
95	169	-1	0
169	12	-1	0
12	28	-1	0
28	70	-1	0
70	220	-1	0
220	55	-1	0
55	115	-1	0
115	194	-1	0
194	99	-1	0
99	97	-1	0
97	166	-1	0
166	224	-1	0
224	41	-1	0
41	49	-1	0
49	129	-1	0
129	7	-1	0
7	72	-1	0
72	179	-1	0
179	125	-1	0
125	142	-1	0
142	187	-1	0
187	210	-1	0
210	248	-1	0
248	27	-1	0
27	103	-1	0
103	188	-1	0
188	110	-1	0
110	25	-1	0
25	10	-1	0
10	117	-1	0
117	173	-1	0
173	158	-1	0
158	63	-1	0
63	185	-1	0
185	106	-1	0
106	89	-1	0
89	61	-1	0
61	152	-1	0
152	222	-1	0
222	0	-1	0
