/* Number of Operations */
375
/* List of Operations. */
/* Start	End	Fly	#Internal	Locations...*/
0	249	-1	0
249	18	-1	0
18	248	-1	0
248	61	-1	0
61	162	-1	0
162	275	-1	0
275	104	-1	0
104	203	-1	0
203	239	-1	0
239	230	-1	0
230	64	-1	0
64	31	-1	0
31	168	-1	0
168	25	-1	0
25	332	-1	0
332	29	-1	0
29	206	-1	0
206	354	-1	0
354	53	-1	0
53	44	-1	0
44	262	-1	0
262	166	-1	0
166	77	-1	0
77	171	-1	0
171	32	-1	0
32	273	-1	0
273	278	-1	0
278	185	-1	0
185	194	-1	0
194	184	-1	0
184	320	-1	0
320	6	-1	0
6	237	-1	0
237	144	-1	0
144	283	-1	0
283	328	-1	0
328	182	-1	0
182	54	-1	0
54	154	-1	0
154	360	-1	0
360	87	-1	0
87	207	-1	0
207	58	-1	0
58	330	-1	0
330	362	-1	0
362	93	-1	0
93	36	-1	0
36	47	-1	0
47	299	-1	0
299	23	-1	0
23	368	-1	0
368	94	-1	0
94	62	-1	0
62	170	-1	0
170	71	-1	0
71	216	-1	0
216	132	-1	0
132	205	-1	0
205	319	-1	0
319	235	-1	0
235	141	-1	0
141	39	-1	0
39	117	-1	0
117	271	-1	0
271	133	-1	0
133	214	-1	0
214	131	-1	0
131	243	-1	0
243	5	-1	0
5	2	-1	0
2	63	-1	0
63	357	-1	0
357	78	-1	0
78	202	-1	0
202	359	-1	0
359	227	-1	0
227	167	-1	0
167	339	-1	0
339	353	-1	0
353	130	-1	0
130	98	-1	0
98	156	-1	0
156	317	-1	0
317	99	-1	0
99	127	-1	0
127	74	-1	0
74	46	-1	0
46	221	-1	0
221	370	-1	0
370	223	-1	0
223	139	-1	0
139	65	-1	0
65	256	-1	0
256	374	-1	0
374	67	-1	0
67	257	-1	0
257	284	-1	0
284	371	-1	0
371	334	-1	0
334	372	-1	0
372	228	-1	0
228	210	-1	0
210	346	-1	0
346	201	-1	0
201	177	-1	0
177	111	-1	0
111	234	-1	0
234	186	-1	0
186	350	-1	0
350	19	-1	0
19	281	-1	0
281	260	-1	0
260	180	-1	0
180	291	-1	0
291	300	-1	0
300	21	-1	0
21	366	-1	0
366	198	-1	0
198	123	-1	0
123	298	-1	0
298	295	-1	0
295	172	-1	0
172	369	-1	0
369	365	-1	0
365	41	-1	0
41	73	-1	0
73	147	-1	0
147	153	-1	0
153	135	-1	0
135	197	-1	0
197	28	-1	0
28	129	-1	0
129	155	-1	0
155	315	-1	0
315	143	-1	0
143	137	-1	0
137	149	-1	0
149	261	-1	0
261	289	-1	0
289	351	-1	0
351	89	-1	0
89	158	-1	0
158	236	-1	0
236	4	-1	0
4	119	-1	0
119	304	-1	0
304	110	-1	0
110	17	-1	0
17	297	-1	0
297	115	-1	0
115	30	-1	0
30	84	-1	0
84	125	-1	0
125	120	-1	0
120	220	-1	0
220	268	-1	0
268	355	-1	0
355	347	-1	0
347	43	-1	0
43	52	-1	0
52	286	-1	0
286	226	-1	0
226	92	-1	0
92	279	-1	0
279	329	-1	0
329	163	-1	0
163	80	-1	0
80	266	-1	0
266	364	-1	0
364	327	-1	0
327	59	-1	0
59	146	-1	0
146	174	-1	0
174	1	-1	0
1	276	-1	0
276	280	-1	0
280	183	-1	0
183	165	-1	0
165	310	-1	0
310	124	-1	0
124	179	-1	0
179	288	-1	0
288	290	-1	0
290	159	-1	0
159	13	-1	0
13	209	-1	0
209	33	-1	0
33	253	-1	0
253	274	-1	0
274	229	-1	0
229	191	-1	0
191	245	-1	0
245	40	-1	0
40	285	-1	0
285	338	-1	0
338	269	-1	0
269	311	-1	0
311	192	-1	0
192	348	-1	0
348	15	-1	0
15	303	-1	0
303	35	-1	0
35	356	-1	0
356	252	-1	0
252	66	-1	0
66	250	-1	0
250	126	-1	0
126	292	-1	0
292	265	-1	0
265	204	-1	0
204	118	-1	0
118	293	-1	0
293	60	-1	0
60	373	-1	0
373	308	-1	0
308	45	-1	0
45	361	-1	0
361	264	-1	0
264	231	-1	0
231	251	-1	0
251	312	-1	0
312	138	-1	0
138	16	-1	0
16	254	-1	0
254	27	-1	0
27	215	-1	0
215	160	-1	0
160	313	-1	0
313	72	-1	0
72	10	-1	0
10	95	-1	0
95	363	-1	0
363	114	-1	0
114	173	-1	0
173	322	-1	0
322	188	-1	0
188	267	-1	0
267	134	-1	0
134	240	-1	0
240	83	-1	0
83	340	-1	0
340	50	-1	0
50	8	-1	0
8	219	-1	0
219	161	-1	0
161	49	-1	0
49	294	-1	0
294	259	-1	0
259	335	-1	0
335	321	-1	0
321	178	-1	0
178	140	-1	0
140	12	-1	0
12	151	-1	0
151	258	-1	0
258	193	-1	0
193	255	-1	0
255	301	-1	0
301	90	-1	0
90	344	-1	0
344	3	-1	0
3	241	-1	0
241	213	-1	0
213	42	-1	0
42	128	-1	0
128	187	-1	0
187	145	-1	0
145	112	-1	0
112	242	-1	0
242	70	-1	0
70	34	-1	0
34	48	-1	0
48	136	-1	0
136	79	-1	0
79	272	-1	0
272	57	-1	0
57	222	-1	0
222	169	-1	0
169	20	-1	0
20	331	-1	0
331	287	-1	0
287	349	-1	0
349	88	-1	0
88	75	-1	0
75	211	-1	0
211	55	-1	0
55	212	-1	0
212	85	-1	0
85	263	-1	0
263	337	-1	0
337	270	-1	0
270	336	-1	0
336	150	-1	0
150	199	-1	0
199	181	-1	0
181	309	-1	0
309	101	-1	0
101	306	-1	0
306	282	-1	0
282	316	-1	0
316	323	-1	0
323	358	-1	0
358	341	-1	0
341	68	-1	0
68	91	-1	0
91	96	-1	0
96	142	-1	0
142	86	-1	0
86	217	-1	0
217	196	-1	0
196	175	-1	0
175	176	-1	0
176	38	-1	0
38	148	-1	0
148	122	-1	0
122	152	-1	0
152	7	-1	0
7	121	-1	0
121	106	-1	0
106	26	-1	0
26	116	-1	0
116	238	-1	0
238	305	-1	0
305	232	-1	0
232	100	-1	0
100	157	-1	0
157	244	-1	0
244	189	-1	0
189	314	-1	0
314	37	-1	0
37	113	-1	0
113	208	-1	0
208	233	-1	0
233	69	-1	0
69	24	-1	0
24	352	-1	0
352	200	-1	0
200	367	-1	0
367	326	-1	0
326	224	-1	0
224	11	-1	0
11	342	-1	0
342	82	-1	0
82	51	-1	0
51	9	-1	0
9	324	-1	0
324	107	-1	0
107	103	-1	0
103	190	-1	0
190	97	-1	0
97	164	-1	0
164	225	-1	0
225	56	-1	0
56	296	-1	0
296	307	-1	0
307	22	-1	0
22	109	-1	0
109	81	-1	0
81	246	-1	0
246	14	-1	0
14	333	-1	0
333	102	-1	0
102	247	-1	0
247	343	-1	0
343	325	-1	0
325	318	-1	0
318	195	-1	0
195	108	-1	0
108	218	-1	0
218	76	-1	0
76	302	-1	0
302	345	-1	0
345	105	-1	0
105	277	-1	0
277	0	-1	0
