/* Number of Operations */
100
/* List of Operations. */
/* Start	End	Fly	#Internal	Locations...*/
0	34	-1	0
34	50	-1	0
50	98	-1	0
98	97	-1	0
97	6	-1	0
6	84	-1	0
84	88	-1	0
88	75	-1	0
75	59	-1	0
59	71	-1	0
71	18	-1	0
18	74	-1	0
74	78	-1	0
78	90	-1	0
90	66	-1	0
66	38	-1	0
38	5	-1	0
5	44	-1	0
44	89	-1	0
89	92	-1	0
92	46	-1	0
46	48	-1	0
48	95	-1	0
95	1	-1	0
1	63	-1	0
63	36	-1	0
36	51	-1	0
51	86	-1	0
86	7	-1	0
7	67	-1	0
67	77	-1	0
77	33	-1	0
33	23	-1	0
23	17	-1	0
17	3	-1	0
3	65	-1	0
65	62	-1	0
62	16	-1	0
16	41	-1	0
41	58	-1	0
58	32	-1	0
32	57	-1	0
57	80	-1	0
80	20	-1	0
20	42	-1	0
42	37	-1	0
37	19	-1	0
19	79	-1	0
79	24	-1	0
24	54	-1	0
54	70	-1	0
70	14	-1	0
14	49	-1	0
49	82	-1	0
82	28	-1	0
28	45	-1	0
45	52	-1	0
52	69	-1	0
69	29	-1	0
29	83	-1	0
83	47	-1	0
47	35	-1	0
35	53	-1	0
53	11	-1	0
11	93	-1	0
93	94	-1	0
94	81	-1	0
81	9	-1	0
9	39	-1	0
39	40	-1	0
40	12	-1	0
12	10	-1	0
10	30	-1	0
30	99	-1	0
99	72	-1	0
72	85	-1	0
85	8	-1	0
8	21	-1	0
21	73	-1	0
73	91	-1	0
91	43	-1	0
43	56	-1	0
56	60	-1	0
60	13	-1	0
13	96	-1	0
96	15	-1	0
15	22	-1	0
22	61	-1	0
61	76	-1	0
76	2	-1	0
2	68	-1	0
68	64	-1	0
64	31	-1	0
31	87	-1	0
87	4	-1	0
4	27	-1	0
27	25	-1	0
25	26	-1	0
26	55	-1	0
55	0	-1	0
