/* Number of Operations */
175
/* List of Operations. */
/* Start	End	Fly	#Internal	Locations...*/
0	150	-1	0
150	142	-1	0
142	38	-1	0
38	130	-1	0
130	174	-1	0
174	1	-1	0
1	131	-1	0
131	147	-1	0
147	37	-1	0
37	73	-1	0
73	60	-1	0
60	10	-1	0
10	48	-1	0
48	112	-1	0
112	151	-1	0
151	100	-1	0
100	170	-1	0
170	35	-1	0
35	40	-1	0
40	116	-1	0
116	90	-1	0
90	93	-1	0
93	166	-1	0
166	158	-1	0
158	98	-1	0
98	101	-1	0
101	53	-1	0
53	82	-1	0
82	21	-1	0
21	92	-1	0
92	105	-1	0
105	36	-1	0
36	94	-1	0
94	149	-1	0
149	121	-1	0
121	144	-1	0
144	11	-1	0
11	42	-1	0
42	19	-1	0
19	29	-1	0
29	5	-1	0
5	96	-1	0
96	137	-1	0
137	58	-1	0
58	86	-1	0
86	104	-1	0
104	12	-1	0
12	46	-1	0
46	9	-1	0
9	24	-1	0
24	156	-1	0
156	171	-1	0
171	28	-1	0
28	85	-1	0
85	76	-1	0
76	72	-1	0
72	107	-1	0
107	27	-1	0
27	79	-1	0
79	65	-1	0
65	125	-1	0
125	61	-1	0
61	7	-1	0
7	97	-1	0
97	120	-1	0
120	155	-1	0
155	163	-1	0
163	31	-1	0
31	161	-1	0
161	108	-1	0
108	64	-1	0
64	30	-1	0
30	135	-1	0
135	77	-1	0
77	81	-1	0
81	152	-1	0
152	122	-1	0
122	134	-1	0
134	17	-1	0
17	146	-1	0
146	127	-1	0
127	55	-1	0
55	62	-1	0
62	123	-1	0
123	8	-1	0
8	47	-1	0
47	51	-1	0
51	69	-1	0
69	138	-1	0
138	111	-1	0
111	110	-1	0
110	39	-1	0
39	84	-1	0
84	13	-1	0
13	143	-1	0
143	32	-1	0
32	59	-1	0
59	132	-1	0
132	106	-1	0
106	102	-1	0
102	74	-1	0
74	141	-1	0
141	173	-1	0
173	71	-1	0
71	103	-1	0
103	99	-1	0
99	115	-1	0
115	80	-1	0
80	44	-1	0
44	2	-1	0
2	33	-1	0
33	148	-1	0
148	136	-1	0
136	50	-1	0
50	128	-1	0
128	6	-1	0
6	34	-1	0
34	119	-1	0
119	172	-1	0
172	117	-1	0
117	56	-1	0
56	133	-1	0
133	83	-1	0
83	66	-1	0
66	165	-1	0
165	95	-1	0
95	109	-1	0
109	75	-1	0
75	25	-1	0
25	89	-1	0
89	45	-1	0
45	20	-1	0
20	162	-1	0
162	26	-1	0
26	14	-1	0
14	57	-1	0
57	157	-1	0
157	145	-1	0
145	67	-1	0
67	87	-1	0
87	124	-1	0
124	113	-1	0
113	63	-1	0
63	91	-1	0
91	126	-1	0
126	3	-1	0
3	140	-1	0
140	49	-1	0
49	129	-1	0
129	160	-1	0
160	43	-1	0
43	15	-1	0
15	4	-1	0
4	139	-1	0
139	154	-1	0
154	70	-1	0
70	88	-1	0
88	18	-1	0
18	78	-1	0
78	168	-1	0
168	23	-1	0
23	68	-1	0
68	114	-1	0
114	118	-1	0
118	54	-1	0
54	153	-1	0
153	159	-1	0
159	22	-1	0
22	167	-1	0
167	16	-1	0
16	164	-1	0
164	52	-1	0
52	41	-1	0
41	169	-1	0
169	0	-1	0
