/* Number of Operations */
50
/* List of Operations. */
/* Start	End	Fly	#Internal	Locations...*/
0	10	-1	0
10	37	-1	0
37	30	-1	0
30	29	-1	0
29	14	-1	0
14	26	-1	0
26	16	-1	0
16	45	-1	0
45	22	-1	0
22	15	-1	0
15	31	-1	0
31	32	-1	0
32	6	-1	0
6	38	-1	0
38	34	-1	0
34	42	-1	0
42	7	-1	0
7	9	-1	0
9	46	-1	0
46	44	-1	0
44	33	-1	0
33	18	-1	0
18	24	-1	0
24	11	-1	0
11	43	-1	0
43	19	-1	0
19	2	-1	0
2	48	-1	0
48	25	-1	0
25	12	-1	0
12	20	-1	0
20	47	-1	0
47	41	-1	0
41	39	-1	0
39	23	-1	0
23	8	-1	0
8	13	-1	0
13	35	-1	0
35	17	-1	0
17	1	-1	0
1	28	-1	0
28	36	-1	0
36	4	-1	0
4	21	-1	0
21	5	-1	0
5	27	-1	0
27	49	-1	0
49	40	-1	0
40	3	-1	0
3	0	-1	0
