/* Number of Operations */
250
/* List of Operations. */
/* Start	End	Fly	#Internal	Locations...*/
0	237	-1	0
237	188	-1	0
188	46	-1	0
46	41	-1	0
41	170	-1	0
170	105	-1	0
105	189	-1	0
189	71	-1	0
71	93	-1	0
93	182	-1	0
182	51	-1	0
51	45	-1	0
45	14	-1	0
14	225	-1	0
225	242	-1	0
242	111	-1	0
111	161	-1	0
161	209	-1	0
209	70	-1	0
70	106	-1	0
106	230	-1	0
230	47	-1	0
47	48	-1	0
48	53	-1	0
53	20	-1	0
20	86	-1	0
86	175	-1	0
175	153	-1	0
153	74	-1	0
74	234	-1	0
234	142	-1	0
142	196	-1	0
196	69	-1	0
69	27	-1	0
27	139	-1	0
139	138	-1	0
138	148	-1	0
148	194	-1	0
194	85	-1	0
85	72	-1	0
72	3	-1	0
3	208	-1	0
208	73	-1	0
73	157	-1	0
157	249	-1	0
249	163	-1	0
163	2	-1	0
2	223	-1	0
223	8	-1	0
8	181	-1	0
181	214	-1	0
214	90	-1	0
90	229	-1	0
229	113	-1	0
113	59	-1	0
59	4	-1	0
4	155	-1	0
155	7	-1	0
7	118	-1	0
118	246	-1	0
246	127	-1	0
127	32	-1	0
32	99	-1	0
99	95	-1	0
95	125	-1	0
125	219	-1	0
219	179	-1	0
179	185	-1	0
185	121	-1	0
121	63	-1	0
63	65	-1	0
65	228	-1	0
228	28	-1	0
28	183	-1	0
183	55	-1	0
55	39	-1	0
39	22	-1	0
22	195	-1	0
195	35	-1	0
35	67	-1	0
67	168	-1	0
168	154	-1	0
154	137	-1	0
137	107	-1	0
107	160	-1	0
160	66	-1	0
66	13	-1	0
13	104	-1	0
104	202	-1	0
202	206	-1	0
206	84	-1	0
84	68	-1	0
68	126	-1	0
126	6	-1	0
6	50	-1	0
50	133	-1	0
133	199	-1	0
199	162	-1	0
162	62	-1	0
62	158	-1	0
158	151	-1	0
151	205	-1	0
205	166	-1	0
166	186	-1	0
186	241	-1	0
241	200	-1	0
200	220	-1	0
220	226	-1	0
226	247	-1	0
247	144	-1	0
144	243	-1	0
243	75	-1	0
75	122	-1	0
122	180	-1	0
180	108	-1	0
108	184	-1	0
184	224	-1	0
224	117	-1	0
117	31	-1	0
31	102	-1	0
102	23	-1	0
23	89	-1	0
89	25	-1	0
25	42	-1	0
42	64	-1	0
64	227	-1	0
227	190	-1	0
190	159	-1	0
159	97	-1	0
97	100	-1	0
100	248	-1	0
248	44	-1	0
44	244	-1	0
244	36	-1	0
36	207	-1	0
207	169	-1	0
169	94	-1	0
94	152	-1	0
152	82	-1	0
82	130	-1	0
130	10	-1	0
10	201	-1	0
201	193	-1	0
193	217	-1	0
217	128	-1	0
128	26	-1	0
26	192	-1	0
192	233	-1	0
233	176	-1	0
176	54	-1	0
54	43	-1	0
43	146	-1	0
146	147	-1	0
147	132	-1	0
132	245	-1	0
245	40	-1	0
40	124	-1	0
124	61	-1	0
61	178	-1	0
178	12	-1	0
12	15	-1	0
15	198	-1	0
198	11	-1	0
11	210	-1	0
210	103	-1	0
103	120	-1	0
120	58	-1	0
58	173	-1	0
173	83	-1	0
83	17	-1	0
17	33	-1	0
33	165	-1	0
165	218	-1	0
218	221	-1	0
221	231	-1	0
231	204	-1	0
204	5	-1	0
5	164	-1	0
164	129	-1	0
129	136	-1	0
136	197	-1	0
197	112	-1	0
112	123	-1	0
123	30	-1	0
30	239	-1	0
239	172	-1	0
172	77	-1	0
77	88	-1	0
88	187	-1	0
187	203	-1	0
203	216	-1	0
216	9	-1	0
9	222	-1	0
222	80	-1	0
80	134	-1	0
134	213	-1	0
213	101	-1	0
101	18	-1	0
18	52	-1	0
52	76	-1	0
76	49	-1	0
49	60	-1	0
60	171	-1	0
171	56	-1	0
56	24	-1	0
24	114	-1	0
114	78	-1	0
78	235	-1	0
235	29	-1	0
29	119	-1	0
119	145	-1	0
145	167	-1	0
167	236	-1	0
236	211	-1	0
211	37	-1	0
37	21	-1	0
21	34	-1	0
34	81	-1	0
81	1	-1	0
1	143	-1	0
143	115	-1	0
115	91	-1	0
91	19	-1	0
19	149	-1	0
149	150	-1	0
150	191	-1	0
191	96	-1	0
96	215	-1	0
215	140	-1	0
140	141	-1	0
141	16	-1	0
16	110	-1	0
110	177	-1	0
177	38	-1	0
38	240	-1	0
240	174	-1	0
174	212	-1	0
212	131	-1	0
131	135	-1	0
135	238	-1	0
238	232	-1	0
232	79	-1	0
79	92	-1	0
92	87	-1	0
87	98	-1	0
98	116	-1	0
116	156	-1	0
156	57	-1	0
57	109	-1	0
109	0	-1	0
