/* Number of Operations */
100
/* List of Operations. */
/* Start	End	Fly	#Internal	Locations...*/
0	30	-1	0
30	37	-1	0
37	80	-1	0
80	46	-1	0
46	45	-1	0
45	85	-1	0
85	60	-1	0
60	28	-1	0
28	25	-1	0
25	89	-1	0
89	23	-1	0
23	66	-1	0
66	71	-1	0
71	29	-1	0
29	53	-1	0
53	9	-1	0
9	34	-1	0
34	82	-1	0
82	17	-1	0
17	7	-1	0
7	58	-1	0
58	92	-1	0
92	88	-1	0
88	12	-1	0
12	75	-1	0
75	96	-1	0
96	76	-1	0
76	69	-1	0
69	93	-1	0
93	79	-1	0
79	72	-1	0
72	74	-1	0
74	50	-1	0
50	8	-1	0
8	36	-1	0
36	68	-1	0
68	39	-1	0
39	3	-1	0
3	62	-1	0
62	52	-1	0
52	94	-1	0
94	40	-1	0
40	32	-1	0
32	4	-1	0
4	20	-1	0
20	91	-1	0
91	90	-1	0
90	6	-1	0
6	38	-1	0
38	98	-1	0
98	51	-1	0
51	43	-1	0
43	22	-1	0
22	5	-1	0
5	2	-1	0
2	41	-1	0
41	26	-1	0
26	73	-1	0
73	21	-1	0
21	63	-1	0
63	42	-1	0
42	95	-1	0
95	97	-1	0
97	14	-1	0
14	99	-1	0
99	84	-1	0
84	83	-1	0
83	1	-1	0
1	55	-1	0
55	49	-1	0
49	15	-1	0
15	16	-1	0
16	54	-1	0
54	87	-1	0
87	31	-1	0
31	35	-1	0
35	61	-1	0
61	18	-1	0
18	19	-1	0
19	24	-1	0
24	10	-1	0
10	48	-1	0
48	44	-1	0
44	77	-1	0
77	11	-1	0
11	47	-1	0
47	56	-1	0
56	33	-1	0
33	64	-1	0
64	59	-1	0
59	70	-1	0
70	86	-1	0
86	57	-1	0
57	65	-1	0
65	27	-1	0
27	13	-1	0
13	81	-1	0
81	78	-1	0
78	67	-1	0
67	0	-1	0
