/* Number of Operations */
500
/* List of Operations. */
/* Start	End	Fly	#Internal	Locations...*/
0	129	-1	0
129	397	-1	0
397	357	-1	0
357	417	-1	0
417	414	-1	0
414	76	-1	0
76	128	-1	0
128	232	-1	0
232	200	-1	0
200	5	-1	0
5	34	-1	0
34	324	-1	0
324	303	-1	0
303	191	-1	0
191	173	-1	0
173	156	-1	0
156	362	-1	0
362	199	-1	0
199	427	-1	0
427	71	-1	0
71	99	-1	0
99	101	-1	0
101	29	-1	0
29	181	-1	0
181	149	-1	0
149	239	-1	0
239	180	-1	0
180	42	-1	0
42	422	-1	0
422	133	-1	0
133	416	-1	0
416	457	-1	0
457	465	-1	0
465	436	-1	0
436	130	-1	0
130	73	-1	0
73	162	-1	0
162	235	-1	0
235	382	-1	0
382	123	-1	0
123	93	-1	0
93	255	-1	0
255	177	-1	0
177	368	-1	0
368	384	-1	0
384	120	-1	0
120	431	-1	0
431	231	-1	0
231	361	-1	0
361	187	-1	0
187	411	-1	0
411	100	-1	0
100	433	-1	0
433	218	-1	0
218	299	-1	0
299	418	-1	0
418	170	-1	0
170	103	-1	0
103	377	-1	0
377	447	-1	0
447	439	-1	0
439	27	-1	0
27	472	-1	0
472	215	-1	0
215	314	-1	0
314	467	-1	0
467	157	-1	0
157	116	-1	0
116	158	-1	0
158	379	-1	0
379	374	-1	0
374	256	-1	0
256	196	-1	0
196	496	-1	0
496	325	-1	0
325	371	-1	0
371	317	-1	0
317	185	-1	0
185	227	-1	0
227	352	-1	0
352	263	-1	0
263	279	-1	0
279	84	-1	0
84	63	-1	0
63	399	-1	0
399	466	-1	0
466	183	-1	0
183	40	-1	0
40	252	-1	0
252	237	-1	0
237	182	-1	0
182	286	-1	0
286	3	-1	0
3	403	-1	0
403	70	-1	0
70	230	-1	0
230	365	-1	0
365	495	-1	0
495	188	-1	0
188	499	-1	0
499	409	-1	0
409	203	-1	0
203	276	-1	0
276	58	-1	0
58	6	-1	0
6	345	-1	0
345	111	-1	0
111	50	-1	0
50	146	-1	0
146	190	-1	0
190	474	-1	0
474	335	-1	0
335	380	-1	0
380	87	-1	0
87	208	-1	0
208	248	-1	0
248	26	-1	0
26	138	-1	0
138	223	-1	0
223	220	-1	0
220	65	-1	0
65	493	-1	0
493	36	-1	0
36	387	-1	0
387	401	-1	0
401	169	-1	0
169	366	-1	0
366	94	-1	0
94	389	-1	0
389	139	-1	0
139	298	-1	0
298	9	-1	0
9	195	-1	0
195	97	-1	0
97	351	-1	0
351	452	-1	0
452	174	-1	0
174	154	-1	0
154	372	-1	0
372	355	-1	0
355	163	-1	0
163	308	-1	0
308	211	-1	0
211	85	-1	0
85	257	-1	0
257	166	-1	0
166	144	-1	0
144	75	-1	0
75	13	-1	0
13	295	-1	0
295	43	-1	0
43	274	-1	0
274	443	-1	0
443	122	-1	0
122	318	-1	0
318	224	-1	0
224	339	-1	0
339	283	-1	0
283	52	-1	0
52	438	-1	0
438	159	-1	0
159	55	-1	0
55	350	-1	0
350	330	-1	0
330	39	-1	0
39	386	-1	0
386	60	-1	0
60	90	-1	0
90	359	-1	0
359	476	-1	0
476	266	-1	0
266	396	-1	0
396	178	-1	0
178	315	-1	0
315	309	-1	0
309	261	-1	0
261	310	-1	0
310	136	-1	0
136	375	-1	0
375	338	-1	0
338	260	-1	0
260	356	-1	0
356	423	-1	0
423	462	-1	0
462	407	-1	0
407	354	-1	0
354	164	-1	0
164	38	-1	0
38	349	-1	0
349	353	-1	0
353	112	-1	0
112	478	-1	0
478	155	-1	0
155	193	-1	0
193	143	-1	0
143	432	-1	0
432	69	-1	0
69	197	-1	0
197	300	-1	0
300	51	-1	0
51	221	-1	0
221	415	-1	0
415	378	-1	0
378	259	-1	0
259	388	-1	0
388	329	-1	0
329	402	-1	0
402	419	-1	0
419	45	-1	0
45	102	-1	0
102	25	-1	0
25	451	-1	0
451	124	-1	0
124	49	-1	0
49	305	-1	0
305	288	-1	0
288	14	-1	0
14	247	-1	0
247	148	-1	0
148	449	-1	0
449	400	-1	0
400	168	-1	0
168	278	-1	0
278	311	-1	0
311	394	-1	0
394	204	-1	0
204	242	-1	0
242	79	-1	0
79	367	-1	0
367	254	-1	0
254	33	-1	0
33	385	-1	0
385	370	-1	0
370	240	-1	0
240	473	-1	0
473	408	-1	0
408	201	-1	0
201	251	-1	0
251	327	-1	0
327	12	-1	0
12	453	-1	0
453	118	-1	0
118	213	-1	0
213	435	-1	0
435	297	-1	0
297	381	-1	0
381	194	-1	0
194	127	-1	0
127	471	-1	0
471	189	-1	0
189	165	-1	0
165	267	-1	0
267	206	-1	0
206	464	-1	0
464	8	-1	0
8	437	-1	0
437	312	-1	0
312	132	-1	0
132	413	-1	0
413	390	-1	0
390	485	-1	0
485	482	-1	0
482	37	-1	0
37	358	-1	0
358	395	-1	0
395	24	-1	0
24	250	-1	0
250	179	-1	0
179	425	-1	0
425	140	-1	0
140	125	-1	0
125	15	-1	0
15	209	-1	0
209	67	-1	0
67	331	-1	0
331	57	-1	0
57	113	-1	0
113	405	-1	0
405	282	-1	0
282	233	-1	0
233	241	-1	0
241	360	-1	0
360	491	-1	0
491	115	-1	0
115	66	-1	0
66	348	-1	0
348	347	-1	0
347	234	-1	0
234	430	-1	0
430	20	-1	0
20	469	-1	0
469	333	-1	0
333	497	-1	0
497	107	-1	0
107	1	-1	0
1	275	-1	0
275	89	-1	0
89	28	-1	0
28	448	-1	0
448	172	-1	0
172	483	-1	0
483	280	-1	0
280	253	-1	0
253	81	-1	0
81	68	-1	0
68	210	-1	0
210	281	-1	0
281	468	-1	0
468	296	-1	0
296	450	-1	0
450	226	-1	0
226	176	-1	0
176	323	-1	0
323	153	-1	0
153	268	-1	0
268	460	-1	0
460	391	-1	0
391	484	-1	0
484	492	-1	0
492	376	-1	0
376	334	-1	0
334	342	-1	0
342	147	-1	0
147	398	-1	0
398	167	-1	0
167	301	-1	0
301	192	-1	0
192	202	-1	0
202	337	-1	0
337	228	-1	0
228	30	-1	0
30	10	-1	0
10	332	-1	0
332	222	-1	0
222	44	-1	0
44	152	-1	0
152	198	-1	0
198	16	-1	0
16	108	-1	0
108	446	-1	0
446	393	-1	0
393	225	-1	0
225	481	-1	0
481	135	-1	0
135	265	-1	0
265	322	-1	0
322	289	-1	0
289	77	-1	0
77	285	-1	0
285	80	-1	0
80	121	-1	0
121	131	-1	0
131	343	-1	0
343	369	-1	0
369	21	-1	0
21	245	-1	0
245	91	-1	0
91	424	-1	0
424	420	-1	0
420	17	-1	0
17	236	-1	0
236	105	-1	0
105	340	-1	0
340	186	-1	0
186	321	-1	0
321	244	-1	0
244	487	-1	0
487	214	-1	0
214	454	-1	0
454	486	-1	0
486	313	-1	0
313	106	-1	0
106	171	-1	0
171	41	-1	0
41	110	-1	0
110	426	-1	0
426	96	-1	0
96	161	-1	0
161	421	-1	0
421	406	-1	0
406	31	-1	0
31	246	-1	0
246	463	-1	0
463	287	-1	0
287	434	-1	0
434	307	-1	0
307	455	-1	0
455	272	-1	0
272	95	-1	0
95	48	-1	0
48	32	-1	0
32	92	-1	0
92	18	-1	0
18	444	-1	0
444	258	-1	0
258	428	-1	0
428	404	-1	0
404	184	-1	0
184	126	-1	0
126	62	-1	0
62	61	-1	0
61	373	-1	0
373	205	-1	0
205	56	-1	0
56	410	-1	0
410	498	-1	0
498	344	-1	0
344	302	-1	0
302	490	-1	0
490	22	-1	0
22	271	-1	0
271	459	-1	0
459	7	-1	0
7	292	-1	0
292	494	-1	0
494	475	-1	0
475	445	-1	0
445	293	-1	0
293	19	-1	0
19	119	-1	0
119	151	-1	0
151	74	-1	0
74	458	-1	0
458	117	-1	0
117	145	-1	0
145	82	-1	0
82	243	-1	0
243	64	-1	0
64	46	-1	0
46	217	-1	0
217	249	-1	0
249	470	-1	0
470	441	-1	0
441	341	-1	0
341	264	-1	0
264	141	-1	0
141	83	-1	0
83	392	-1	0
392	270	-1	0
270	78	-1	0
78	489	-1	0
489	262	-1	0
262	4	-1	0
4	23	-1	0
23	488	-1	0
488	306	-1	0
306	442	-1	0
442	137	-1	0
137	104	-1	0
104	461	-1	0
461	72	-1	0
72	477	-1	0
477	47	-1	0
47	86	-1	0
86	364	-1	0
364	53	-1	0
53	429	-1	0
429	456	-1	0
456	269	-1	0
269	88	-1	0
88	383	-1	0
383	216	-1	0
216	304	-1	0
304	98	-1	0
98	346	-1	0
346	440	-1	0
440	175	-1	0
175	160	-1	0
160	294	-1	0
294	316	-1	0
316	2	-1	0
2	320	-1	0
320	150	-1	0
150	11	-1	0
11	412	-1	0
412	142	-1	0
142	291	-1	0
291	212	-1	0
212	109	-1	0
109	35	-1	0
35	219	-1	0
219	363	-1	0
363	277	-1	0
277	114	-1	0
114	328	-1	0
328	207	-1	0
207	134	-1	0
134	59	-1	0
59	284	-1	0
284	238	-1	0
238	479	-1	0
479	326	-1	0
326	290	-1	0
290	229	-1	0
229	480	-1	0
480	273	-1	0
273	319	-1	0
319	54	-1	0
54	336	-1	0
336	0	-1	0
