/* Number of Operations */
375
/* List of Operations. */
/* Start	End	Fly	#Internal	Locations...*/
0	324	-1	0
324	113	-1	0
113	160	-1	0
160	6	-1	0
6	201	-1	0
201	306	-1	0
306	114	-1	0
114	353	-1	0
353	318	-1	0
318	137	-1	0
137	170	-1	0
170	24	-1	0
24	105	-1	0
105	245	-1	0
245	185	-1	0
185	14	-1	0
14	252	-1	0
252	285	-1	0
285	323	-1	0
323	203	-1	0
203	8	-1	0
8	356	-1	0
356	7	-1	0
7	164	-1	0
164	320	-1	0
320	111	-1	0
111	287	-1	0
287	18	-1	0
18	300	-1	0
300	187	-1	0
187	334	-1	0
334	127	-1	0
127	53	-1	0
53	72	-1	0
72	148	-1	0
148	131	-1	0
131	29	-1	0
29	95	-1	0
95	54	-1	0
54	264	-1	0
264	360	-1	0
360	87	-1	0
87	343	-1	0
343	209	-1	0
209	130	-1	0
130	37	-1	0
37	41	-1	0
41	267	-1	0
267	46	-1	0
46	349	-1	0
349	19	-1	0
19	265	-1	0
265	179	-1	0
179	182	-1	0
182	94	-1	0
94	338	-1	0
338	27	-1	0
27	89	-1	0
89	162	-1	0
162	183	-1	0
183	210	-1	0
210	329	-1	0
329	138	-1	0
138	332	-1	0
332	202	-1	0
202	257	-1	0
257	118	-1	0
118	3	-1	0
3	346	-1	0
346	261	-1	0
261	247	-1	0
247	155	-1	0
155	104	-1	0
104	196	-1	0
196	91	-1	0
91	269	-1	0
269	228	-1	0
228	314	-1	0
314	230	-1	0
230	350	-1	0
350	345	-1	0
345	35	-1	0
35	123	-1	0
123	359	-1	0
359	56	-1	0
56	75	-1	0
75	266	-1	0
266	243	-1	0
243	141	-1	0
141	244	-1	0
244	258	-1	0
258	367	-1	0
367	4	-1	0
4	124	-1	0
124	147	-1	0
147	280	-1	0
280	12	-1	0
12	60	-1	0
60	80	-1	0
80	175	-1	0
175	150	-1	0
150	134	-1	0
134	254	-1	0
254	62	-1	0
62	342	-1	0
342	372	-1	0
372	268	-1	0
268	319	-1	0
319	200	-1	0
200	199	-1	0
199	68	-1	0
68	157	-1	0
157	301	-1	0
301	298	-1	0
298	176	-1	0
176	112	-1	0
112	195	-1	0
195	336	-1	0
336	76	-1	0
76	340	-1	0
340	103	-1	0
103	139	-1	0
139	109	-1	0
109	348	-1	0
348	151	-1	0
151	327	-1	0
327	23	-1	0
23	194	-1	0
194	177	-1	0
177	208	-1	0
208	315	-1	0
315	106	-1	0
106	239	-1	0
239	128	-1	0
128	370	-1	0
370	365	-1	0
365	297	-1	0
297	142	-1	0
142	291	-1	0
291	102	-1	0
102	215	-1	0
215	308	-1	0
308	304	-1	0
304	158	-1	0
158	374	-1	0
374	126	-1	0
126	10	-1	0
10	309	-1	0
309	70	-1	0
70	5	-1	0
5	152	-1	0
152	90	-1	0
90	135	-1	0
135	21	-1	0
21	144	-1	0
144	277	-1	0
277	259	-1	0
259	2	-1	0
2	286	-1	0
286	229	-1	0
229	163	-1	0
163	316	-1	0
316	335	-1	0
335	67	-1	0
67	36	-1	0
36	347	-1	0
347	362	-1	0
362	100	-1	0
100	251	-1	0
251	40	-1	0
40	64	-1	0
64	278	-1	0
278	219	-1	0
219	262	-1	0
262	246	-1	0
246	189	-1	0
189	121	-1	0
121	207	-1	0
207	236	-1	0
236	234	-1	0
234	363	-1	0
363	352	-1	0
352	322	-1	0
322	149	-1	0
149	16	-1	0
16	225	-1	0
225	1	-1	0
1	66	-1	0
66	213	-1	0
213	159	-1	0
159	153	-1	0
153	216	-1	0
216	214	-1	0
214	331	-1	0
331	292	-1	0
292	355	-1	0
355	28	-1	0
28	108	-1	0
108	341	-1	0
341	222	-1	0
222	65	-1	0
65	125	-1	0
125	136	-1	0
136	47	-1	0
47	255	-1	0
255	295	-1	0
295	107	-1	0
107	48	-1	0
48	82	-1	0
82	26	-1	0
26	275	-1	0
275	78	-1	0
78	49	-1	0
49	321	-1	0
321	61	-1	0
61	115	-1	0
115	173	-1	0
173	79	-1	0
79	156	-1	0
156	282	-1	0
282	33	-1	0
33	221	-1	0
221	122	-1	0
122	223	-1	0
223	313	-1	0
313	303	-1	0
303	351	-1	0
351	181	-1	0
181	52	-1	0
52	45	-1	0
45	249	-1	0
249	99	-1	0
99	302	-1	0
302	270	-1	0
270	169	-1	0
169	344	-1	0
344	143	-1	0
143	161	-1	0
161	186	-1	0
186	240	-1	0
240	17	-1	0
17	317	-1	0
317	71	-1	0
71	330	-1	0
330	81	-1	0
81	217	-1	0
217	101	-1	0
101	9	-1	0
9	325	-1	0
325	93	-1	0
93	354	-1	0
354	242	-1	0
242	256	-1	0
256	312	-1	0
312	284	-1	0
284	337	-1	0
337	227	-1	0
227	296	-1	0
296	224	-1	0
224	129	-1	0
129	50	-1	0
50	357	-1	0
357	358	-1	0
358	97	-1	0
97	191	-1	0
191	58	-1	0
58	174	-1	0
174	238	-1	0
238	167	-1	0
167	63	-1	0
63	299	-1	0
299	57	-1	0
57	339	-1	0
339	279	-1	0
279	178	-1	0
178	51	-1	0
51	305	-1	0
305	55	-1	0
55	198	-1	0
198	184	-1	0
184	333	-1	0
333	289	-1	0
289	369	-1	0
369	85	-1	0
85	43	-1	0
43	96	-1	0
96	59	-1	0
59	180	-1	0
180	84	-1	0
84	232	-1	0
232	364	-1	0
364	145	-1	0
145	263	-1	0
263	15	-1	0
15	274	-1	0
274	307	-1	0
307	290	-1	0
290	188	-1	0
188	20	-1	0
20	86	-1	0
86	373	-1	0
373	248	-1	0
248	166	-1	0
166	30	-1	0
30	283	-1	0
283	205	-1	0
205	281	-1	0
281	273	-1	0
273	193	-1	0
193	77	-1	0
77	120	-1	0
120	69	-1	0
69	293	-1	0
293	154	-1	0
154	192	-1	0
192	206	-1	0
206	117	-1	0
117	226	-1	0
226	133	-1	0
133	288	-1	0
288	294	-1	0
294	366	-1	0
366	171	-1	0
171	73	-1	0
73	371	-1	0
371	25	-1	0
25	88	-1	0
88	218	-1	0
218	237	-1	0
237	310	-1	0
310	212	-1	0
212	368	-1	0
368	38	-1	0
38	34	-1	0
34	31	-1	0
31	42	-1	0
42	172	-1	0
172	116	-1	0
116	168	-1	0
168	92	-1	0
92	311	-1	0
311	132	-1	0
132	220	-1	0
220	74	-1	0
74	39	-1	0
39	98	-1	0
98	22	-1	0
22	204	-1	0
204	110	-1	0
110	233	-1	0
233	140	-1	0
140	146	-1	0
146	276	-1	0
276	271	-1	0
271	326	-1	0
326	197	-1	0
197	165	-1	0
165	32	-1	0
32	260	-1	0
260	83	-1	0
83	250	-1	0
250	272	-1	0
272	44	-1	0
44	119	-1	0
119	328	-1	0
328	235	-1	0
235	190	-1	0
190	241	-1	0
241	361	-1	0
361	231	-1	0
231	211	-1	0
211	253	-1	0
253	11	-1	0
11	13	-1	0
13	0	-1	0
