/* Number of Operations */
375
/* List of Operations. */
/* Start	End	Fly	#Internal	Locations...*/
0	8	-1	0
8	313	-1	0
313	56	-1	0
56	68	-1	0
68	162	-1	0
162	130	-1	0
130	129	-1	0
129	81	-1	0
81	26	-1	0
26	55	-1	0
55	302	-1	0
302	44	-1	0
44	109	-1	0
109	175	-1	0
175	308	-1	0
308	103	-1	0
103	370	-1	0
370	37	-1	0
37	363	-1	0
363	125	-1	0
125	373	-1	0
373	241	-1	0
241	335	-1	0
335	179	-1	0
179	292	-1	0
292	94	-1	0
94	83	-1	0
83	43	-1	0
43	362	-1	0
362	359	-1	0
359	238	-1	0
238	366	-1	0
366	323	-1	0
323	177	-1	0
177	327	-1	0
327	287	-1	0
287	360	-1	0
360	364	-1	0
364	133	-1	0
133	349	-1	0
349	146	-1	0
146	273	-1	0
273	124	-1	0
124	85	-1	0
85	346	-1	0
346	51	-1	0
51	355	-1	0
355	138	-1	0
138	365	-1	0
365	54	-1	0
54	228	-1	0
228	79	-1	0
79	110	-1	0
110	16	-1	0
16	155	-1	0
155	140	-1	0
140	295	-1	0
295	61	-1	0
61	205	-1	0
205	246	-1	0
246	311	-1	0
311	147	-1	0
147	201	-1	0
201	221	-1	0
221	163	-1	0
163	122	-1	0
122	348	-1	0
348	303	-1	0
303	367	-1	0
367	196	-1	0
196	324	-1	0
324	131	-1	0
131	258	-1	0
258	148	-1	0
148	15	-1	0
15	226	-1	0
226	195	-1	0
195	368	-1	0
368	289	-1	0
289	309	-1	0
309	91	-1	0
91	108	-1	0
108	247	-1	0
247	230	-1	0
230	316	-1	0
316	183	-1	0
183	38	-1	0
38	234	-1	0
234	274	-1	0
274	249	-1	0
249	218	-1	0
218	188	-1	0
188	117	-1	0
117	198	-1	0
198	185	-1	0
185	275	-1	0
275	207	-1	0
207	23	-1	0
23	105	-1	0
105	320	-1	0
320	118	-1	0
118	32	-1	0
32	322	-1	0
322	194	-1	0
194	268	-1	0
268	197	-1	0
197	318	-1	0
318	45	-1	0
45	145	-1	0
145	171	-1	0
171	211	-1	0
211	206	-1	0
206	314	-1	0
314	298	-1	0
298	113	-1	0
113	293	-1	0
293	169	-1	0
169	121	-1	0
121	135	-1	0
135	107	-1	0
107	299	-1	0
299	178	-1	0
178	337	-1	0
337	172	-1	0
172	317	-1	0
317	160	-1	0
160	222	-1	0
222	284	-1	0
284	152	-1	0
152	264	-1	0
264	239	-1	0
239	181	-1	0
181	30	-1	0
30	170	-1	0
170	350	-1	0
350	57	-1	0
57	237	-1	0
237	92	-1	0
92	14	-1	0
14	100	-1	0
100	321	-1	0
321	1	-1	0
1	96	-1	0
96	267	-1	0
267	332	-1	0
332	65	-1	0
65	352	-1	0
352	259	-1	0
259	134	-1	0
134	286	-1	0
286	151	-1	0
151	80	-1	0
80	36	-1	0
36	325	-1	0
325	208	-1	0
208	235	-1	0
235	344	-1	0
344	319	-1	0
319	126	-1	0
126	11	-1	0
11	245	-1	0
245	270	-1	0
270	288	-1	0
288	282	-1	0
282	22	-1	0
22	240	-1	0
240	354	-1	0
354	252	-1	0
252	232	-1	0
232	3	-1	0
3	310	-1	0
310	35	-1	0
35	53	-1	0
53	336	-1	0
336	290	-1	0
290	271	-1	0
271	279	-1	0
279	95	-1	0
95	78	-1	0
78	223	-1	0
223	104	-1	0
104	254	-1	0
254	112	-1	0
112	210	-1	0
210	86	-1	0
86	153	-1	0
153	374	-1	0
374	244	-1	0
244	174	-1	0
174	372	-1	0
372	277	-1	0
277	115	-1	0
115	291	-1	0
291	281	-1	0
281	272	-1	0
272	143	-1	0
143	312	-1	0
312	20	-1	0
20	236	-1	0
236	40	-1	0
40	326	-1	0
326	2	-1	0
2	99	-1	0
99	69	-1	0
69	285	-1	0
285	154	-1	0
154	278	-1	0
278	182	-1	0
182	41	-1	0
41	329	-1	0
329	214	-1	0
214	24	-1	0
24	191	-1	0
191	253	-1	0
253	67	-1	0
67	70	-1	0
70	361	-1	0
361	227	-1	0
227	190	-1	0
190	168	-1	0
168	296	-1	0
296	184	-1	0
184	304	-1	0
304	49	-1	0
49	159	-1	0
159	358	-1	0
358	333	-1	0
333	9	-1	0
9	248	-1	0
248	338	-1	0
338	31	-1	0
31	164	-1	0
164	50	-1	0
50	204	-1	0
204	212	-1	0
212	283	-1	0
283	47	-1	0
47	28	-1	0
28	351	-1	0
351	82	-1	0
82	123	-1	0
123	144	-1	0
144	231	-1	0
231	136	-1	0
136	176	-1	0
176	200	-1	0
200	59	-1	0
59	93	-1	0
93	263	-1	0
263	280	-1	0
280	71	-1	0
71	257	-1	0
257	353	-1	0
353	297	-1	0
297	187	-1	0
187	243	-1	0
243	269	-1	0
269	111	-1	0
111	357	-1	0
357	132	-1	0
132	25	-1	0
25	260	-1	0
260	209	-1	0
209	189	-1	0
189	42	-1	0
42	127	-1	0
127	72	-1	0
72	4	-1	0
4	216	-1	0
216	213	-1	0
213	166	-1	0
166	256	-1	0
256	340	-1	0
340	34	-1	0
34	224	-1	0
224	6	-1	0
6	266	-1	0
266	97	-1	0
97	301	-1	0
301	19	-1	0
19	242	-1	0
242	48	-1	0
48	233	-1	0
233	60	-1	0
60	219	-1	0
219	13	-1	0
13	114	-1	0
114	18	-1	0
18	73	-1	0
73	101	-1	0
101	265	-1	0
265	261	-1	0
261	186	-1	0
186	173	-1	0
173	300	-1	0
300	225	-1	0
225	343	-1	0
343	331	-1	0
331	251	-1	0
251	315	-1	0
315	167	-1	0
167	371	-1	0
371	199	-1	0
199	341	-1	0
341	116	-1	0
116	102	-1	0
102	217	-1	0
217	87	-1	0
87	202	-1	0
202	139	-1	0
139	137	-1	0
137	161	-1	0
161	262	-1	0
262	74	-1	0
74	141	-1	0
141	120	-1	0
120	369	-1	0
369	76	-1	0
76	33	-1	0
33	12	-1	0
12	142	-1	0
142	62	-1	0
62	215	-1	0
215	75	-1	0
75	255	-1	0
255	58	-1	0
58	46	-1	0
46	250	-1	0
250	330	-1	0
330	305	-1	0
305	66	-1	0
66	10	-1	0
10	328	-1	0
328	89	-1	0
89	149	-1	0
149	5	-1	0
5	334	-1	0
334	192	-1	0
192	21	-1	0
21	203	-1	0
203	165	-1	0
165	27	-1	0
27	7	-1	0
7	77	-1	0
77	193	-1	0
193	339	-1	0
339	106	-1	0
106	52	-1	0
52	294	-1	0
294	157	-1	0
157	63	-1	0
63	98	-1	0
98	88	-1	0
88	276	-1	0
276	29	-1	0
29	84	-1	0
84	220	-1	0
220	39	-1	0
39	229	-1	0
229	180	-1	0
180	356	-1	0
356	150	-1	0
150	17	-1	0
17	307	-1	0
307	128	-1	0
128	347	-1	0
347	64	-1	0
64	158	-1	0
158	306	-1	0
306	345	-1	0
345	90	-1	0
90	156	-1	0
156	342	-1	0
342	119	-1	0
119	0	-1	0
