/* Number of Operations */
250
/* List of Operations. */
/* Start	End	Fly	#Internal	Locations...*/
0	166	-1	0
166	156	-1	0
156	14	-1	0
14	93	-1	0
93	86	-1	0
86	123	-1	0
123	97	-1	0
97	245	-1	0
245	126	-1	0
126	222	-1	0
222	32	-1	0
32	177	-1	0
177	91	-1	0
91	18	-1	0
18	219	-1	0
219	218	-1	0
218	69	-1	0
69	211	-1	0
211	9	-1	0
9	23	-1	0
23	74	-1	0
74	16	-1	0
16	205	-1	0
205	149	-1	0
149	217	-1	0
217	147	-1	0
147	72	-1	0
72	87	-1	0
87	140	-1	0
140	65	-1	0
65	154	-1	0
154	144	-1	0
144	132	-1	0
132	43	-1	0
43	248	-1	0
248	60	-1	0
60	199	-1	0
199	80	-1	0
80	236	-1	0
236	17	-1	0
17	19	-1	0
19	148	-1	0
148	176	-1	0
176	193	-1	0
193	224	-1	0
224	113	-1	0
113	31	-1	0
31	150	-1	0
150	35	-1	0
35	249	-1	0
249	63	-1	0
63	165	-1	0
165	111	-1	0
111	230	-1	0
230	158	-1	0
158	206	-1	0
206	170	-1	0
170	196	-1	0
196	40	-1	0
40	42	-1	0
42	244	-1	0
244	194	-1	0
194	114	-1	0
114	71	-1	0
71	70	-1	0
70	105	-1	0
105	50	-1	0
50	160	-1	0
160	104	-1	0
104	187	-1	0
187	54	-1	0
54	45	-1	0
45	33	-1	0
33	120	-1	0
120	142	-1	0
142	99	-1	0
99	215	-1	0
215	7	-1	0
7	135	-1	0
135	159	-1	0
159	77	-1	0
77	171	-1	0
171	220	-1	0
220	124	-1	0
124	29	-1	0
29	125	-1	0
125	200	-1	0
200	103	-1	0
103	181	-1	0
181	121	-1	0
121	21	-1	0
21	28	-1	0
28	27	-1	0
27	48	-1	0
48	243	-1	0
243	238	-1	0
238	204	-1	0
204	239	-1	0
239	208	-1	0
208	68	-1	0
68	4	-1	0
4	143	-1	0
143	109	-1	0
109	198	-1	0
198	247	-1	0
247	195	-1	0
195	67	-1	0
67	10	-1	0
10	112	-1	0
112	34	-1	0
34	127	-1	0
127	180	-1	0
180	108	-1	0
108	240	-1	0
240	38	-1	0
38	58	-1	0
58	212	-1	0
212	88	-1	0
88	82	-1	0
82	5	-1	0
5	203	-1	0
203	234	-1	0
234	1	-1	0
1	186	-1	0
186	37	-1	0
37	190	-1	0
190	207	-1	0
207	130	-1	0
130	237	-1	0
237	89	-1	0
89	169	-1	0
169	197	-1	0
197	235	-1	0
235	47	-1	0
47	168	-1	0
168	225	-1	0
225	110	-1	0
110	232	-1	0
232	41	-1	0
41	246	-1	0
246	229	-1	0
229	161	-1	0
161	117	-1	0
117	64	-1	0
64	182	-1	0
182	138	-1	0
138	98	-1	0
98	122	-1	0
122	172	-1	0
172	92	-1	0
92	221	-1	0
221	145	-1	0
145	210	-1	0
210	44	-1	0
44	81	-1	0
81	151	-1	0
151	94	-1	0
94	102	-1	0
102	62	-1	0
62	2	-1	0
2	191	-1	0
191	24	-1	0
24	57	-1	0
57	129	-1	0
129	73	-1	0
73	175	-1	0
175	214	-1	0
214	157	-1	0
157	52	-1	0
52	12	-1	0
12	185	-1	0
185	101	-1	0
101	79	-1	0
79	118	-1	0
118	179	-1	0
179	11	-1	0
11	139	-1	0
139	56	-1	0
56	61	-1	0
61	184	-1	0
184	90	-1	0
90	136	-1	0
136	162	-1	0
162	96	-1	0
96	46	-1	0
46	95	-1	0
95	26	-1	0
26	36	-1	0
36	22	-1	0
22	213	-1	0
213	153	-1	0
153	119	-1	0
119	76	-1	0
76	231	-1	0
231	216	-1	0
216	20	-1	0
20	6	-1	0
6	146	-1	0
146	188	-1	0
188	75	-1	0
75	13	-1	0
13	226	-1	0
226	55	-1	0
55	39	-1	0
39	107	-1	0
107	192	-1	0
192	66	-1	0
66	241	-1	0
241	141	-1	0
141	233	-1	0
233	115	-1	0
115	25	-1	0
25	173	-1	0
173	164	-1	0
164	128	-1	0
128	8	-1	0
8	183	-1	0
183	3	-1	0
3	155	-1	0
155	131	-1	0
131	178	-1	0
178	242	-1	0
242	59	-1	0
59	116	-1	0
116	30	-1	0
30	227	-1	0
227	134	-1	0
134	83	-1	0
83	49	-1	0
49	152	-1	0
152	137	-1	0
137	106	-1	0
106	189	-1	0
189	202	-1	0
202	201	-1	0
201	167	-1	0
167	78	-1	0
78	209	-1	0
209	15	-1	0
15	223	-1	0
223	174	-1	0
174	85	-1	0
85	228	-1	0
228	133	-1	0
133	163	-1	0
163	51	-1	0
51	100	-1	0
100	53	-1	0
53	84	-1	0
84	0	-1	0
