/* Number of Operations */
375
/* List of Operations. */
/* Start	End	Fly	#Internal	Locations...*/
0	209	-1	0
209	247	-1	0
247	31	-1	0
31	211	-1	0
211	291	-1	0
291	267	-1	0
267	67	-1	0
67	33	-1	0
33	182	-1	0
182	244	-1	0
244	11	-1	0
11	217	-1	0
217	240	-1	0
240	118	-1	0
118	42	-1	0
42	16	-1	0
16	254	-1	0
254	221	-1	0
221	338	-1	0
338	261	-1	0
261	162	-1	0
162	141	-1	0
141	360	-1	0
360	368	-1	0
368	157	-1	0
157	328	-1	0
328	355	-1	0
355	10	-1	0
10	49	-1	0
49	135	-1	0
135	200	-1	0
200	296	-1	0
296	202	-1	0
202	22	-1	0
22	300	-1	0
300	86	-1	0
86	127	-1	0
127	341	-1	0
341	69	-1	0
69	3	-1	0
3	196	-1	0
196	233	-1	0
233	181	-1	0
181	115	-1	0
115	120	-1	0
120	277	-1	0
277	146	-1	0
146	297	-1	0
297	331	-1	0
331	274	-1	0
274	288	-1	0
288	313	-1	0
313	319	-1	0
319	260	-1	0
260	346	-1	0
346	351	-1	0
351	214	-1	0
214	216	-1	0
216	315	-1	0
315	103	-1	0
103	68	-1	0
68	298	-1	0
298	263	-1	0
263	81	-1	0
81	279	-1	0
279	47	-1	0
47	125	-1	0
125	370	-1	0
370	364	-1	0
364	187	-1	0
187	168	-1	0
168	192	-1	0
192	281	-1	0
281	197	-1	0
197	94	-1	0
94	25	-1	0
25	39	-1	0
39	366	-1	0
366	15	-1	0
15	138	-1	0
138	256	-1	0
256	114	-1	0
114	208	-1	0
208	354	-1	0
354	108	-1	0
108	352	-1	0
352	195	-1	0
195	124	-1	0
124	373	-1	0
373	339	-1	0
339	232	-1	0
232	140	-1	0
140	147	-1	0
147	239	-1	0
239	83	-1	0
83	329	-1	0
329	102	-1	0
102	316	-1	0
316	238	-1	0
238	283	-1	0
283	87	-1	0
87	222	-1	0
222	358	-1	0
358	23	-1	0
23	36	-1	0
36	266	-1	0
266	248	-1	0
248	20	-1	0
20	301	-1	0
301	99	-1	0
99	1	-1	0
1	293	-1	0
293	155	-1	0
155	113	-1	0
113	176	-1	0
176	270	-1	0
270	218	-1	0
218	91	-1	0
91	276	-1	0
276	111	-1	0
111	191	-1	0
191	71	-1	0
71	203	-1	0
203	105	-1	0
105	332	-1	0
332	255	-1	0
255	48	-1	0
48	188	-1	0
188	152	-1	0
152	51	-1	0
51	320	-1	0
320	269	-1	0
269	97	-1	0
97	359	-1	0
359	340	-1	0
340	142	-1	0
142	65	-1	0
65	175	-1	0
175	243	-1	0
243	62	-1	0
62	52	-1	0
52	172	-1	0
172	229	-1	0
229	43	-1	0
43	252	-1	0
252	309	-1	0
309	289	-1	0
289	304	-1	0
304	210	-1	0
210	27	-1	0
27	45	-1	0
45	219	-1	0
219	237	-1	0
237	130	-1	0
130	93	-1	0
93	318	-1	0
318	325	-1	0
325	46	-1	0
46	186	-1	0
186	317	-1	0
317	104	-1	0
104	273	-1	0
273	323	-1	0
323	241	-1	0
241	310	-1	0
310	295	-1	0
295	117	-1	0
117	32	-1	0
32	38	-1	0
38	112	-1	0
112	204	-1	0
204	312	-1	0
312	134	-1	0
134	174	-1	0
174	59	-1	0
59	326	-1	0
326	193	-1	0
193	132	-1	0
132	189	-1	0
189	259	-1	0
259	180	-1	0
180	231	-1	0
231	26	-1	0
26	169	-1	0
169	305	-1	0
305	14	-1	0
14	29	-1	0
29	163	-1	0
163	282	-1	0
282	17	-1	0
17	101	-1	0
101	345	-1	0
345	8	-1	0
8	213	-1	0
213	149	-1	0
149	153	-1	0
153	131	-1	0
131	333	-1	0
333	110	-1	0
110	126	-1	0
126	215	-1	0
215	80	-1	0
80	374	-1	0
374	54	-1	0
54	100	-1	0
100	361	-1	0
361	311	-1	0
311	362	-1	0
362	264	-1	0
264	285	-1	0
285	225	-1	0
225	12	-1	0
12	74	-1	0
74	128	-1	0
128	183	-1	0
183	76	-1	0
76	55	-1	0
55	171	-1	0
171	40	-1	0
40	167	-1	0
167	122	-1	0
122	258	-1	0
258	156	-1	0
156	159	-1	0
159	13	-1	0
13	257	-1	0
257	85	-1	0
85	98	-1	0
98	353	-1	0
353	228	-1	0
228	230	-1	0
230	205	-1	0
205	24	-1	0
24	290	-1	0
290	44	-1	0
44	251	-1	0
251	207	-1	0
207	272	-1	0
272	234	-1	0
234	347	-1	0
347	350	-1	0
350	194	-1	0
194	137	-1	0
137	337	-1	0
337	242	-1	0
242	314	-1	0
314	82	-1	0
82	369	-1	0
369	299	-1	0
299	88	-1	0
88	201	-1	0
201	6	-1	0
6	306	-1	0
306	179	-1	0
179	220	-1	0
220	275	-1	0
275	96	-1	0
96	161	-1	0
161	245	-1	0
245	136	-1	0
136	235	-1	0
235	90	-1	0
90	116	-1	0
116	28	-1	0
28	226	-1	0
226	250	-1	0
250	56	-1	0
56	286	-1	0
286	84	-1	0
84	177	-1	0
177	4	-1	0
4	334	-1	0
334	357	-1	0
357	66	-1	0
66	133	-1	0
133	236	-1	0
236	79	-1	0
79	165	-1	0
165	72	-1	0
72	151	-1	0
151	30	-1	0
30	18	-1	0
18	60	-1	0
60	294	-1	0
294	330	-1	0
330	95	-1	0
95	150	-1	0
150	34	-1	0
34	198	-1	0
198	342	-1	0
342	9	-1	0
9	154	-1	0
154	41	-1	0
41	324	-1	0
324	123	-1	0
123	302	-1	0
302	106	-1	0
106	206	-1	0
206	327	-1	0
327	61	-1	0
61	129	-1	0
129	343	-1	0
343	2	-1	0
2	148	-1	0
148	50	-1	0
50	77	-1	0
77	307	-1	0
307	249	-1	0
249	199	-1	0
199	57	-1	0
57	371	-1	0
371	365	-1	0
365	58	-1	0
58	278	-1	0
278	363	-1	0
363	271	-1	0
271	372	-1	0
372	268	-1	0
268	246	-1	0
246	348	-1	0
348	184	-1	0
184	78	-1	0
78	367	-1	0
367	178	-1	0
178	292	-1	0
292	166	-1	0
166	144	-1	0
144	19	-1	0
19	356	-1	0
356	223	-1	0
223	287	-1	0
287	70	-1	0
70	143	-1	0
143	35	-1	0
35	308	-1	0
308	5	-1	0
5	164	-1	0
164	303	-1	0
303	280	-1	0
280	21	-1	0
21	37	-1	0
37	253	-1	0
253	7	-1	0
7	212	-1	0
212	107	-1	0
107	53	-1	0
53	321	-1	0
321	170	-1	0
170	349	-1	0
349	335	-1	0
335	173	-1	0
173	224	-1	0
224	119	-1	0
119	121	-1	0
121	190	-1	0
190	336	-1	0
336	109	-1	0
109	185	-1	0
185	227	-1	0
227	160	-1	0
160	344	-1	0
344	265	-1	0
265	63	-1	0
63	322	-1	0
322	262	-1	0
262	73	-1	0
73	75	-1	0
75	145	-1	0
145	89	-1	0
89	158	-1	0
158	64	-1	0
64	284	-1	0
284	92	-1	0
92	139	-1	0
139	0	-1	0
