/* Number of Operations */
250
/* List of Operations. */
/* Start	End	Fly	#Internal	Locations...*/
0	152	-1	0
152	79	-1	0
79	5	-1	0
5	249	-1	0
249	147	-1	0
147	91	-1	0
91	74	-1	0
74	154	-1	0
154	173	-1	0
173	87	-1	0
87	155	-1	0
155	146	-1	0
146	210	-1	0
210	61	-1	0
61	6	-1	0
6	136	-1	0
136	178	-1	0
178	204	-1	0
204	161	-1	0
161	244	-1	0
244	190	-1	0
190	148	-1	0
148	225	-1	0
225	114	-1	0
114	203	-1	0
203	185	-1	0
185	160	-1	0
160	94	-1	0
94	89	-1	0
89	90	-1	0
90	208	-1	0
208	234	-1	0
234	145	-1	0
145	107	-1	0
107	209	-1	0
209	66	-1	0
66	10	-1	0
10	34	-1	0
34	112	-1	0
112	25	-1	0
25	126	-1	0
126	163	-1	0
163	110	-1	0
110	40	-1	0
40	18	-1	0
18	175	-1	0
175	30	-1	0
30	246	-1	0
246	176	-1	0
176	164	-1	0
164	78	-1	0
78	235	-1	0
235	52	-1	0
52	171	-1	0
171	211	-1	0
211	12	-1	0
12	1	-1	0
1	180	-1	0
180	113	-1	0
113	192	-1	0
192	179	-1	0
179	54	-1	0
54	166	-1	0
166	188	-1	0
188	120	-1	0
120	106	-1	0
106	19	-1	0
19	46	-1	0
46	153	-1	0
153	60	-1	0
60	216	-1	0
216	92	-1	0
92	199	-1	0
199	169	-1	0
169	100	-1	0
100	108	-1	0
108	59	-1	0
59	118	-1	0
118	31	-1	0
31	248	-1	0
248	3	-1	0
3	14	-1	0
14	57	-1	0
57	122	-1	0
122	33	-1	0
33	134	-1	0
134	116	-1	0
116	27	-1	0
27	42	-1	0
42	184	-1	0
184	21	-1	0
21	96	-1	0
96	24	-1	0
24	219	-1	0
219	49	-1	0
49	240	-1	0
240	218	-1	0
218	7	-1	0
7	139	-1	0
139	8	-1	0
8	205	-1	0
205	15	-1	0
15	72	-1	0
72	115	-1	0
115	29	-1	0
29	213	-1	0
213	162	-1	0
162	197	-1	0
197	228	-1	0
228	142	-1	0
142	217	-1	0
217	97	-1	0
97	215	-1	0
215	68	-1	0
68	141	-1	0
141	206	-1	0
206	157	-1	0
157	62	-1	0
62	202	-1	0
202	105	-1	0
105	86	-1	0
86	67	-1	0
67	39	-1	0
39	125	-1	0
125	101	-1	0
101	137	-1	0
137	84	-1	0
84	194	-1	0
194	88	-1	0
88	170	-1	0
170	22	-1	0
22	159	-1	0
159	16	-1	0
16	43	-1	0
43	229	-1	0
229	65	-1	0
65	227	-1	0
227	98	-1	0
98	131	-1	0
131	172	-1	0
172	20	-1	0
20	168	-1	0
168	76	-1	0
76	236	-1	0
236	193	-1	0
193	230	-1	0
230	143	-1	0
143	44	-1	0
44	226	-1	0
226	196	-1	0
196	201	-1	0
201	167	-1	0
167	48	-1	0
48	243	-1	0
243	117	-1	0
117	191	-1	0
191	55	-1	0
55	233	-1	0
233	231	-1	0
231	82	-1	0
82	93	-1	0
93	37	-1	0
37	140	-1	0
140	207	-1	0
207	56	-1	0
56	38	-1	0
38	212	-1	0
212	26	-1	0
26	223	-1	0
223	245	-1	0
245	102	-1	0
102	104	-1	0
104	83	-1	0
83	23	-1	0
23	222	-1	0
222	36	-1	0
36	186	-1	0
186	187	-1	0
187	242	-1	0
242	221	-1	0
221	237	-1	0
237	99	-1	0
99	109	-1	0
109	150	-1	0
150	198	-1	0
198	241	-1	0
241	63	-1	0
63	181	-1	0
181	124	-1	0
124	132	-1	0
132	11	-1	0
11	119	-1	0
119	9	-1	0
9	121	-1	0
121	182	-1	0
182	220	-1	0
220	95	-1	0
95	45	-1	0
45	149	-1	0
149	73	-1	0
73	53	-1	0
53	158	-1	0
158	85	-1	0
85	17	-1	0
17	138	-1	0
138	130	-1	0
130	232	-1	0
232	41	-1	0
41	195	-1	0
195	2	-1	0
2	239	-1	0
239	129	-1	0
129	50	-1	0
50	151	-1	0
151	103	-1	0
103	47	-1	0
47	111	-1	0
111	81	-1	0
81	70	-1	0
70	75	-1	0
75	156	-1	0
156	4	-1	0
4	247	-1	0
247	69	-1	0
69	51	-1	0
51	127	-1	0
127	177	-1	0
177	165	-1	0
165	64	-1	0
64	189	-1	0
189	128	-1	0
128	183	-1	0
183	77	-1	0
77	214	-1	0
214	35	-1	0
35	133	-1	0
133	80	-1	0
80	144	-1	0
144	224	-1	0
224	123	-1	0
123	32	-1	0
32	135	-1	0
135	238	-1	0
238	71	-1	0
71	13	-1	0
13	200	-1	0
200	174	-1	0
174	58	-1	0
58	28	-1	0
28	0	-1	0
