/* Number of Operations */
375
/* List of Operations. */
/* Start	End	Fly	#Internal	Locations...*/
0	183	-1	0
183	315	-1	0
315	99	-1	0
99	4	-1	0
4	80	-1	0
80	29	-1	0
29	347	-1	0
347	142	-1	0
142	35	-1	0
35	135	-1	0
135	39	-1	0
39	329	-1	0
329	82	-1	0
82	293	-1	0
293	268	-1	0
268	277	-1	0
277	38	-1	0
38	100	-1	0
100	253	-1	0
253	353	-1	0
353	362	-1	0
362	3	-1	0
3	57	-1	0
57	27	-1	0
27	115	-1	0
115	206	-1	0
206	182	-1	0
182	222	-1	0
222	119	-1	0
119	151	-1	0
151	160	-1	0
160	321	-1	0
321	339	-1	0
339	282	-1	0
282	101	-1	0
101	203	-1	0
203	165	-1	0
165	275	-1	0
275	132	-1	0
132	369	-1	0
369	352	-1	0
352	325	-1	0
325	328	-1	0
328	260	-1	0
260	73	-1	0
73	350	-1	0
350	250	-1	0
250	172	-1	0
172	107	-1	0
107	368	-1	0
368	186	-1	0
186	109	-1	0
109	91	-1	0
91	28	-1	0
28	215	-1	0
215	87	-1	0
87	77	-1	0
77	190	-1	0
190	53	-1	0
53	181	-1	0
181	184	-1	0
184	185	-1	0
185	345	-1	0
345	50	-1	0
50	89	-1	0
89	166	-1	0
166	113	-1	0
113	16	-1	0
16	237	-1	0
237	232	-1	0
232	223	-1	0
223	335	-1	0
335	173	-1	0
173	122	-1	0
122	269	-1	0
269	85	-1	0
85	351	-1	0
351	157	-1	0
157	197	-1	0
197	153	-1	0
153	242	-1	0
242	193	-1	0
193	189	-1	0
189	318	-1	0
318	202	-1	0
202	143	-1	0
143	247	-1	0
247	45	-1	0
45	287	-1	0
287	374	-1	0
374	102	-1	0
102	103	-1	0
103	205	-1	0
205	58	-1	0
58	304	-1	0
304	171	-1	0
171	228	-1	0
228	145	-1	0
145	180	-1	0
180	348	-1	0
348	244	-1	0
244	134	-1	0
134	233	-1	0
233	141	-1	0
141	11	-1	0
11	194	-1	0
194	349	-1	0
349	44	-1	0
44	218	-1	0
218	229	-1	0
229	313	-1	0
313	219	-1	0
219	311	-1	0
311	36	-1	0
36	344	-1	0
344	265	-1	0
265	199	-1	0
199	30	-1	0
30	316	-1	0
316	343	-1	0
343	19	-1	0
19	235	-1	0
235	257	-1	0
257	249	-1	0
249	301	-1	0
301	176	-1	0
176	93	-1	0
93	355	-1	0
355	86	-1	0
86	117	-1	0
117	74	-1	0
74	146	-1	0
146	90	-1	0
90	300	-1	0
300	240	-1	0
240	372	-1	0
372	262	-1	0
262	333	-1	0
333	241	-1	0
241	92	-1	0
92	326	-1	0
326	148	-1	0
148	361	-1	0
361	152	-1	0
152	158	-1	0
158	40	-1	0
40	296	-1	0
296	13	-1	0
13	370	-1	0
370	273	-1	0
273	34	-1	0
34	271	-1	0
271	292	-1	0
292	18	-1	0
18	177	-1	0
177	371	-1	0
371	179	-1	0
179	24	-1	0
24	336	-1	0
336	236	-1	0
236	288	-1	0
288	274	-1	0
274	127	-1	0
127	281	-1	0
281	112	-1	0
112	67	-1	0
67	163	-1	0
163	162	-1	0
162	14	-1	0
14	270	-1	0
270	114	-1	0
114	60	-1	0
60	144	-1	0
144	5	-1	0
5	259	-1	0
259	221	-1	0
221	332	-1	0
332	211	-1	0
211	98	-1	0
98	75	-1	0
75	20	-1	0
20	254	-1	0
254	137	-1	0
137	320	-1	0
320	46	-1	0
46	188	-1	0
188	297	-1	0
297	278	-1	0
278	305	-1	0
305	168	-1	0
168	334	-1	0
334	130	-1	0
130	245	-1	0
245	159	-1	0
159	128	-1	0
128	131	-1	0
131	76	-1	0
76	88	-1	0
88	61	-1	0
61	22	-1	0
22	359	-1	0
359	17	-1	0
17	84	-1	0
84	125	-1	0
125	32	-1	0
32	319	-1	0
319	283	-1	0
283	66	-1	0
66	327	-1	0
327	126	-1	0
126	33	-1	0
33	111	-1	0
111	178	-1	0
178	330	-1	0
330	340	-1	0
340	31	-1	0
31	150	-1	0
150	106	-1	0
106	303	-1	0
303	47	-1	0
47	309	-1	0
309	170	-1	0
170	133	-1	0
133	266	-1	0
266	366	-1	0
366	23	-1	0
23	246	-1	0
246	212	-1	0
212	252	-1	0
252	10	-1	0
10	200	-1	0
200	149	-1	0
149	83	-1	0
83	227	-1	0
227	367	-1	0
367	6	-1	0
6	324	-1	0
324	79	-1	0
79	354	-1	0
354	121	-1	0
121	123	-1	0
123	139	-1	0
139	59	-1	0
59	290	-1	0
290	108	-1	0
108	156	-1	0
156	118	-1	0
118	285	-1	0
285	105	-1	0
105	272	-1	0
272	71	-1	0
71	342	-1	0
342	2	-1	0
2	72	-1	0
72	207	-1	0
207	238	-1	0
238	25	-1	0
25	95	-1	0
95	174	-1	0
174	224	-1	0
224	48	-1	0
48	154	-1	0
154	289	-1	0
289	280	-1	0
280	363	-1	0
363	307	-1	0
307	51	-1	0
51	317	-1	0
317	120	-1	0
120	217	-1	0
217	43	-1	0
43	155	-1	0
155	52	-1	0
52	192	-1	0
192	54	-1	0
54	310	-1	0
310	294	-1	0
294	314	-1	0
314	365	-1	0
365	299	-1	0
299	68	-1	0
68	298	-1	0
298	239	-1	0
239	198	-1	0
198	41	-1	0
41	65	-1	0
65	331	-1	0
331	169	-1	0
169	175	-1	0
175	167	-1	0
167	243	-1	0
243	138	-1	0
138	116	-1	0
116	346	-1	0
346	302	-1	0
302	69	-1	0
69	214	-1	0
214	261	-1	0
261	204	-1	0
204	196	-1	0
196	338	-1	0
338	62	-1	0
62	37	-1	0
37	230	-1	0
230	258	-1	0
258	129	-1	0
129	209	-1	0
209	8	-1	0
8	263	-1	0
263	55	-1	0
55	208	-1	0
208	358	-1	0
358	21	-1	0
21	251	-1	0
251	81	-1	0
81	357	-1	0
357	9	-1	0
9	308	-1	0
308	306	-1	0
306	356	-1	0
356	284	-1	0
284	220	-1	0
220	234	-1	0
234	323	-1	0
323	26	-1	0
26	231	-1	0
231	124	-1	0
124	267	-1	0
267	161	-1	0
161	341	-1	0
341	191	-1	0
191	322	-1	0
322	15	-1	0
15	78	-1	0
78	63	-1	0
63	373	-1	0
373	210	-1	0
210	276	-1	0
276	96	-1	0
96	312	-1	0
312	42	-1	0
42	213	-1	0
213	187	-1	0
187	291	-1	0
291	110	-1	0
110	147	-1	0
147	216	-1	0
216	56	-1	0
56	279	-1	0
279	256	-1	0
256	295	-1	0
295	12	-1	0
12	264	-1	0
264	201	-1	0
201	364	-1	0
364	136	-1	0
136	104	-1	0
104	140	-1	0
140	195	-1	0
195	225	-1	0
225	70	-1	0
70	337	-1	0
337	286	-1	0
286	255	-1	0
255	248	-1	0
248	226	-1	0
226	49	-1	0
49	94	-1	0
94	7	-1	0
7	164	-1	0
164	64	-1	0
64	97	-1	0
97	1	-1	0
1	360	-1	0
360	0	-1	0
