/* Number of Operations */
175
/* List of Operations. */
/* Start	End	Fly	#Internal	Locations...*/
0	169	-1	0
169	41	-1	0
41	52	-1	0
52	164	-1	0
164	16	-1	0
16	167	-1	0
167	22	-1	0
22	159	-1	0
159	153	-1	0
153	54	-1	0
54	118	-1	0
118	114	-1	0
114	68	-1	0
68	23	-1	0
23	168	-1	0
168	78	-1	0
78	18	-1	0
18	88	-1	0
88	70	-1	0
70	154	-1	0
154	139	-1	0
139	4	-1	0
4	15	-1	0
15	43	-1	0
43	160	-1	0
160	129	-1	0
129	49	-1	0
49	140	-1	0
140	3	-1	0
3	126	-1	0
126	91	-1	0
91	63	-1	0
63	113	-1	0
113	124	-1	0
124	87	-1	0
87	67	-1	0
67	145	-1	0
145	157	-1	0
157	57	-1	0
57	14	-1	0
14	26	-1	0
26	162	-1	0
162	20	-1	0
20	45	-1	0
45	89	-1	0
89	25	-1	0
25	75	-1	0
75	109	-1	0
109	95	-1	0
95	165	-1	0
165	66	-1	0
66	83	-1	0
83	133	-1	0
133	56	-1	0
56	117	-1	0
117	172	-1	0
172	119	-1	0
119	34	-1	0
34	6	-1	0
6	128	-1	0
128	50	-1	0
50	136	-1	0
136	148	-1	0
148	33	-1	0
33	2	-1	0
2	44	-1	0
44	80	-1	0
80	115	-1	0
115	99	-1	0
99	103	-1	0
103	71	-1	0
71	173	-1	0
173	141	-1	0
141	74	-1	0
74	102	-1	0
102	106	-1	0
106	132	-1	0
132	59	-1	0
59	32	-1	0
32	143	-1	0
143	13	-1	0
13	84	-1	0
84	39	-1	0
39	110	-1	0
110	111	-1	0
111	138	-1	0
138	69	-1	0
69	51	-1	0
51	47	-1	0
47	8	-1	0
8	123	-1	0
123	62	-1	0
62	55	-1	0
55	127	-1	0
127	146	-1	0
146	17	-1	0
17	134	-1	0
134	122	-1	0
122	152	-1	0
152	81	-1	0
81	77	-1	0
77	135	-1	0
135	30	-1	0
30	64	-1	0
64	108	-1	0
108	161	-1	0
161	31	-1	0
31	163	-1	0
163	155	-1	0
155	120	-1	0
120	97	-1	0
97	7	-1	0
7	61	-1	0
61	125	-1	0
125	65	-1	0
65	79	-1	0
79	27	-1	0
27	107	-1	0
107	72	-1	0
72	76	-1	0
76	85	-1	0
85	28	-1	0
28	171	-1	0
171	156	-1	0
156	24	-1	0
24	9	-1	0
9	46	-1	0
46	12	-1	0
12	104	-1	0
104	86	-1	0
86	58	-1	0
58	137	-1	0
137	96	-1	0
96	5	-1	0
5	29	-1	0
29	19	-1	0
19	42	-1	0
42	11	-1	0
11	144	-1	0
144	121	-1	0
121	149	-1	0
149	94	-1	0
94	36	-1	0
36	105	-1	0
105	92	-1	0
92	21	-1	0
21	53	-1	0
53	82	-1	0
82	101	-1	0
101	98	-1	0
98	158	-1	0
158	166	-1	0
166	90	-1	0
90	93	-1	0
93	116	-1	0
116	40	-1	0
40	35	-1	0
35	170	-1	0
170	100	-1	0
100	151	-1	0
151	112	-1	0
112	48	-1	0
48	10	-1	0
10	60	-1	0
60	73	-1	0
73	37	-1	0
37	147	-1	0
147	131	-1	0
131	1	-1	0
1	174	-1	0
174	130	-1	0
130	38	-1	0
38	142	-1	0
142	150	-1	0
150	0	-1	0
