/* Number of Operations */
75
/* List of Operations. */
/* Start	End	Fly	#Internal	Locations...*/
0	5	-1	0
5	46	-1	0
46	48	-1	0
48	23	-1	0
23	20	-1	0
20	17	-1	0
17	1	-1	0
1	34	-1	0
34	19	-1	0
19	13	-1	0
13	12	-1	0
12	45	-1	0
45	4	-1	0
4	31	-1	0
31	49	-1	0
49	39	-1	0
39	2	-1	0
2	69	-1	0
69	38	-1	0
38	44	-1	0
44	65	-1	0
65	3	-1	0
3	60	-1	0
60	58	-1	0
58	14	-1	0
14	22	-1	0
22	42	-1	0
42	71	-1	0
71	7	-1	0
7	30	-1	0
30	63	-1	0
63	64	-1	0
64	21	-1	0
21	28	-1	0
28	74	-1	0
74	59	-1	0
59	24	-1	0
24	36	-1	0
36	73	-1	0
73	52	-1	0
52	33	-1	0
33	43	-1	0
43	16	-1	0
16	41	-1	0
41	50	-1	0
50	57	-1	0
57	55	-1	0
55	66	-1	0
66	25	-1	0
25	32	-1	0
32	27	-1	0
27	47	-1	0
47	6	-1	0
6	56	-1	0
56	8	-1	0
8	53	-1	0
53	26	-1	0
26	68	-1	0
68	40	-1	0
40	37	-1	0
37	35	-1	0
35	18	-1	0
18	29	-1	0
29	72	-1	0
72	10	-1	0
10	15	-1	0
15	51	-1	0
51	70	-1	0
70	9	-1	0
9	61	-1	0
61	54	-1	0
54	62	-1	0
62	11	-1	0
11	67	-1	0
67	0	-1	0
