/* Number of Operations */
500
/* List of Operations. */
/* Start	End	Fly	#Internal	Locations...*/
0	47	-1	0
47	357	-1	0
357	436	-1	0
436	160	-1	0
160	430	-1	0
430	410	-1	0
410	65	-1	0
65	495	-1	0
495	205	-1	0
205	128	-1	0
128	208	-1	0
208	269	-1	0
269	293	-1	0
293	22	-1	0
22	35	-1	0
35	478	-1	0
478	393	-1	0
393	119	-1	0
119	240	-1	0
240	171	-1	0
171	30	-1	0
30	13	-1	0
13	403	-1	0
403	121	-1	0
121	274	-1	0
274	149	-1	0
149	476	-1	0
476	390	-1	0
390	114	-1	0
114	123	-1	0
123	100	-1	0
100	183	-1	0
183	428	-1	0
428	318	-1	0
318	336	-1	0
336	471	-1	0
471	346	-1	0
346	334	-1	0
334	408	-1	0
408	462	-1	0
462	164	-1	0
164	98	-1	0
98	307	-1	0
307	221	-1	0
221	46	-1	0
46	161	-1	0
161	330	-1	0
330	137	-1	0
137	78	-1	0
78	316	-1	0
316	276	-1	0
276	322	-1	0
322	89	-1	0
89	263	-1	0
263	300	-1	0
300	499	-1	0
499	32	-1	0
32	56	-1	0
56	3	-1	0
3	247	-1	0
247	439	-1	0
439	404	-1	0
404	18	-1	0
18	215	-1	0
215	158	-1	0
158	237	-1	0
237	210	-1	0
210	72	-1	0
72	90	-1	0
90	342	-1	0
342	173	-1	0
173	157	-1	0
157	50	-1	0
50	259	-1	0
259	425	-1	0
425	264	-1	0
264	258	-1	0
258	34	-1	0
34	420	-1	0
420	302	-1	0
302	242	-1	0
242	140	-1	0
140	172	-1	0
172	255	-1	0
255	481	-1	0
481	61	-1	0
61	43	-1	0
43	384	-1	0
384	363	-1	0
363	184	-1	0
184	211	-1	0
211	260	-1	0
260	497	-1	0
497	143	-1	0
143	305	-1	0
305	295	-1	0
295	358	-1	0
358	292	-1	0
292	169	-1	0
169	162	-1	0
162	220	-1	0
220	398	-1	0
398	434	-1	0
434	378	-1	0
378	338	-1	0
338	297	-1	0
297	429	-1	0
429	414	-1	0
414	120	-1	0
120	467	-1	0
467	165	-1	0
165	107	-1	0
107	127	-1	0
127	244	-1	0
244	298	-1	0
298	181	-1	0
181	455	-1	0
455	236	-1	0
236	329	-1	0
329	16	-1	0
16	84	-1	0
84	63	-1	0
63	347	-1	0
347	9	-1	0
9	447	-1	0
447	291	-1	0
291	141	-1	0
141	350	-1	0
350	80	-1	0
80	493	-1	0
493	389	-1	0
389	76	-1	0
76	454	-1	0
454	234	-1	0
234	168	-1	0
168	230	-1	0
230	351	-1	0
351	328	-1	0
328	278	-1	0
278	252	-1	0
252	232	-1	0
232	257	-1	0
257	431	-1	0
431	191	-1	0
191	200	-1	0
200	381	-1	0
381	253	-1	0
253	472	-1	0
472	228	-1	0
228	193	-1	0
193	202	-1	0
202	463	-1	0
463	427	-1	0
427	325	-1	0
325	421	-1	0
421	317	-1	0
317	382	-1	0
382	474	-1	0
474	407	-1	0
407	459	-1	0
459	315	-1	0
315	227	-1	0
227	483	-1	0
483	248	-1	0
248	485	-1	0
485	359	-1	0
359	170	-1	0
170	272	-1	0
272	388	-1	0
388	399	-1	0
399	417	-1	0
417	41	-1	0
41	491	-1	0
491	352	-1	0
352	449	-1	0
449	75	-1	0
75	188	-1	0
188	1	-1	0
1	31	-1	0
31	204	-1	0
204	451	-1	0
451	303	-1	0
303	209	-1	0
209	286	-1	0
286	423	-1	0
423	73	-1	0
73	182	-1	0
182	53	-1	0
53	306	-1	0
306	311	-1	0
311	180	-1	0
180	20	-1	0
20	24	-1	0
24	419	-1	0
419	189	-1	0
189	275	-1	0
275	38	-1	0
38	124	-1	0
124	109	-1	0
109	412	-1	0
412	49	-1	0
49	195	-1	0
195	331	-1	0
331	251	-1	0
251	377	-1	0
377	93	-1	0
93	223	-1	0
223	156	-1	0
156	312	-1	0
312	424	-1	0
424	406	-1	0
406	216	-1	0
216	179	-1	0
179	167	-1	0
167	285	-1	0
285	117	-1	0
117	290	-1	0
290	243	-1	0
243	355	-1	0
355	361	-1	0
361	337	-1	0
337	83	-1	0
83	197	-1	0
197	69	-1	0
69	332	-1	0
332	66	-1	0
66	392	-1	0
392	118	-1	0
118	385	-1	0
385	448	-1	0
448	413	-1	0
413	138	-1	0
138	229	-1	0
229	23	-1	0
23	438	-1	0
438	145	-1	0
145	33	-1	0
33	484	-1	0
484	132	-1	0
132	458	-1	0
458	163	-1	0
163	444	-1	0
444	301	-1	0
301	450	-1	0
450	367	-1	0
367	494	-1	0
494	280	-1	0
280	14	-1	0
14	319	-1	0
319	360	-1	0
360	405	-1	0
405	110	-1	0
110	79	-1	0
79	310	-1	0
310	194	-1	0
194	354	-1	0
354	218	-1	0
218	42	-1	0
42	386	-1	0
386	369	-1	0
369	480	-1	0
480	74	-1	0
74	28	-1	0
28	19	-1	0
19	409	-1	0
409	490	-1	0
490	105	-1	0
105	279	-1	0
279	175	-1	0
175	101	-1	0
101	136	-1	0
136	304	-1	0
304	415	-1	0
415	461	-1	0
461	146	-1	0
146	271	-1	0
271	442	-1	0
442	362	-1	0
362	353	-1	0
353	40	-1	0
40	115	-1	0
115	489	-1	0
489	235	-1	0
235	309	-1	0
309	25	-1	0
25	457	-1	0
457	95	-1	0
95	4	-1	0
4	469	-1	0
469	224	-1	0
224	48	-1	0
48	340	-1	0
340	166	-1	0
166	185	-1	0
185	241	-1	0
241	370	-1	0
370	58	-1	0
58	87	-1	0
87	383	-1	0
383	267	-1	0
267	437	-1	0
437	394	-1	0
394	288	-1	0
288	206	-1	0
206	222	-1	0
222	139	-1	0
139	343	-1	0
343	446	-1	0
446	17	-1	0
17	148	-1	0
148	266	-1	0
266	45	-1	0
45	488	-1	0
488	151	-1	0
151	91	-1	0
91	187	-1	0
187	486	-1	0
486	440	-1	0
440	21	-1	0
21	217	-1	0
217	327	-1	0
327	262	-1	0
262	341	-1	0
341	7	-1	0
7	473	-1	0
473	225	-1	0
225	116	-1	0
116	12	-1	0
12	348	-1	0
348	176	-1	0
176	54	-1	0
54	464	-1	0
464	186	-1	0
186	102	-1	0
102	418	-1	0
418	52	-1	0
52	59	-1	0
59	314	-1	0
314	294	-1	0
294	129	-1	0
129	131	-1	0
131	71	-1	0
71	122	-1	0
122	245	-1	0
245	11	-1	0
11	379	-1	0
379	344	-1	0
344	445	-1	0
445	411	-1	0
411	479	-1	0
479	452	-1	0
452	282	-1	0
282	82	-1	0
82	97	-1	0
97	55	-1	0
55	468	-1	0
468	475	-1	0
475	443	-1	0
443	299	-1	0
299	345	-1	0
345	68	-1	0
68	134	-1	0
134	86	-1	0
86	416	-1	0
416	27	-1	0
27	313	-1	0
313	487	-1	0
487	335	-1	0
335	256	-1	0
256	26	-1	0
26	368	-1	0
368	284	-1	0
284	339	-1	0
339	51	-1	0
51	453	-1	0
453	391	-1	0
391	106	-1	0
106	466	-1	0
466	239	-1	0
239	320	-1	0
320	470	-1	0
470	268	-1	0
268	207	-1	0
207	6	-1	0
6	477	-1	0
477	397	-1	0
397	333	-1	0
333	435	-1	0
435	94	-1	0
94	366	-1	0
366	112	-1	0
112	365	-1	0
365	465	-1	0
465	37	-1	0
37	246	-1	0
246	62	-1	0
62	213	-1	0
213	196	-1	0
196	396	-1	0
396	201	-1	0
201	323	-1	0
323	287	-1	0
287	29	-1	0
29	57	-1	0
57	96	-1	0
96	270	-1	0
270	155	-1	0
155	231	-1	0
231	482	-1	0
482	233	-1	0
233	88	-1	0
88	373	-1	0
373	5	-1	0
5	77	-1	0
77	219	-1	0
219	374	-1	0
374	492	-1	0
492	15	-1	0
15	441	-1	0
441	198	-1	0
198	433	-1	0
433	349	-1	0
349	371	-1	0
371	67	-1	0
67	321	-1	0
321	238	-1	0
238	154	-1	0
154	250	-1	0
250	81	-1	0
81	283	-1	0
283	108	-1	0
108	199	-1	0
199	153	-1	0
153	375	-1	0
375	126	-1	0
126	192	-1	0
192	422	-1	0
422	308	-1	0
308	380	-1	0
380	401	-1	0
401	356	-1	0
356	85	-1	0
85	142	-1	0
142	249	-1	0
249	104	-1	0
104	135	-1	0
135	395	-1	0
395	376	-1	0
376	364	-1	0
364	150	-1	0
150	326	-1	0
326	387	-1	0
387	125	-1	0
125	111	-1	0
111	296	-1	0
296	10	-1	0
10	214	-1	0
214	92	-1	0
92	265	-1	0
265	426	-1	0
426	8	-1	0
8	178	-1	0
178	277	-1	0
277	324	-1	0
324	190	-1	0
190	273	-1	0
273	44	-1	0
44	212	-1	0
212	498	-1	0
498	113	-1	0
113	2	-1	0
2	226	-1	0
226	174	-1	0
174	152	-1	0
152	456	-1	0
456	147	-1	0
147	372	-1	0
372	36	-1	0
36	261	-1	0
261	289	-1	0
289	130	-1	0
130	133	-1	0
133	177	-1	0
177	144	-1	0
144	281	-1	0
281	496	-1	0
496	203	-1	0
203	460	-1	0
460	432	-1	0
432	99	-1	0
99	402	-1	0
402	64	-1	0
64	159	-1	0
159	60	-1	0
60	103	-1	0
103	70	-1	0
70	400	-1	0
400	254	-1	0
254	39	-1	0
39	0	-1	0
