/* Number of Operations */
175
/* List of Operations. */
/* Start	End	Fly	#Internal	Locations...*/
0	65	-1	0
65	61	-1	0
61	1	-1	0
1	66	-1	0
66	100	-1	0
100	123	-1	0
123	13	-1	0
13	172	-1	0
172	12	-1	0
12	18	-1	0
18	73	-1	0
73	171	-1	0
171	99	-1	0
99	29	-1	0
29	125	-1	0
125	140	-1	0
140	81	-1	0
81	45	-1	0
45	41	-1	0
41	2	-1	0
2	23	-1	0
23	9	-1	0
9	62	-1	0
62	152	-1	0
152	95	-1	0
95	77	-1	0
77	168	-1	0
168	84	-1	0
84	33	-1	0
33	156	-1	0
156	116	-1	0
116	4	-1	0
4	54	-1	0
54	92	-1	0
92	110	-1	0
110	166	-1	0
166	94	-1	0
94	118	-1	0
118	87	-1	0
87	117	-1	0
117	8	-1	0
8	63	-1	0
63	103	-1	0
103	27	-1	0
27	20	-1	0
20	119	-1	0
119	82	-1	0
82	150	-1	0
150	128	-1	0
128	70	-1	0
70	76	-1	0
76	114	-1	0
114	39	-1	0
39	34	-1	0
34	154	-1	0
154	130	-1	0
130	139	-1	0
139	37	-1	0
37	98	-1	0
98	109	-1	0
109	80	-1	0
80	155	-1	0
155	14	-1	0
14	160	-1	0
160	68	-1	0
68	145	-1	0
145	40	-1	0
40	7	-1	0
7	133	-1	0
133	147	-1	0
147	102	-1	0
102	136	-1	0
136	104	-1	0
104	101	-1	0
101	93	-1	0
93	153	-1	0
153	127	-1	0
127	151	-1	0
151	159	-1	0
159	165	-1	0
165	138	-1	0
138	88	-1	0
88	83	-1	0
83	124	-1	0
124	79	-1	0
79	50	-1	0
50	164	-1	0
164	144	-1	0
144	122	-1	0
122	43	-1	0
43	31	-1	0
31	120	-1	0
120	72	-1	0
72	19	-1	0
19	24	-1	0
24	46	-1	0
46	52	-1	0
52	173	-1	0
173	55	-1	0
55	17	-1	0
17	113	-1	0
113	108	-1	0
108	97	-1	0
97	112	-1	0
112	142	-1	0
142	86	-1	0
86	167	-1	0
167	28	-1	0
28	21	-1	0
21	11	-1	0
11	10	-1	0
10	22	-1	0
22	115	-1	0
115	64	-1	0
64	111	-1	0
111	162	-1	0
162	48	-1	0
48	60	-1	0
60	121	-1	0
121	141	-1	0
141	106	-1	0
106	58	-1	0
58	74	-1	0
74	131	-1	0
131	161	-1	0
161	170	-1	0
170	6	-1	0
6	5	-1	0
5	47	-1	0
47	129	-1	0
129	134	-1	0
134	57	-1	0
57	96	-1	0
96	148	-1	0
148	157	-1	0
157	15	-1	0
15	25	-1	0
25	158	-1	0
158	78	-1	0
78	126	-1	0
126	85	-1	0
85	59	-1	0
59	30	-1	0
30	135	-1	0
135	75	-1	0
75	163	-1	0
163	132	-1	0
132	49	-1	0
49	146	-1	0
146	32	-1	0
32	143	-1	0
143	107	-1	0
107	51	-1	0
51	44	-1	0
44	26	-1	0
26	169	-1	0
169	149	-1	0
149	89	-1	0
89	174	-1	0
174	91	-1	0
91	69	-1	0
69	71	-1	0
71	36	-1	0
36	105	-1	0
105	16	-1	0
16	67	-1	0
67	3	-1	0
3	53	-1	0
53	137	-1	0
137	90	-1	0
90	38	-1	0
38	35	-1	0
35	42	-1	0
42	56	-1	0
56	0	-1	0
