/* Number of Operations */
75
/* List of Operations. */
/* Start	End	Fly	#Internal	Locations...*/
0	44	-1	0
44	35	-1	0
35	21	-1	0
21	5	-1	0
5	54	-1	0
54	2	-1	0
2	38	-1	0
38	10	-1	0
10	48	-1	0
48	16	-1	0
16	18	-1	0
18	50	-1	0
50	33	-1	0
33	4	-1	0
4	43	-1	0
43	12	-1	0
12	27	-1	0
27	63	-1	0
63	62	-1	0
62	9	-1	0
9	29	-1	0
29	56	-1	0
56	66	-1	0
66	72	-1	0
72	53	-1	0
53	37	-1	0
37	40	-1	0
40	14	-1	0
14	58	-1	0
58	19	-1	0
19	11	-1	0
11	7	-1	0
7	13	-1	0
13	74	-1	0
74	69	-1	0
69	42	-1	0
42	34	-1	0
34	30	-1	0
30	52	-1	0
52	24	-1	0
24	28	-1	0
28	3	-1	0
3	6	-1	0
6	51	-1	0
51	71	-1	0
71	20	-1	0
20	31	-1	0
31	45	-1	0
45	36	-1	0
36	57	-1	0
57	15	-1	0
15	23	-1	0
23	1	-1	0
1	32	-1	0
32	64	-1	0
64	65	-1	0
65	47	-1	0
47	60	-1	0
60	73	-1	0
73	49	-1	0
49	39	-1	0
39	41	-1	0
41	70	-1	0
70	17	-1	0
17	59	-1	0
59	8	-1	0
8	55	-1	0
55	67	-1	0
67	22	-1	0
22	68	-1	0
68	26	-1	0
26	25	-1	0
25	46	-1	0
46	61	-1	0
61	0	-1	0
