/* Number of Operations */
250
/* List of Operations. */
/* Start	End	Fly	#Internal	Locations...*/
0	225	-1	0
225	98	-1	0
98	243	-1	0
243	91	-1	0
91	206	-1	0
206	17	-1	0
17	120	-1	0
120	94	-1	0
94	148	-1	0
148	37	-1	0
37	31	-1	0
31	161	-1	0
161	66	-1	0
66	137	-1	0
137	190	-1	0
190	54	-1	0
54	247	-1	0
247	158	-1	0
158	34	-1	0
34	167	-1	0
167	159	-1	0
159	90	-1	0
90	138	-1	0
138	106	-1	0
106	130	-1	0
130	195	-1	0
195	45	-1	0
45	229	-1	0
229	35	-1	0
35	193	-1	0
193	22	-1	0
22	48	-1	0
48	140	-1	0
140	63	-1	0
63	233	-1	0
233	8	-1	0
8	150	-1	0
150	118	-1	0
118	76	-1	0
76	125	-1	0
125	26	-1	0
26	147	-1	0
147	60	-1	0
60	240	-1	0
240	156	-1	0
156	110	-1	0
110	116	-1	0
116	244	-1	0
244	124	-1	0
124	177	-1	0
177	203	-1	0
203	83	-1	0
83	155	-1	0
155	157	-1	0
157	24	-1	0
24	95	-1	0
95	3	-1	0
3	184	-1	0
184	13	-1	0
13	207	-1	0
207	39	-1	0
39	75	-1	0
75	174	-1	0
174	181	-1	0
181	10	-1	0
10	82	-1	0
82	131	-1	0
131	186	-1	0
186	176	-1	0
176	55	-1	0
55	165	-1	0
165	21	-1	0
21	64	-1	0
64	89	-1	0
89	4	-1	0
4	141	-1	0
141	52	-1	0
52	44	-1	0
44	182	-1	0
182	192	-1	0
192	46	-1	0
46	210	-1	0
210	58	-1	0
58	41	-1	0
41	133	-1	0
133	67	-1	0
67	237	-1	0
237	217	-1	0
217	69	-1	0
69	185	-1	0
185	29	-1	0
29	50	-1	0
50	114	-1	0
114	7	-1	0
7	56	-1	0
56	20	-1	0
20	14	-1	0
14	242	-1	0
242	132	-1	0
132	127	-1	0
127	205	-1	0
205	28	-1	0
28	144	-1	0
144	87	-1	0
87	6	-1	0
6	194	-1	0
194	16	-1	0
16	23	-1	0
23	239	-1	0
239	18	-1	0
18	236	-1	0
236	79	-1	0
79	109	-1	0
109	149	-1	0
149	215	-1	0
215	191	-1	0
191	220	-1	0
220	230	-1	0
230	38	-1	0
38	234	-1	0
234	112	-1	0
112	142	-1	0
142	211	-1	0
211	135	-1	0
135	227	-1	0
227	170	-1	0
170	49	-1	0
49	42	-1	0
42	209	-1	0
209	36	-1	0
36	183	-1	0
183	117	-1	0
117	248	-1	0
248	189	-1	0
189	169	-1	0
169	228	-1	0
228	51	-1	0
51	11	-1	0
11	187	-1	0
187	86	-1	0
86	197	-1	0
197	224	-1	0
224	173	-1	0
173	81	-1	0
81	88	-1	0
88	9	-1	0
9	92	-1	0
92	57	-1	0
57	25	-1	0
25	121	-1	0
121	99	-1	0
99	145	-1	0
145	171	-1	0
171	221	-1	0
221	72	-1	0
72	119	-1	0
119	172	-1	0
172	126	-1	0
126	218	-1	0
218	231	-1	0
231	97	-1	0
97	180	-1	0
180	216	-1	0
216	166	-1	0
166	153	-1	0
153	96	-1	0
96	178	-1	0
178	61	-1	0
61	43	-1	0
43	175	-1	0
175	30	-1	0
30	219	-1	0
219	202	-1	0
202	32	-1	0
32	102	-1	0
102	40	-1	0
40	226	-1	0
226	168	-1	0
168	68	-1	0
68	70	-1	0
70	71	-1	0
71	162	-1	0
162	5	-1	0
5	208	-1	0
208	74	-1	0
74	105	-1	0
105	77	-1	0
77	33	-1	0
33	1	-1	0
1	222	-1	0
222	113	-1	0
113	122	-1	0
122	200	-1	0
200	129	-1	0
129	19	-1	0
19	73	-1	0
73	245	-1	0
245	212	-1	0
212	199	-1	0
199	146	-1	0
146	104	-1	0
104	111	-1	0
111	160	-1	0
160	107	-1	0
107	154	-1	0
154	108	-1	0
108	2	-1	0
2	235	-1	0
235	196	-1	0
196	101	-1	0
101	204	-1	0
204	59	-1	0
59	53	-1	0
53	85	-1	0
85	164	-1	0
164	163	-1	0
163	93	-1	0
93	139	-1	0
139	213	-1	0
213	134	-1	0
134	223	-1	0
223	78	-1	0
78	128	-1	0
128	241	-1	0
241	151	-1	0
151	136	-1	0
136	80	-1	0
80	214	-1	0
214	238	-1	0
238	103	-1	0
103	27	-1	0
27	179	-1	0
179	115	-1	0
115	123	-1	0
123	188	-1	0
188	152	-1	0
152	246	-1	0
246	249	-1	0
249	232	-1	0
232	143	-1	0
143	100	-1	0
100	201	-1	0
201	15	-1	0
15	47	-1	0
47	62	-1	0
62	65	-1	0
65	198	-1	0
198	12	-1	0
12	84	-1	0
84	0	-1	0
