/* Number of Operations */
175
/* List of Operations. */
/* Start	End	Fly	#Internal	Locations...*/
0	46	-1	0
46	75	-1	0
75	70	-1	0
70	60	-1	0
60	89	-1	0
89	76	-1	0
76	107	-1	0
107	28	-1	0
28	173	-1	0
173	1	-1	0
1	29	-1	0
29	39	-1	0
39	64	-1	0
64	16	-1	0
16	50	-1	0
50	90	-1	0
90	35	-1	0
35	68	-1	0
68	54	-1	0
54	100	-1	0
100	22	-1	0
22	43	-1	0
43	26	-1	0
26	143	-1	0
143	20	-1	0
20	167	-1	0
167	164	-1	0
164	15	-1	0
15	104	-1	0
104	18	-1	0
18	34	-1	0
34	86	-1	0
86	47	-1	0
47	150	-1	0
150	2	-1	0
2	53	-1	0
53	110	-1	0
110	168	-1	0
168	136	-1	0
136	97	-1	0
97	23	-1	0
23	170	-1	0
170	66	-1	0
66	124	-1	0
124	99	-1	0
99	140	-1	0
140	126	-1	0
126	74	-1	0
74	106	-1	0
106	101	-1	0
101	118	-1	0
118	38	-1	0
38	165	-1	0
165	69	-1	0
69	102	-1	0
102	73	-1	0
73	122	-1	0
122	109	-1	0
109	80	-1	0
80	134	-1	0
134	96	-1	0
96	112	-1	0
112	137	-1	0
137	161	-1	0
161	103	-1	0
103	17	-1	0
17	81	-1	0
81	155	-1	0
155	37	-1	0
37	117	-1	0
117	12	-1	0
12	146	-1	0
146	24	-1	0
24	42	-1	0
42	132	-1	0
132	51	-1	0
51	121	-1	0
121	138	-1	0
138	125	-1	0
125	36	-1	0
36	77	-1	0
77	153	-1	0
153	19	-1	0
19	158	-1	0
158	92	-1	0
92	174	-1	0
174	87	-1	0
87	25	-1	0
25	105	-1	0
105	166	-1	0
166	59	-1	0
59	71	-1	0
71	41	-1	0
41	142	-1	0
142	7	-1	0
7	163	-1	0
163	141	-1	0
141	114	-1	0
114	5	-1	0
5	139	-1	0
139	116	-1	0
116	171	-1	0
171	63	-1	0
63	159	-1	0
159	13	-1	0
13	91	-1	0
91	57	-1	0
57	127	-1	0
127	10	-1	0
10	169	-1	0
169	115	-1	0
115	157	-1	0
157	56	-1	0
56	27	-1	0
27	133	-1	0
133	111	-1	0
111	52	-1	0
52	49	-1	0
49	3	-1	0
3	72	-1	0
72	65	-1	0
65	148	-1	0
148	21	-1	0
21	135	-1	0
135	120	-1	0
120	113	-1	0
113	172	-1	0
172	30	-1	0
30	79	-1	0
79	9	-1	0
9	55	-1	0
55	4	-1	0
4	151	-1	0
151	11	-1	0
11	94	-1	0
94	144	-1	0
144	31	-1	0
31	14	-1	0
14	32	-1	0
32	156	-1	0
156	130	-1	0
130	84	-1	0
84	98	-1	0
98	147	-1	0
147	82	-1	0
82	108	-1	0
108	83	-1	0
83	88	-1	0
88	119	-1	0
119	33	-1	0
33	44	-1	0
44	152	-1	0
152	8	-1	0
8	129	-1	0
129	45	-1	0
45	62	-1	0
62	160	-1	0
160	162	-1	0
162	40	-1	0
40	149	-1	0
149	85	-1	0
85	78	-1	0
78	154	-1	0
154	131	-1	0
131	48	-1	0
48	61	-1	0
61	123	-1	0
123	145	-1	0
145	128	-1	0
128	95	-1	0
95	93	-1	0
93	67	-1	0
67	6	-1	0
6	58	-1	0
58	0	-1	0
