/* Number of Operations */
50
/* List of Operations. */
/* Start	End	Fly	#Internal	Locations...*/
0	25	-1	0
25	44	-1	0
44	17	-1	0
17	21	-1	0
21	40	-1	0
40	42	-1	0
42	45	-1	0
45	29	-1	0
29	48	-1	0
48	47	-1	0
47	22	-1	0
22	14	-1	0
14	36	-1	0
36	12	-1	0
12	32	-1	0
32	37	-1	0
37	1	-1	0
1	3	-1	0
3	49	-1	0
49	27	-1	0
27	41	-1	0
41	30	-1	0
30	43	-1	0
43	2	-1	0
2	9	-1	0
9	35	-1	0
35	15	-1	0
15	13	-1	0
13	23	-1	0
23	26	-1	0
26	33	-1	0
33	31	-1	0
31	34	-1	0
34	11	-1	0
11	7	-1	0
7	16	-1	0
16	8	-1	0
8	28	-1	0
28	19	-1	0
19	4	-1	0
4	6	-1	0
6	24	-1	0
24	10	-1	0
10	39	-1	0
39	46	-1	0
46	38	-1	0
38	5	-1	0
5	18	-1	0
18	20	-1	0
20	0	-1	0
