/* Number of Operations */
250
/* List of Operations. */
/* Start	End	Fly	#Internal	Locations...*/
0	45	-1	0
45	35	-1	0
35	243	-1	0
243	59	-1	0
59	138	-1	0
138	51	-1	0
51	241	-1	0
241	222	-1	0
222	167	-1	0
167	15	-1	0
15	137	-1	0
137	28	-1	0
28	141	-1	0
141	33	-1	0
33	124	-1	0
124	217	-1	0
217	191	-1	0
191	237	-1	0
237	179	-1	0
179	152	-1	0
152	108	-1	0
108	212	-1	0
212	229	-1	0
229	115	-1	0
115	44	-1	0
44	157	-1	0
157	58	-1	0
58	75	-1	0
75	83	-1	0
83	189	-1	0
189	175	-1	0
175	146	-1	0
146	139	-1	0
139	76	-1	0
76	74	-1	0
74	61	-1	0
61	106	-1	0
106	192	-1	0
192	90	-1	0
90	211	-1	0
211	22	-1	0
22	188	-1	0
188	208	-1	0
208	248	-1	0
248	14	-1	0
14	50	-1	0
50	163	-1	0
163	168	-1	0
168	184	-1	0
184	114	-1	0
114	13	-1	0
13	226	-1	0
226	158	-1	0
158	120	-1	0
120	29	-1	0
29	20	-1	0
20	31	-1	0
31	194	-1	0
194	198	-1	0
198	96	-1	0
96	169	-1	0
169	117	-1	0
117	110	-1	0
110	17	-1	0
17	27	-1	0
27	34	-1	0
34	182	-1	0
182	209	-1	0
209	187	-1	0
187	100	-1	0
100	224	-1	0
224	173	-1	0
173	8	-1	0
8	69	-1	0
69	123	-1	0
123	234	-1	0
234	174	-1	0
174	145	-1	0
145	196	-1	0
196	107	-1	0
107	23	-1	0
23	7	-1	0
7	220	-1	0
220	46	-1	0
46	147	-1	0
147	236	-1	0
236	201	-1	0
201	68	-1	0
68	143	-1	0
143	210	-1	0
210	219	-1	0
219	239	-1	0
239	52	-1	0
52	1	-1	0
1	205	-1	0
205	235	-1	0
235	233	-1	0
233	84	-1	0
84	24	-1	0
24	126	-1	0
126	206	-1	0
206	79	-1	0
79	113	-1	0
113	142	-1	0
142	10	-1	0
10	156	-1	0
156	71	-1	0
71	249	-1	0
249	92	-1	0
92	172	-1	0
172	203	-1	0
203	177	-1	0
177	6	-1	0
6	171	-1	0
171	193	-1	0
193	95	-1	0
95	246	-1	0
246	18	-1	0
18	102	-1	0
102	134	-1	0
134	112	-1	0
112	55	-1	0
55	181	-1	0
181	190	-1	0
190	81	-1	0
81	94	-1	0
94	2	-1	0
2	26	-1	0
26	85	-1	0
85	47	-1	0
47	130	-1	0
130	40	-1	0
40	67	-1	0
67	176	-1	0
176	154	-1	0
154	228	-1	0
228	41	-1	0
41	149	-1	0
149	72	-1	0
72	245	-1	0
245	98	-1	0
98	53	-1	0
53	155	-1	0
155	125	-1	0
125	30	-1	0
30	78	-1	0
78	186	-1	0
186	60	-1	0
60	82	-1	0
82	62	-1	0
62	64	-1	0
64	200	-1	0
200	87	-1	0
87	70	-1	0
70	66	-1	0
66	213	-1	0
213	129	-1	0
129	42	-1	0
42	89	-1	0
89	4	-1	0
4	178	-1	0
178	104	-1	0
104	121	-1	0
121	49	-1	0
49	21	-1	0
21	32	-1	0
32	127	-1	0
127	11	-1	0
11	150	-1	0
150	109	-1	0
109	25	-1	0
25	77	-1	0
77	56	-1	0
56	199	-1	0
199	140	-1	0
140	225	-1	0
225	97	-1	0
97	242	-1	0
242	153	-1	0
153	162	-1	0
162	5	-1	0
5	197	-1	0
197	161	-1	0
161	183	-1	0
183	9	-1	0
9	218	-1	0
218	65	-1	0
65	73	-1	0
73	159	-1	0
159	170	-1	0
170	207	-1	0
207	54	-1	0
54	119	-1	0
119	148	-1	0
148	230	-1	0
230	128	-1	0
128	185	-1	0
185	238	-1	0
238	36	-1	0
36	202	-1	0
202	43	-1	0
43	88	-1	0
88	103	-1	0
103	105	-1	0
105	244	-1	0
244	131	-1	0
131	37	-1	0
37	204	-1	0
204	223	-1	0
223	166	-1	0
166	135	-1	0
135	247	-1	0
247	19	-1	0
19	91	-1	0
91	99	-1	0
99	116	-1	0
116	231	-1	0
231	144	-1	0
144	132	-1	0
132	118	-1	0
118	57	-1	0
57	101	-1	0
101	93	-1	0
93	221	-1	0
221	165	-1	0
165	122	-1	0
122	111	-1	0
111	214	-1	0
214	80	-1	0
80	215	-1	0
215	240	-1	0
240	48	-1	0
48	16	-1	0
16	136	-1	0
136	164	-1	0
164	63	-1	0
63	12	-1	0
12	227	-1	0
227	39	-1	0
39	38	-1	0
38	216	-1	0
216	133	-1	0
133	3	-1	0
3	160	-1	0
160	151	-1	0
151	195	-1	0
195	180	-1	0
180	86	-1	0
86	232	-1	0
232	0	-1	0
