/* Number of Operations */
75
/* List of Operations. */
/* Start	End	Fly	#Internal	Locations...*/
0	63	-1	0
63	21	-1	0
21	17	-1	0
17	51	-1	0
51	19	-1	0
19	49	-1	0
49	25	-1	0
25	13	-1	0
13	74	-1	0
74	4	-1	0
4	57	-1	0
57	60	-1	0
60	42	-1	0
42	65	-1	0
65	1	-1	0
1	12	-1	0
12	43	-1	0
43	28	-1	0
28	34	-1	0
34	62	-1	0
62	7	-1	0
7	31	-1	0
31	6	-1	0
6	8	-1	0
8	71	-1	0
71	15	-1	0
15	68	-1	0
68	61	-1	0
61	11	-1	0
11	30	-1	0
30	14	-1	0
14	9	-1	0
9	56	-1	0
56	70	-1	0
70	33	-1	0
33	44	-1	0
44	38	-1	0
38	26	-1	0
26	47	-1	0
47	18	-1	0
18	16	-1	0
16	52	-1	0
52	41	-1	0
41	5	-1	0
5	37	-1	0
37	36	-1	0
36	39	-1	0
39	53	-1	0
53	46	-1	0
46	73	-1	0
73	10	-1	0
10	35	-1	0
35	2	-1	0
2	48	-1	0
48	50	-1	0
50	45	-1	0
45	20	-1	0
20	67	-1	0
67	55	-1	0
55	3	-1	0
3	72	-1	0
72	54	-1	0
54	24	-1	0
24	27	-1	0
27	58	-1	0
58	29	-1	0
29	22	-1	0
22	59	-1	0
59	32	-1	0
32	66	-1	0
66	40	-1	0
40	69	-1	0
69	23	-1	0
23	64	-1	0
64	0	-1	0
