/* Number of Operations */
100
/* List of Operations. */
/* Start	End	Fly	#Internal	Locations...*/
0	81	-1	0
81	52	-1	0
52	59	-1	0
59	86	-1	0
86	10	-1	0
10	92	-1	0
92	22	-1	0
22	95	-1	0
95	77	-1	0
77	46	-1	0
46	41	-1	0
41	47	-1	0
47	42	-1	0
42	17	-1	0
17	18	-1	0
18	88	-1	0
88	58	-1	0
58	93	-1	0
93	74	-1	0
74	75	-1	0
75	60	-1	0
60	1	-1	0
1	66	-1	0
66	21	-1	0
21	85	-1	0
85	29	-1	0
29	96	-1	0
96	73	-1	0
73	50	-1	0
50	16	-1	0
16	90	-1	0
90	69	-1	0
69	80	-1	0
80	14	-1	0
14	65	-1	0
65	79	-1	0
79	30	-1	0
30	2	-1	0
2	23	-1	0
23	45	-1	0
45	32	-1	0
32	82	-1	0
82	36	-1	0
36	24	-1	0
24	44	-1	0
44	91	-1	0
91	63	-1	0
63	13	-1	0
13	19	-1	0
19	48	-1	0
48	34	-1	0
34	8	-1	0
8	62	-1	0
62	56	-1	0
56	9	-1	0
9	71	-1	0
71	28	-1	0
28	26	-1	0
26	99	-1	0
99	40	-1	0
40	51	-1	0
51	94	-1	0
94	98	-1	0
98	35	-1	0
35	12	-1	0
12	67	-1	0
67	64	-1	0
64	70	-1	0
70	55	-1	0
55	33	-1	0
33	83	-1	0
83	54	-1	0
54	15	-1	0
15	84	-1	0
84	39	-1	0
39	72	-1	0
72	53	-1	0
53	57	-1	0
57	20	-1	0
20	31	-1	0
31	49	-1	0
49	61	-1	0
61	3	-1	0
3	5	-1	0
5	25	-1	0
25	76	-1	0
76	78	-1	0
78	89	-1	0
89	7	-1	0
7	6	-1	0
6	38	-1	0
38	37	-1	0
37	4	-1	0
4	27	-1	0
27	11	-1	0
11	87	-1	0
87	68	-1	0
68	97	-1	0
97	43	-1	0
43	0	-1	0
