/* Number of Operations */
250
/* List of Operations. */
/* Start	End	Fly	#Internal	Locations...*/
0	232	-1	0
232	86	-1	0
86	180	-1	0
180	195	-1	0
195	151	-1	0
151	160	-1	0
160	3	-1	0
3	133	-1	0
133	216	-1	0
216	38	-1	0
38	39	-1	0
39	227	-1	0
227	12	-1	0
12	63	-1	0
63	164	-1	0
164	136	-1	0
136	16	-1	0
16	48	-1	0
48	240	-1	0
240	215	-1	0
215	80	-1	0
80	214	-1	0
214	111	-1	0
111	122	-1	0
122	165	-1	0
165	221	-1	0
221	93	-1	0
93	101	-1	0
101	57	-1	0
57	118	-1	0
118	132	-1	0
132	144	-1	0
144	231	-1	0
231	116	-1	0
116	99	-1	0
99	91	-1	0
91	19	-1	0
19	247	-1	0
247	135	-1	0
135	166	-1	0
166	223	-1	0
223	204	-1	0
204	37	-1	0
37	131	-1	0
131	244	-1	0
244	105	-1	0
105	103	-1	0
103	88	-1	0
88	43	-1	0
43	202	-1	0
202	36	-1	0
36	238	-1	0
238	185	-1	0
185	128	-1	0
128	230	-1	0
230	148	-1	0
148	119	-1	0
119	54	-1	0
54	207	-1	0
207	170	-1	0
170	159	-1	0
159	73	-1	0
73	65	-1	0
65	218	-1	0
218	9	-1	0
9	183	-1	0
183	161	-1	0
161	197	-1	0
197	5	-1	0
5	162	-1	0
162	153	-1	0
153	242	-1	0
242	97	-1	0
97	225	-1	0
225	140	-1	0
140	199	-1	0
199	56	-1	0
56	25	-1	0
25	77	-1	0
77	109	-1	0
109	150	-1	0
150	11	-1	0
11	127	-1	0
127	32	-1	0
32	21	-1	0
21	49	-1	0
49	121	-1	0
121	104	-1	0
104	178	-1	0
178	4	-1	0
4	89	-1	0
89	42	-1	0
42	129	-1	0
129	213	-1	0
213	66	-1	0
66	87	-1	0
87	70	-1	0
70	200	-1	0
200	64	-1	0
64	62	-1	0
62	82	-1	0
82	60	-1	0
60	186	-1	0
186	78	-1	0
78	30	-1	0
30	125	-1	0
125	155	-1	0
155	53	-1	0
53	98	-1	0
98	72	-1	0
72	149	-1	0
149	245	-1	0
245	41	-1	0
41	228	-1	0
228	154	-1	0
154	176	-1	0
176	67	-1	0
67	40	-1	0
40	130	-1	0
130	47	-1	0
47	85	-1	0
85	26	-1	0
26	2	-1	0
2	94	-1	0
94	81	-1	0
81	190	-1	0
190	181	-1	0
181	55	-1	0
55	112	-1	0
112	134	-1	0
134	102	-1	0
102	18	-1	0
18	246	-1	0
246	95	-1	0
95	193	-1	0
193	171	-1	0
171	6	-1	0
6	177	-1	0
177	203	-1	0
203	172	-1	0
172	92	-1	0
92	249	-1	0
249	71	-1	0
71	156	-1	0
156	10	-1	0
10	142	-1	0
142	79	-1	0
79	113	-1	0
113	126	-1	0
126	206	-1	0
206	143	-1	0
143	68	-1	0
68	210	-1	0
210	219	-1	0
219	24	-1	0
24	84	-1	0
84	233	-1	0
233	235	-1	0
235	205	-1	0
205	1	-1	0
1	52	-1	0
52	239	-1	0
239	201	-1	0
201	236	-1	0
236	147	-1	0
147	46	-1	0
46	220	-1	0
220	7	-1	0
7	23	-1	0
23	107	-1	0
107	196	-1	0
196	145	-1	0
145	174	-1	0
174	234	-1	0
234	123	-1	0
123	69	-1	0
69	8	-1	0
8	173	-1	0
173	224	-1	0
224	100	-1	0
100	187	-1	0
187	209	-1	0
209	182	-1	0
182	34	-1	0
34	27	-1	0
27	17	-1	0
17	110	-1	0
110	117	-1	0
117	169	-1	0
169	96	-1	0
96	198	-1	0
198	194	-1	0
194	31	-1	0
31	20	-1	0
20	29	-1	0
29	120	-1	0
120	158	-1	0
158	226	-1	0
226	13	-1	0
13	114	-1	0
114	184	-1	0
184	163	-1	0
163	168	-1	0
168	50	-1	0
50	14	-1	0
14	248	-1	0
248	208	-1	0
208	188	-1	0
188	22	-1	0
22	211	-1	0
211	90	-1	0
90	192	-1	0
192	106	-1	0
106	61	-1	0
61	74	-1	0
74	76	-1	0
76	139	-1	0
139	146	-1	0
146	175	-1	0
175	189	-1	0
189	83	-1	0
83	75	-1	0
75	58	-1	0
58	157	-1	0
157	44	-1	0
44	115	-1	0
115	229	-1	0
229	212	-1	0
212	108	-1	0
108	152	-1	0
152	179	-1	0
179	237	-1	0
237	191	-1	0
191	217	-1	0
217	124	-1	0
124	33	-1	0
33	141	-1	0
141	28	-1	0
28	137	-1	0
137	15	-1	0
15	167	-1	0
167	222	-1	0
222	241	-1	0
241	51	-1	0
51	138	-1	0
138	59	-1	0
59	243	-1	0
243	35	-1	0
35	45	-1	0
45	0	-1	0
