/* Number of Operations */
250
/* List of Operations. */
/* Start	End	Fly	#Internal	Locations...*/
0	122	-1	0
122	219	-1	0
219	135	-1	0
135	134	-1	0
134	65	-1	0
65	150	-1	0
150	38	-1	0
38	222	-1	0
222	132	-1	0
132	68	-1	0
68	192	-1	0
192	166	-1	0
166	213	-1	0
213	57	-1	0
57	226	-1	0
226	235	-1	0
235	218	-1	0
218	10	-1	0
10	46	-1	0
46	208	-1	0
208	108	-1	0
108	72	-1	0
72	71	-1	0
71	161	-1	0
161	55	-1	0
55	171	-1	0
171	234	-1	0
234	74	-1	0
74	130	-1	0
130	174	-1	0
174	184	-1	0
184	137	-1	0
137	98	-1	0
98	118	-1	0
118	32	-1	0
32	210	-1	0
210	105	-1	0
105	186	-1	0
186	212	-1	0
212	54	-1	0
54	113	-1	0
113	185	-1	0
185	47	-1	0
47	133	-1	0
133	18	-1	0
18	37	-1	0
37	158	-1	0
158	146	-1	0
146	204	-1	0
204	203	-1	0
203	189	-1	0
189	248	-1	0
248	236	-1	0
236	42	-1	0
42	230	-1	0
230	101	-1	0
101	156	-1	0
156	23	-1	0
23	168	-1	0
168	120	-1	0
120	237	-1	0
237	159	-1	0
159	2	-1	0
2	242	-1	0
242	30	-1	0
30	28	-1	0
28	13	-1	0
13	224	-1	0
224	9	-1	0
9	76	-1	0
76	126	-1	0
126	17	-1	0
17	19	-1	0
19	8	-1	0
8	60	-1	0
60	95	-1	0
95	97	-1	0
97	34	-1	0
34	116	-1	0
116	112	-1	0
112	190	-1	0
190	78	-1	0
78	4	-1	0
4	114	-1	0
114	90	-1	0
90	155	-1	0
155	249	-1	0
249	145	-1	0
145	84	-1	0
84	240	-1	0
240	87	-1	0
87	175	-1	0
175	202	-1	0
202	63	-1	0
63	167	-1	0
167	127	-1	0
127	121	-1	0
121	164	-1	0
164	194	-1	0
194	144	-1	0
144	173	-1	0
173	15	-1	0
15	75	-1	0
75	157	-1	0
157	100	-1	0
100	62	-1	0
62	40	-1	0
40	170	-1	0
170	247	-1	0
247	200	-1	0
200	83	-1	0
83	205	-1	0
205	66	-1	0
66	225	-1	0
225	125	-1	0
125	182	-1	0
182	82	-1	0
82	232	-1	0
232	26	-1	0
26	48	-1	0
48	138	-1	0
138	33	-1	0
33	141	-1	0
141	86	-1	0
86	58	-1	0
58	44	-1	0
44	70	-1	0
70	178	-1	0
178	89	-1	0
89	131	-1	0
131	188	-1	0
188	20	-1	0
20	152	-1	0
152	148	-1	0
148	215	-1	0
215	233	-1	0
233	149	-1	0
149	11	-1	0
11	241	-1	0
241	163	-1	0
163	80	-1	0
80	128	-1	0
128	73	-1	0
73	99	-1	0
99	21	-1	0
21	39	-1	0
39	12	-1	0
12	102	-1	0
102	69	-1	0
69	41	-1	0
41	143	-1	0
143	201	-1	0
201	198	-1	0
198	217	-1	0
217	243	-1	0
243	115	-1	0
115	109	-1	0
109	29	-1	0
29	52	-1	0
52	238	-1	0
238	93	-1	0
93	103	-1	0
103	162	-1	0
162	176	-1	0
176	45	-1	0
45	92	-1	0
92	14	-1	0
14	31	-1	0
31	94	-1	0
94	106	-1	0
106	56	-1	0
56	181	-1	0
181	24	-1	0
24	110	-1	0
110	124	-1	0
124	43	-1	0
43	36	-1	0
36	207	-1	0
207	79	-1	0
79	139	-1	0
139	191	-1	0
191	245	-1	0
245	193	-1	0
193	187	-1	0
187	16	-1	0
16	197	-1	0
197	147	-1	0
147	91	-1	0
91	22	-1	0
22	142	-1	0
142	165	-1	0
165	160	-1	0
160	169	-1	0
169	199	-1	0
199	195	-1	0
195	129	-1	0
129	96	-1	0
96	53	-1	0
53	67	-1	0
67	3	-1	0
3	221	-1	0
221	85	-1	0
85	244	-1	0
244	1	-1	0
1	77	-1	0
77	123	-1	0
123	211	-1	0
211	206	-1	0
206	151	-1	0
151	231	-1	0
231	7	-1	0
7	227	-1	0
227	183	-1	0
183	117	-1	0
117	111	-1	0
111	154	-1	0
154	35	-1	0
35	107	-1	0
107	172	-1	0
172	27	-1	0
27	239	-1	0
239	229	-1	0
229	180	-1	0
180	88	-1	0
88	61	-1	0
61	209	-1	0
209	223	-1	0
223	246	-1	0
246	140	-1	0
140	64	-1	0
64	196	-1	0
196	153	-1	0
153	25	-1	0
25	49	-1	0
49	81	-1	0
81	6	-1	0
6	59	-1	0
59	220	-1	0
220	177	-1	0
177	50	-1	0
50	51	-1	0
51	5	-1	0
5	216	-1	0
216	214	-1	0
214	179	-1	0
179	136	-1	0
136	228	-1	0
228	119	-1	0
119	104	-1	0
104	0	-1	0
