/* Number of Operations */
250
/* List of Operations. */
/* Start	End	Fly	#Internal	Locations...*/
0	102	-1	0
102	62	-1	0
62	179	-1	0
179	86	-1	0
86	69	-1	0
69	204	-1	0
204	239	-1	0
239	232	-1	0
232	205	-1	0
205	247	-1	0
247	145	-1	0
145	190	-1	0
190	31	-1	0
31	90	-1	0
90	230	-1	0
230	134	-1	0
134	108	-1	0
108	176	-1	0
176	168	-1	0
168	51	-1	0
51	96	-1	0
96	231	-1	0
231	118	-1	0
118	57	-1	0
57	201	-1	0
201	39	-1	0
39	202	-1	0
202	7	-1	0
7	14	-1	0
14	25	-1	0
25	87	-1	0
87	109	-1	0
109	240	-1	0
240	140	-1	0
140	41	-1	0
41	155	-1	0
155	119	-1	0
119	55	-1	0
55	52	-1	0
52	166	-1	0
166	38	-1	0
38	219	-1	0
219	186	-1	0
186	206	-1	0
206	191	-1	0
191	144	-1	0
144	89	-1	0
89	28	-1	0
28	222	-1	0
222	211	-1	0
211	128	-1	0
128	224	-1	0
224	141	-1	0
141	23	-1	0
23	210	-1	0
210	3	-1	0
3	123	-1	0
123	22	-1	0
22	217	-1	0
217	5	-1	0
5	146	-1	0
146	111	-1	0
111	203	-1	0
203	157	-1	0
157	58	-1	0
58	225	-1	0
225	70	-1	0
70	73	-1	0
73	104	-1	0
104	9	-1	0
9	243	-1	0
243	93	-1	0
93	183	-1	0
183	147	-1	0
147	246	-1	0
246	148	-1	0
148	21	-1	0
21	85	-1	0
85	61	-1	0
61	124	-1	0
124	199	-1	0
199	244	-1	0
244	44	-1	0
44	195	-1	0
195	78	-1	0
78	181	-1	0
181	1	-1	0
1	45	-1	0
45	167	-1	0
167	107	-1	0
107	37	-1	0
37	177	-1	0
177	235	-1	0
235	220	-1	0
220	88	-1	0
88	212	-1	0
212	127	-1	0
127	114	-1	0
114	169	-1	0
169	121	-1	0
121	65	-1	0
65	189	-1	0
189	150	-1	0
150	6	-1	0
6	27	-1	0
27	214	-1	0
214	130	-1	0
130	42	-1	0
42	180	-1	0
180	50	-1	0
50	228	-1	0
228	77	-1	0
77	187	-1	0
187	18	-1	0
18	112	-1	0
112	185	-1	0
185	213	-1	0
213	54	-1	0
54	100	-1	0
100	26	-1	0
26	163	-1	0
163	156	-1	0
156	197	-1	0
197	184	-1	0
184	122	-1	0
122	215	-1	0
215	53	-1	0
53	17	-1	0
17	66	-1	0
66	207	-1	0
207	47	-1	0
47	151	-1	0
151	46	-1	0
46	106	-1	0
106	110	-1	0
110	149	-1	0
149	113	-1	0
113	82	-1	0
82	75	-1	0
75	143	-1	0
143	227	-1	0
227	120	-1	0
120	133	-1	0
133	36	-1	0
36	13	-1	0
13	226	-1	0
226	76	-1	0
76	188	-1	0
188	165	-1	0
165	35	-1	0
35	10	-1	0
10	56	-1	0
56	138	-1	0
138	67	-1	0
67	249	-1	0
249	233	-1	0
233	153	-1	0
153	103	-1	0
103	79	-1	0
79	83	-1	0
83	136	-1	0
136	105	-1	0
105	161	-1	0
161	49	-1	0
49	92	-1	0
92	33	-1	0
33	170	-1	0
170	162	-1	0
162	81	-1	0
81	237	-1	0
237	139	-1	0
139	182	-1	0
182	72	-1	0
72	24	-1	0
24	131	-1	0
131	32	-1	0
32	160	-1	0
160	97	-1	0
97	154	-1	0
154	223	-1	0
223	71	-1	0
71	242	-1	0
242	74	-1	0
74	12	-1	0
12	158	-1	0
158	173	-1	0
173	64	-1	0
64	218	-1	0
218	8	-1	0
8	20	-1	0
20	48	-1	0
48	129	-1	0
129	94	-1	0
94	216	-1	0
216	142	-1	0
142	200	-1	0
200	193	-1	0
193	248	-1	0
248	164	-1	0
164	135	-1	0
135	209	-1	0
209	208	-1	0
208	30	-1	0
30	178	-1	0
178	34	-1	0
34	60	-1	0
60	99	-1	0
99	196	-1	0
196	80	-1	0
80	117	-1	0
117	245	-1	0
245	152	-1	0
152	11	-1	0
11	137	-1	0
137	132	-1	0
132	194	-1	0
194	175	-1	0
175	29	-1	0
29	95	-1	0
95	91	-1	0
91	84	-1	0
84	125	-1	0
125	229	-1	0
229	116	-1	0
116	171	-1	0
171	198	-1	0
198	221	-1	0
221	19	-1	0
19	63	-1	0
63	234	-1	0
234	59	-1	0
59	115	-1	0
115	241	-1	0
241	192	-1	0
192	43	-1	0
43	15	-1	0
15	16	-1	0
16	159	-1	0
159	40	-1	0
40	236	-1	0
236	2	-1	0
2	4	-1	0
4	238	-1	0
238	172	-1	0
172	98	-1	0
98	68	-1	0
68	101	-1	0
101	174	-1	0
174	126	-1	0
126	0	-1	0
