/* Number of Operations */
375
/* List of Operations. */
/* Start	End	Fly	#Internal	Locations...*/
0	356	-1	0
356	221	-1	0
221	363	-1	0
363	247	-1	0
247	175	-1	0
175	364	-1	0
364	56	-1	0
56	149	-1	0
149	123	-1	0
123	169	-1	0
169	268	-1	0
268	111	-1	0
111	205	-1	0
205	192	-1	0
192	73	-1	0
73	310	-1	0
310	144	-1	0
144	40	-1	0
40	84	-1	0
84	333	-1	0
333	161	-1	0
161	318	-1	0
318	47	-1	0
47	200	-1	0
200	143	-1	0
143	120	-1	0
120	204	-1	0
204	180	-1	0
180	245	-1	0
245	215	-1	0
215	95	-1	0
95	238	-1	0
238	100	-1	0
100	116	-1	0
116	46	-1	0
46	158	-1	0
158	201	-1	0
201	90	-1	0
90	280	-1	0
280	244	-1	0
244	237	-1	0
237	182	-1	0
182	52	-1	0
52	233	-1	0
233	140	-1	0
140	22	-1	0
22	287	-1	0
287	124	-1	0
124	220	-1	0
220	336	-1	0
336	38	-1	0
38	274	-1	0
274	289	-1	0
289	313	-1	0
313	197	-1	0
197	309	-1	0
309	89	-1	0
89	6	-1	0
6	8	-1	0
8	71	-1	0
71	311	-1	0
311	7	-1	0
7	15	-1	0
15	50	-1	0
50	33	-1	0
33	270	-1	0
270	153	-1	0
153	25	-1	0
25	97	-1	0
97	54	-1	0
54	266	-1	0
266	69	-1	0
69	346	-1	0
346	214	-1	0
214	263	-1	0
263	43	-1	0
43	301	-1	0
301	146	-1	0
146	295	-1	0
295	306	-1	0
306	179	-1	0
179	212	-1	0
212	23	-1	0
23	31	-1	0
31	48	-1	0
48	163	-1	0
163	209	-1	0
209	362	-1	0
362	229	-1	0
229	323	-1	0
323	133	-1	0
133	168	-1	0
168	218	-1	0
218	208	-1	0
208	370	-1	0
370	277	-1	0
277	367	-1	0
367	329	-1	0
329	250	-1	0
250	199	-1	0
199	67	-1	0
67	98	-1	0
98	183	-1	0
183	155	-1	0
155	136	-1	0
136	322	-1	0
322	219	-1	0
219	365	-1	0
365	226	-1	0
226	63	-1	0
63	308	-1	0
308	315	-1	0
315	242	-1	0
242	321	-1	0
321	37	-1	0
37	176	-1	0
176	35	-1	0
35	243	-1	0
243	20	-1	0
20	339	-1	0
339	134	-1	0
134	352	-1	0
352	222	-1	0
222	162	-1	0
162	302	-1	0
302	170	-1	0
170	324	-1	0
324	361	-1	0
361	137	-1	0
137	171	-1	0
171	299	-1	0
299	216	-1	0
216	142	-1	0
142	294	-1	0
294	75	-1	0
75	275	-1	0
275	138	-1	0
138	312	-1	0
312	45	-1	0
45	11	-1	0
11	227	-1	0
227	293	-1	0
293	74	-1	0
74	254	-1	0
254	303	-1	0
303	371	-1	0
371	152	-1	0
152	334	-1	0
334	230	-1	0
230	79	-1	0
79	249	-1	0
249	76	-1	0
76	350	-1	0
350	64	-1	0
64	279	-1	0
279	325	-1	0
325	121	-1	0
121	107	-1	0
107	260	-1	0
260	78	-1	0
78	331	-1	0
331	319	-1	0
319	374	-1	0
374	347	-1	0
347	368	-1	0
368	166	-1	0
166	298	-1	0
298	358	-1	0
358	225	-1	0
225	128	-1	0
128	39	-1	0
39	77	-1	0
77	106	-1	0
106	55	-1	0
55	232	-1	0
232	1	-1	0
1	296	-1	0
296	196	-1	0
196	213	-1	0
213	126	-1	0
126	130	-1	0
130	194	-1	0
194	28	-1	0
28	101	-1	0
101	193	-1	0
193	49	-1	0
49	253	-1	0
253	207	-1	0
207	42	-1	0
42	284	-1	0
284	317	-1	0
317	141	-1	0
141	114	-1	0
114	119	-1	0
119	32	-1	0
32	235	-1	0
235	105	-1	0
105	156	-1	0
156	228	-1	0
228	278	-1	0
278	236	-1	0
236	26	-1	0
26	314	-1	0
314	13	-1	0
13	338	-1	0
338	239	-1	0
239	113	-1	0
113	122	-1	0
122	259	-1	0
259	44	-1	0
44	327	-1	0
327	66	-1	0
66	34	-1	0
34	349	-1	0
349	258	-1	0
258	300	-1	0
300	210	-1	0
210	17	-1	0
17	217	-1	0
217	255	-1	0
255	316	-1	0
316	360	-1	0
360	240	-1	0
240	62	-1	0
62	86	-1	0
86	108	-1	0
108	292	-1	0
292	160	-1	0
160	256	-1	0
256	184	-1	0
184	81	-1	0
81	4	-1	0
4	357	-1	0
357	177	-1	0
177	372	-1	0
372	355	-1	0
355	206	-1	0
206	30	-1	0
30	342	-1	0
342	87	-1	0
87	335	-1	0
335	57	-1	0
57	109	-1	0
109	345	-1	0
345	273	-1	0
273	103	-1	0
103	125	-1	0
125	27	-1	0
27	186	-1	0
186	178	-1	0
178	265	-1	0
265	272	-1	0
272	290	-1	0
290	261	-1	0
261	88	-1	0
88	366	-1	0
366	3	-1	0
3	332	-1	0
332	181	-1	0
181	341	-1	0
341	359	-1	0
359	24	-1	0
24	135	-1	0
135	104	-1	0
104	291	-1	0
291	14	-1	0
14	118	-1	0
118	10	-1	0
10	351	-1	0
351	241	-1	0
241	267	-1	0
267	297	-1	0
297	354	-1	0
354	285	-1	0
285	132	-1	0
132	353	-1	0
353	198	-1	0
198	19	-1	0
19	2	-1	0
2	202	-1	0
202	252	-1	0
252	36	-1	0
36	110	-1	0
110	53	-1	0
53	286	-1	0
286	21	-1	0
21	145	-1	0
145	61	-1	0
61	328	-1	0
328	195	-1	0
195	58	-1	0
58	191	-1	0
191	246	-1	0
246	151	-1	0
151	373	-1	0
373	16	-1	0
16	340	-1	0
340	251	-1	0
251	167	-1	0
167	165	-1	0
165	344	-1	0
344	117	-1	0
117	60	-1	0
60	139	-1	0
139	102	-1	0
102	231	-1	0
231	91	-1	0
91	5	-1	0
5	189	-1	0
189	150	-1	0
150	59	-1	0
59	234	-1	0
234	82	-1	0
82	337	-1	0
337	41	-1	0
41	9	-1	0
9	248	-1	0
248	131	-1	0
131	72	-1	0
72	188	-1	0
188	29	-1	0
29	157	-1	0
157	185	-1	0
185	174	-1	0
174	85	-1	0
85	115	-1	0
115	93	-1	0
93	129	-1	0
129	307	-1	0
307	94	-1	0
94	343	-1	0
343	271	-1	0
271	369	-1	0
369	203	-1	0
203	320	-1	0
320	80	-1	0
80	51	-1	0
51	276	-1	0
276	187	-1	0
187	282	-1	0
282	264	-1	0
264	262	-1	0
262	159	-1	0
159	190	-1	0
190	223	-1	0
223	281	-1	0
281	96	-1	0
96	348	-1	0
348	172	-1	0
172	147	-1	0
147	12	-1	0
12	68	-1	0
68	283	-1	0
283	99	-1	0
99	288	-1	0
288	154	-1	0
154	173	-1	0
173	70	-1	0
70	305	-1	0
305	211	-1	0
211	269	-1	0
269	257	-1	0
257	112	-1	0
112	330	-1	0
330	83	-1	0
83	65	-1	0
65	148	-1	0
148	326	-1	0
326	92	-1	0
92	127	-1	0
127	224	-1	0
224	18	-1	0
18	304	-1	0
304	164	-1	0
164	0	-1	0
