/* Number of Operations */
250
/* List of Operations. */
/* Start	End	Fly	#Internal	Locations...*/
0	129	-1	0
129	182	-1	0
182	222	-1	0
222	10	-1	0
10	230	-1	0
230	186	-1	0
186	38	-1	0
38	33	-1	0
33	199	-1	0
199	98	-1	0
98	11	-1	0
11	78	-1	0
78	167	-1	0
167	188	-1	0
188	211	-1	0
211	81	-1	0
81	216	-1	0
216	108	-1	0
108	228	-1	0
228	203	-1	0
203	227	-1	0
227	143	-1	0
143	153	-1	0
153	86	-1	0
86	190	-1	0
190	47	-1	0
47	204	-1	0
204	213	-1	0
213	119	-1	0
119	75	-1	0
75	245	-1	0
245	145	-1	0
145	105	-1	0
105	135	-1	0
135	94	-1	0
94	3	-1	0
3	146	-1	0
146	183	-1	0
183	36	-1	0
36	217	-1	0
217	35	-1	0
35	41	-1	0
41	233	-1	0
233	13	-1	0
13	165	-1	0
165	197	-1	0
197	96	-1	0
96	201	-1	0
201	99	-1	0
99	28	-1	0
28	89	-1	0
89	130	-1	0
130	25	-1	0
25	93	-1	0
93	70	-1	0
70	76	-1	0
76	91	-1	0
91	64	-1	0
64	144	-1	0
144	238	-1	0
238	207	-1	0
207	54	-1	0
54	79	-1	0
79	29	-1	0
29	14	-1	0
14	128	-1	0
128	95	-1	0
95	126	-1	0
126	239	-1	0
239	31	-1	0
31	191	-1	0
191	140	-1	0
140	177	-1	0
177	247	-1	0
247	138	-1	0
138	249	-1	0
249	97	-1	0
97	32	-1	0
32	149	-1	0
149	198	-1	0
198	26	-1	0
26	178	-1	0
178	114	-1	0
114	18	-1	0
18	172	-1	0
172	92	-1	0
92	44	-1	0
44	34	-1	0
34	5	-1	0
5	45	-1	0
45	43	-1	0
43	215	-1	0
215	180	-1	0
180	196	-1	0
196	50	-1	0
50	63	-1	0
63	118	-1	0
118	200	-1	0
200	1	-1	0
1	88	-1	0
88	242	-1	0
242	68	-1	0
68	168	-1	0
168	115	-1	0
115	55	-1	0
55	48	-1	0
48	52	-1	0
52	221	-1	0
221	134	-1	0
134	192	-1	0
192	170	-1	0
170	82	-1	0
82	241	-1	0
241	219	-1	0
219	193	-1	0
193	90	-1	0
90	155	-1	0
155	84	-1	0
84	71	-1	0
71	2	-1	0
2	72	-1	0
72	175	-1	0
175	16	-1	0
16	111	-1	0
111	12	-1	0
12	87	-1	0
87	6	-1	0
6	232	-1	0
232	210	-1	0
210	117	-1	0
117	214	-1	0
214	9	-1	0
9	189	-1	0
189	66	-1	0
66	15	-1	0
15	125	-1	0
125	223	-1	0
223	60	-1	0
60	85	-1	0
85	218	-1	0
218	39	-1	0
39	148	-1	0
148	159	-1	0
159	212	-1	0
212	243	-1	0
243	184	-1	0
184	62	-1	0
62	171	-1	0
171	57	-1	0
57	102	-1	0
102	104	-1	0
104	141	-1	0
141	49	-1	0
49	69	-1	0
69	110	-1	0
110	173	-1	0
173	156	-1	0
156	248	-1	0
248	51	-1	0
51	103	-1	0
103	136	-1	0
136	209	-1	0
209	19	-1	0
19	65	-1	0
65	235	-1	0
235	7	-1	0
7	137	-1	0
137	174	-1	0
174	147	-1	0
147	120	-1	0
120	150	-1	0
150	179	-1	0
179	100	-1	0
100	181	-1	0
181	187	-1	0
187	131	-1	0
131	80	-1	0
80	224	-1	0
224	154	-1	0
154	127	-1	0
127	208	-1	0
208	206	-1	0
206	40	-1	0
40	8	-1	0
8	236	-1	0
236	246	-1	0
246	53	-1	0
53	139	-1	0
139	202	-1	0
202	234	-1	0
234	21	-1	0
21	152	-1	0
152	113	-1	0
113	176	-1	0
176	122	-1	0
122	133	-1	0
133	17	-1	0
17	151	-1	0
151	240	-1	0
240	164	-1	0
164	42	-1	0
42	56	-1	0
56	67	-1	0
67	124	-1	0
124	23	-1	0
23	46	-1	0
46	30	-1	0
30	106	-1	0
106	163	-1	0
163	27	-1	0
27	244	-1	0
244	142	-1	0
142	112	-1	0
112	225	-1	0
225	116	-1	0
116	158	-1	0
158	229	-1	0
229	226	-1	0
226	74	-1	0
74	132	-1	0
132	185	-1	0
185	231	-1	0
231	77	-1	0
77	194	-1	0
194	109	-1	0
109	195	-1	0
195	61	-1	0
61	4	-1	0
4	162	-1	0
162	205	-1	0
205	237	-1	0
237	101	-1	0
101	22	-1	0
22	24	-1	0
24	83	-1	0
83	169	-1	0
169	58	-1	0
58	160	-1	0
160	73	-1	0
73	157	-1	0
157	59	-1	0
59	220	-1	0
220	37	-1	0
37	123	-1	0
123	121	-1	0
121	107	-1	0
107	166	-1	0
166	20	-1	0
20	161	-1	0
161	0	-1	0
