/* Number of Operations */
100
/* List of Operations. */
/* Start	End	Fly	#Internal	Locations...*/
0	50	-1	0
50	9	-1	0
9	16	-1	0
16	23	-1	0
23	42	-1	0
42	47	-1	0
47	58	-1	0
58	63	-1	0
63	7	-1	0
7	95	-1	0
95	96	-1	0
96	64	-1	0
64	17	-1	0
17	69	-1	0
69	3	-1	0
3	59	-1	0
59	44	-1	0
44	34	-1	0
34	5	-1	0
5	78	-1	0
78	54	-1	0
54	29	-1	0
29	27	-1	0
27	62	-1	0
62	15	-1	0
15	37	-1	0
37	94	-1	0
94	56	-1	0
56	89	-1	0
89	12	-1	0
12	70	-1	0
70	13	-1	0
13	45	-1	0
45	46	-1	0
46	2	-1	0
2	28	-1	0
28	68	-1	0
68	43	-1	0
43	93	-1	0
93	66	-1	0
66	31	-1	0
31	86	-1	0
86	61	-1	0
61	4	-1	0
4	19	-1	0
19	55	-1	0
55	60	-1	0
60	32	-1	0
32	76	-1	0
76	41	-1	0
41	18	-1	0
18	48	-1	0
48	87	-1	0
87	77	-1	0
77	71	-1	0
71	39	-1	0
39	53	-1	0
53	98	-1	0
98	22	-1	0
22	79	-1	0
79	8	-1	0
8	92	-1	0
92	57	-1	0
57	83	-1	0
83	10	-1	0
10	81	-1	0
81	51	-1	0
51	14	-1	0
14	84	-1	0
84	21	-1	0
21	88	-1	0
88	85	-1	0
85	33	-1	0
33	35	-1	0
35	90	-1	0
90	24	-1	0
24	30	-1	0
30	52	-1	0
52	40	-1	0
40	82	-1	0
82	73	-1	0
73	65	-1	0
65	99	-1	0
99	97	-1	0
97	36	-1	0
36	67	-1	0
67	91	-1	0
91	26	-1	0
26	74	-1	0
74	11	-1	0
11	75	-1	0
75	38	-1	0
38	80	-1	0
80	20	-1	0
20	49	-1	0
49	25	-1	0
25	1	-1	0
1	72	-1	0
72	6	-1	0
6	0	-1	0
