/* Number of Operations */
50
/* List of Operations. */
/* Start	End	Fly	#Internal	Locations...*/
0	23	-1	0
23	44	-1	0
44	19	-1	0
19	42	-1	0
42	12	-1	0
12	2	-1	0
2	35	-1	0
35	4	-1	0
4	3	-1	0
3	5	-1	0
5	18	-1	0
18	14	-1	0
14	20	-1	0
20	7	-1	0
7	39	-1	0
39	43	-1	0
43	15	-1	0
15	31	-1	0
31	11	-1	0
11	21	-1	0
21	25	-1	0
25	6	-1	0
6	47	-1	0
47	16	-1	0
16	29	-1	0
29	49	-1	0
49	46	-1	0
46	28	-1	0
28	26	-1	0
26	1	-1	0
1	48	-1	0
48	45	-1	0
45	40	-1	0
40	38	-1	0
38	9	-1	0
9	22	-1	0
22	13	-1	0
13	10	-1	0
10	8	-1	0
8	36	-1	0
36	24	-1	0
24	41	-1	0
41	30	-1	0
30	37	-1	0
37	34	-1	0
34	32	-1	0
32	33	-1	0
33	17	-1	0
17	27	-1	0
27	0	-1	0
