/* Number of Operations */
50
/* List of Operations. */
/* Start	End	Fly	#Internal	Locations...*/
0	14	-1	0
14	22	-1	0
22	32	-1	0
32	25	-1	0
25	40	-1	0
40	24	-1	0
24	23	-1	0
23	33	-1	0
33	12	-1	0
12	15	-1	0
15	4	-1	0
4	17	-1	0
17	3	-1	0
3	10	-1	0
10	18	-1	0
18	36	-1	0
36	43	-1	0
43	39	-1	0
39	37	-1	0
37	8	-1	0
8	5	-1	0
5	47	-1	0
47	13	-1	0
13	28	-1	0
28	7	-1	0
7	21	-1	0
21	6	-1	0
6	19	-1	0
19	20	-1	0
20	44	-1	0
44	1	-1	0
1	2	-1	0
2	45	-1	0
45	42	-1	0
42	26	-1	0
26	30	-1	0
30	48	-1	0
48	16	-1	0
16	35	-1	0
35	9	-1	0
9	41	-1	0
41	38	-1	0
38	34	-1	0
34	27	-1	0
27	31	-1	0
31	29	-1	0
29	11	-1	0
11	46	-1	0
46	49	-1	0
49	0	-1	0
