/* Number of Operations */
75
/* List of Operations. */
/* Start	End	Fly	#Internal	Locations...*/
0	52	-1	0
52	2	-1	0
2	41	-1	0
41	8	-1	0
8	12	-1	0
12	39	-1	0
39	50	-1	0
50	22	-1	0
22	42	-1	0
42	9	-1	0
9	62	-1	0
62	29	-1	0
29	36	-1	0
36	45	-1	0
45	3	-1	0
3	60	-1	0
60	15	-1	0
15	53	-1	0
53	64	-1	0
64	56	-1	0
56	1	-1	0
1	66	-1	0
66	69	-1	0
69	48	-1	0
48	46	-1	0
46	55	-1	0
55	17	-1	0
17	18	-1	0
18	19	-1	0
19	40	-1	0
40	20	-1	0
20	73	-1	0
73	71	-1	0
71	51	-1	0
51	68	-1	0
68	25	-1	0
25	34	-1	0
34	11	-1	0
11	58	-1	0
58	65	-1	0
65	5	-1	0
5	47	-1	0
47	38	-1	0
38	24	-1	0
24	57	-1	0
57	59	-1	0
59	32	-1	0
32	54	-1	0
54	35	-1	0
35	26	-1	0
26	13	-1	0
13	27	-1	0
27	10	-1	0
10	61	-1	0
61	70	-1	0
70	14	-1	0
14	23	-1	0
23	44	-1	0
44	63	-1	0
63	7	-1	0
7	30	-1	0
30	6	-1	0
6	49	-1	0
49	21	-1	0
21	43	-1	0
43	33	-1	0
33	74	-1	0
74	4	-1	0
4	28	-1	0
28	72	-1	0
72	31	-1	0
31	67	-1	0
67	37	-1	0
37	16	-1	0
16	0	-1	0
