/* Number of Operations */
375
/* List of Operations. */
/* Start	End	Fly	#Internal	Locations...*/
0	134	-1	0
134	73	-1	0
73	81	-1	0
81	291	-1	0
291	150	-1	0
150	230	-1	0
230	203	-1	0
203	192	-1	0
192	201	-1	0
201	321	-1	0
321	207	-1	0
207	70	-1	0
70	5	-1	0
5	157	-1	0
157	122	-1	0
122	33	-1	0
33	329	-1	0
329	65	-1	0
65	360	-1	0
360	173	-1	0
173	137	-1	0
137	194	-1	0
194	200	-1	0
200	185	-1	0
185	373	-1	0
373	183	-1	0
183	235	-1	0
235	36	-1	0
36	12	-1	0
12	287	-1	0
287	167	-1	0
167	257	-1	0
257	202	-1	0
202	135	-1	0
135	218	-1	0
218	152	-1	0
152	268	-1	0
268	76	-1	0
76	23	-1	0
23	366	-1	0
366	273	-1	0
273	238	-1	0
238	232	-1	0
232	140	-1	0
140	18	-1	0
18	240	-1	0
240	107	-1	0
107	124	-1	0
124	305	-1	0
305	330	-1	0
330	27	-1	0
27	121	-1	0
121	271	-1	0
271	101	-1	0
101	335	-1	0
335	331	-1	0
331	77	-1	0
77	217	-1	0
217	302	-1	0
302	94	-1	0
94	245	-1	0
245	258	-1	0
258	174	-1	0
174	43	-1	0
43	282	-1	0
282	364	-1	0
364	63	-1	0
63	156	-1	0
156	252	-1	0
252	182	-1	0
182	275	-1	0
275	142	-1	0
142	160	-1	0
160	264	-1	0
264	54	-1	0
54	308	-1	0
308	113	-1	0
113	89	-1	0
89	306	-1	0
306	130	-1	0
130	11	-1	0
11	26	-1	0
26	162	-1	0
162	116	-1	0
116	3	-1	0
3	196	-1	0
196	307	-1	0
307	98	-1	0
98	9	-1	0
9	176	-1	0
176	88	-1	0
88	14	-1	0
14	328	-1	0
328	293	-1	0
293	277	-1	0
277	79	-1	0
79	295	-1	0
295	188	-1	0
188	144	-1	0
144	341	-1	0
341	38	-1	0
38	39	-1	0
39	274	-1	0
274	285	-1	0
285	254	-1	0
254	269	-1	0
269	304	-1	0
304	361	-1	0
361	226	-1	0
226	363	-1	0
363	35	-1	0
35	216	-1	0
216	333	-1	0
333	163	-1	0
163	323	-1	0
323	71	-1	0
71	110	-1	0
110	189	-1	0
189	352	-1	0
352	347	-1	0
347	315	-1	0
315	170	-1	0
170	19	-1	0
19	132	-1	0
132	310	-1	0
310	80	-1	0
80	2	-1	0
2	262	-1	0
262	190	-1	0
190	297	-1	0
297	198	-1	0
198	114	-1	0
114	69	-1	0
69	180	-1	0
180	343	-1	0
343	355	-1	0
355	213	-1	0
213	131	-1	0
131	337	-1	0
337	228	-1	0
228	327	-1	0
327	365	-1	0
365	358	-1	0
358	159	-1	0
159	234	-1	0
234	294	-1	0
294	153	-1	0
153	281	-1	0
281	342	-1	0
342	227	-1	0
227	127	-1	0
127	29	-1	0
29	222	-1	0
222	138	-1	0
138	143	-1	0
143	120	-1	0
120	225	-1	0
225	74	-1	0
74	87	-1	0
87	241	-1	0
241	21	-1	0
21	37	-1	0
37	367	-1	0
367	145	-1	0
145	83	-1	0
83	349	-1	0
349	280	-1	0
280	97	-1	0
97	267	-1	0
267	270	-1	0
270	266	-1	0
266	75	-1	0
75	292	-1	0
292	195	-1	0
195	4	-1	0
4	62	-1	0
62	259	-1	0
259	72	-1	0
72	99	-1	0
99	340	-1	0
340	199	-1	0
199	48	-1	0
48	172	-1	0
172	164	-1	0
164	53	-1	0
53	133	-1	0
133	255	-1	0
255	372	-1	0
372	326	-1	0
326	161	-1	0
161	239	-1	0
239	325	-1	0
325	50	-1	0
50	369	-1	0
369	231	-1	0
231	139	-1	0
139	149	-1	0
149	286	-1	0
286	34	-1	0
34	42	-1	0
42	13	-1	0
13	243	-1	0
243	311	-1	0
311	256	-1	0
256	108	-1	0
108	309	-1	0
309	279	-1	0
279	220	-1	0
220	338	-1	0
338	260	-1	0
260	334	-1	0
334	165	-1	0
165	28	-1	0
28	263	-1	0
263	41	-1	0
41	191	-1	0
191	237	-1	0
237	91	-1	0
91	312	-1	0
312	265	-1	0
265	55	-1	0
55	187	-1	0
187	221	-1	0
221	46	-1	0
46	96	-1	0
96	314	-1	0
314	351	-1	0
351	344	-1	0
344	166	-1	0
166	278	-1	0
278	247	-1	0
247	251	-1	0
251	45	-1	0
45	223	-1	0
223	10	-1	0
10	284	-1	0
284	102	-1	0
102	86	-1	0
86	17	-1	0
17	109	-1	0
109	209	-1	0
209	158	-1	0
158	353	-1	0
353	300	-1	0
300	84	-1	0
84	336	-1	0
336	357	-1	0
357	212	-1	0
212	316	-1	0
316	296	-1	0
296	103	-1	0
103	210	-1	0
210	44	-1	0
44	64	-1	0
64	253	-1	0
253	123	-1	0
123	58	-1	0
58	283	-1	0
283	208	-1	0
208	105	-1	0
105	95	-1	0
95	276	-1	0
276	371	-1	0
371	348	-1	0
348	301	-1	0
301	66	-1	0
66	90	-1	0
90	346	-1	0
346	175	-1	0
175	111	-1	0
111	24	-1	0
24	246	-1	0
246	169	-1	0
169	250	-1	0
250	141	-1	0
141	117	-1	0
117	7	-1	0
7	248	-1	0
248	368	-1	0
368	350	-1	0
350	298	-1	0
298	229	-1	0
229	224	-1	0
224	236	-1	0
236	356	-1	0
356	318	-1	0
318	178	-1	0
178	60	-1	0
60	92	-1	0
92	249	-1	0
249	112	-1	0
112	151	-1	0
151	374	-1	0
374	8	-1	0
8	244	-1	0
244	85	-1	0
85	179	-1	0
179	67	-1	0
67	57	-1	0
57	16	-1	0
16	242	-1	0
242	324	-1	0
324	40	-1	0
40	171	-1	0
171	359	-1	0
359	20	-1	0
20	126	-1	0
126	303	-1	0
303	6	-1	0
6	289	-1	0
289	61	-1	0
61	51	-1	0
51	317	-1	0
317	206	-1	0
206	288	-1	0
288	184	-1	0
184	345	-1	0
345	146	-1	0
146	82	-1	0
82	148	-1	0
148	219	-1	0
219	59	-1	0
59	125	-1	0
125	319	-1	0
319	233	-1	0
233	129	-1	0
129	354	-1	0
354	211	-1	0
211	56	-1	0
56	147	-1	0
147	49	-1	0
49	362	-1	0
362	320	-1	0
320	155	-1	0
155	30	-1	0
30	32	-1	0
32	214	-1	0
214	205	-1	0
205	215	-1	0
215	272	-1	0
272	204	-1	0
204	78	-1	0
78	119	-1	0
119	261	-1	0
261	52	-1	0
52	193	-1	0
193	31	-1	0
31	115	-1	0
115	370	-1	0
370	332	-1	0
332	1	-1	0
1	47	-1	0
47	313	-1	0
313	106	-1	0
106	93	-1	0
93	181	-1	0
181	22	-1	0
22	299	-1	0
299	177	-1	0
177	186	-1	0
186	25	-1	0
25	15	-1	0
15	128	-1	0
128	290	-1	0
290	68	-1	0
68	104	-1	0
104	339	-1	0
339	118	-1	0
118	136	-1	0
136	197	-1	0
197	168	-1	0
168	100	-1	0
100	322	-1	0
322	154	-1	0
154	0	-1	0
