/* Number of Operations */
375
/* List of Operations. */
/* Start	End	Fly	#Internal	Locations...*/
0	280	-1	0
280	327	-1	0
327	7	-1	0
7	41	-1	0
41	23	-1	0
23	134	-1	0
134	160	-1	0
160	151	-1	0
151	283	-1	0
283	91	-1	0
91	209	-1	0
209	22	-1	0
22	104	-1	0
104	18	-1	0
18	230	-1	0
230	120	-1	0
120	233	-1	0
233	206	-1	0
206	148	-1	0
148	147	-1	0
147	103	-1	0
103	35	-1	0
35	192	-1	0
192	277	-1	0
277	114	-1	0
114	320	-1	0
320	46	-1	0
46	56	-1	0
56	39	-1	0
39	183	-1	0
183	168	-1	0
168	115	-1	0
115	92	-1	0
92	232	-1	0
232	279	-1	0
279	254	-1	0
254	44	-1	0
44	174	-1	0
174	274	-1	0
274	299	-1	0
299	341	-1	0
341	336	-1	0
336	201	-1	0
201	48	-1	0
48	33	-1	0
33	186	-1	0
186	194	-1	0
194	88	-1	0
88	212	-1	0
212	263	-1	0
263	264	-1	0
264	87	-1	0
87	218	-1	0
218	52	-1	0
52	142	-1	0
142	366	-1	0
366	78	-1	0
78	265	-1	0
265	5	-1	0
5	290	-1	0
290	145	-1	0
145	97	-1	0
97	81	-1	0
81	250	-1	0
250	57	-1	0
57	59	-1	0
59	373	-1	0
373	260	-1	0
260	210	-1	0
210	253	-1	0
253	144	-1	0
144	224	-1	0
224	173	-1	0
173	286	-1	0
286	66	-1	0
66	178	-1	0
178	199	-1	0
199	306	-1	0
306	288	-1	0
288	196	-1	0
196	251	-1	0
251	26	-1	0
26	140	-1	0
140	291	-1	0
291	255	-1	0
255	3	-1	0
3	152	-1	0
152	239	-1	0
239	107	-1	0
107	340	-1	0
340	16	-1	0
16	200	-1	0
200	136	-1	0
136	226	-1	0
226	74	-1	0
74	68	-1	0
68	14	-1	0
14	304	-1	0
304	215	-1	0
215	362	-1	0
362	312	-1	0
312	211	-1	0
211	93	-1	0
93	207	-1	0
207	153	-1	0
153	79	-1	0
79	55	-1	0
55	150	-1	0
150	15	-1	0
15	94	-1	0
94	360	-1	0
360	24	-1	0
24	269	-1	0
269	355	-1	0
355	252	-1	0
252	221	-1	0
221	117	-1	0
117	172	-1	0
172	374	-1	0
374	163	-1	0
163	82	-1	0
82	345	-1	0
345	61	-1	0
61	258	-1	0
258	133	-1	0
133	130	-1	0
130	235	-1	0
235	30	-1	0
30	171	-1	0
171	248	-1	0
248	43	-1	0
43	236	-1	0
236	67	-1	0
67	271	-1	0
271	364	-1	0
364	278	-1	0
278	358	-1	0
358	203	-1	0
203	90	-1	0
90	185	-1	0
185	106	-1	0
106	284	-1	0
284	323	-1	0
323	292	-1	0
292	95	-1	0
95	124	-1	0
124	127	-1	0
127	297	-1	0
297	113	-1	0
113	205	-1	0
205	83	-1	0
83	101	-1	0
101	54	-1	0
54	293	-1	0
293	51	-1	0
51	32	-1	0
32	159	-1	0
159	214	-1	0
214	193	-1	0
193	149	-1	0
149	11	-1	0
11	131	-1	0
131	316	-1	0
316	187	-1	0
187	8	-1	0
8	339	-1	0
339	126	-1	0
126	238	-1	0
238	25	-1	0
25	365	-1	0
365	318	-1	0
318	261	-1	0
261	175	-1	0
175	197	-1	0
197	370	-1	0
370	338	-1	0
338	262	-1	0
262	367	-1	0
367	343	-1	0
343	165	-1	0
165	60	-1	0
60	122	-1	0
122	305	-1	0
305	229	-1	0
229	371	-1	0
371	342	-1	0
342	62	-1	0
62	99	-1	0
99	70	-1	0
70	198	-1	0
198	119	-1	0
119	121	-1	0
121	350	-1	0
350	270	-1	0
270	335	-1	0
335	296	-1	0
296	129	-1	0
129	17	-1	0
17	330	-1	0
330	37	-1	0
37	319	-1	0
319	118	-1	0
118	241	-1	0
241	158	-1	0
158	108	-1	0
108	372	-1	0
372	289	-1	0
289	64	-1	0
64	368	-1	0
368	13	-1	0
13	19	-1	0
19	125	-1	0
125	208	-1	0
208	314	-1	0
314	1	-1	0
1	273	-1	0
273	302	-1	0
302	63	-1	0
63	294	-1	0
294	231	-1	0
231	98	-1	0
98	204	-1	0
204	29	-1	0
29	40	-1	0
40	243	-1	0
243	21	-1	0
21	363	-1	0
363	105	-1	0
105	249	-1	0
249	256	-1	0
256	111	-1	0
111	334	-1	0
334	110	-1	0
110	361	-1	0
361	353	-1	0
353	344	-1	0
344	217	-1	0
217	36	-1	0
36	298	-1	0
298	109	-1	0
109	227	-1	0
227	348	-1	0
348	53	-1	0
53	259	-1	0
259	69	-1	0
69	155	-1	0
155	184	-1	0
184	326	-1	0
326	287	-1	0
287	76	-1	0
76	346	-1	0
346	190	-1	0
190	9	-1	0
9	285	-1	0
285	128	-1	0
128	317	-1	0
317	266	-1	0
266	139	-1	0
139	47	-1	0
47	272	-1	0
272	27	-1	0
27	310	-1	0
310	4	-1	0
4	313	-1	0
313	77	-1	0
77	31	-1	0
31	359	-1	0
359	102	-1	0
102	228	-1	0
228	10	-1	0
10	244	-1	0
244	85	-1	0
85	245	-1	0
245	240	-1	0
240	182	-1	0
182	100	-1	0
100	71	-1	0
71	315	-1	0
315	166	-1	0
166	307	-1	0
307	337	-1	0
337	225	-1	0
225	169	-1	0
169	28	-1	0
28	332	-1	0
332	356	-1	0
356	195	-1	0
195	20	-1	0
20	237	-1	0
237	138	-1	0
138	49	-1	0
49	311	-1	0
311	257	-1	0
257	132	-1	0
132	202	-1	0
202	267	-1	0
267	112	-1	0
112	58	-1	0
58	268	-1	0
268	242	-1	0
242	96	-1	0
96	351	-1	0
351	135	-1	0
135	328	-1	0
328	223	-1	0
223	65	-1	0
65	220	-1	0
220	281	-1	0
281	157	-1	0
157	72	-1	0
72	181	-1	0
181	324	-1	0
324	73	-1	0
73	354	-1	0
354	179	-1	0
179	170	-1	0
170	45	-1	0
45	80	-1	0
80	146	-1	0
146	164	-1	0
164	300	-1	0
300	333	-1	0
333	12	-1	0
12	50	-1	0
50	189	-1	0
189	84	-1	0
84	301	-1	0
301	247	-1	0
247	347	-1	0
347	331	-1	0
331	34	-1	0
34	123	-1	0
123	322	-1	0
322	177	-1	0
177	303	-1	0
303	6	-1	0
6	357	-1	0
357	154	-1	0
154	176	-1	0
176	321	-1	0
321	325	-1	0
325	246	-1	0
246	216	-1	0
216	38	-1	0
38	234	-1	0
234	156	-1	0
156	180	-1	0
180	143	-1	0
143	222	-1	0
222	42	-1	0
42	2	-1	0
2	309	-1	0
309	349	-1	0
349	308	-1	0
308	167	-1	0
167	75	-1	0
75	282	-1	0
282	295	-1	0
295	329	-1	0
329	89	-1	0
89	86	-1	0
86	276	-1	0
276	275	-1	0
275	161	-1	0
161	137	-1	0
137	188	-1	0
188	141	-1	0
141	191	-1	0
191	116	-1	0
116	369	-1	0
369	352	-1	0
352	162	-1	0
162	219	-1	0
219	213	-1	0
213	0	-1	0
