/* Number of Operations */
250
/* List of Operations. */
/* Start	End	Fly	#Internal	Locations...*/
0	153	-1	0
153	159	-1	0
159	102	-1	0
102	47	-1	0
47	179	-1	0
179	92	-1	0
92	195	-1	0
195	231	-1	0
231	80	-1	0
80	103	-1	0
103	22	-1	0
22	112	-1	0
112	57	-1	0
57	161	-1	0
161	192	-1	0
192	34	-1	0
34	19	-1	0
19	90	-1	0
90	93	-1	0
93	147	-1	0
147	33	-1	0
33	151	-1	0
151	155	-1	0
155	244	-1	0
244	8	-1	0
8	14	-1	0
14	166	-1	0
166	76	-1	0
76	140	-1	0
140	81	-1	0
81	56	-1	0
56	131	-1	0
131	128	-1	0
128	77	-1	0
77	101	-1	0
101	215	-1	0
215	216	-1	0
216	26	-1	0
26	29	-1	0
29	235	-1	0
235	222	-1	0
222	15	-1	0
15	107	-1	0
107	248	-1	0
248	249	-1	0
249	162	-1	0
162	120	-1	0
120	83	-1	0
83	96	-1	0
96	174	-1	0
174	156	-1	0
156	186	-1	0
186	94	-1	0
94	116	-1	0
116	63	-1	0
63	117	-1	0
117	243	-1	0
243	233	-1	0
233	187	-1	0
187	241	-1	0
241	24	-1	0
24	129	-1	0
129	240	-1	0
240	104	-1	0
104	86	-1	0
86	137	-1	0
137	201	-1	0
201	115	-1	0
115	66	-1	0
66	127	-1	0
127	71	-1	0
71	89	-1	0
89	133	-1	0
133	154	-1	0
154	99	-1	0
99	41	-1	0
41	23	-1	0
23	145	-1	0
145	53	-1	0
53	237	-1	0
237	67	-1	0
67	209	-1	0
209	64	-1	0
64	35	-1	0
35	232	-1	0
232	111	-1	0
111	175	-1	0
175	70	-1	0
70	73	-1	0
73	198	-1	0
198	1	-1	0
1	188	-1	0
188	176	-1	0
176	7	-1	0
7	211	-1	0
211	218	-1	0
218	143	-1	0
143	30	-1	0
30	125	-1	0
125	224	-1	0
224	46	-1	0
46	178	-1	0
178	58	-1	0
58	181	-1	0
181	98	-1	0
98	48	-1	0
48	229	-1	0
229	4	-1	0
4	69	-1	0
69	236	-1	0
236	210	-1	0
210	61	-1	0
61	59	-1	0
59	202	-1	0
202	20	-1	0
20	110	-1	0
110	119	-1	0
119	13	-1	0
13	121	-1	0
121	12	-1	0
12	97	-1	0
97	221	-1	0
221	160	-1	0
160	163	-1	0
163	75	-1	0
75	5	-1	0
5	105	-1	0
105	138	-1	0
138	10	-1	0
10	39	-1	0
39	2	-1	0
2	169	-1	0
169	245	-1	0
245	62	-1	0
62	182	-1	0
182	36	-1	0
36	208	-1	0
208	52	-1	0
52	207	-1	0
207	142	-1	0
142	72	-1	0
72	197	-1	0
197	177	-1	0
177	135	-1	0
135	78	-1	0
78	65	-1	0
65	148	-1	0
148	213	-1	0
213	242	-1	0
242	3	-1	0
3	234	-1	0
234	171	-1	0
171	38	-1	0
38	183	-1	0
183	45	-1	0
45	189	-1	0
189	196	-1	0
196	51	-1	0
51	165	-1	0
165	109	-1	0
109	247	-1	0
247	106	-1	0
106	42	-1	0
42	168	-1	0
168	17	-1	0
17	212	-1	0
212	184	-1	0
184	25	-1	0
25	185	-1	0
185	11	-1	0
11	40	-1	0
40	122	-1	0
122	180	-1	0
180	157	-1	0
157	238	-1	0
238	167	-1	0
167	49	-1	0
49	227	-1	0
227	95	-1	0
95	124	-1	0
124	9	-1	0
9	199	-1	0
199	50	-1	0
50	144	-1	0
144	200	-1	0
200	150	-1	0
150	193	-1	0
193	84	-1	0
84	164	-1	0
164	113	-1	0
113	226	-1	0
226	6	-1	0
6	118	-1	0
118	139	-1	0
139	228	-1	0
228	136	-1	0
136	246	-1	0
246	191	-1	0
191	172	-1	0
172	194	-1	0
194	219	-1	0
219	32	-1	0
32	123	-1	0
123	108	-1	0
108	55	-1	0
55	214	-1	0
214	239	-1	0
239	114	-1	0
114	37	-1	0
37	190	-1	0
190	21	-1	0
21	85	-1	0
85	230	-1	0
230	205	-1	0
205	18	-1	0
18	82	-1	0
82	16	-1	0
16	206	-1	0
206	79	-1	0
79	68	-1	0
68	225	-1	0
225	130	-1	0
130	158	-1	0
158	27	-1	0
27	204	-1	0
204	203	-1	0
203	152	-1	0
152	141	-1	0
141	126	-1	0
126	28	-1	0
28	134	-1	0
134	217	-1	0
217	54	-1	0
54	132	-1	0
132	43	-1	0
43	87	-1	0
87	88	-1	0
88	146	-1	0
146	173	-1	0
173	60	-1	0
60	170	-1	0
170	44	-1	0
44	149	-1	0
149	31	-1	0
31	223	-1	0
223	91	-1	0
91	100	-1	0
100	74	-1	0
74	220	-1	0
220	0	-1	0
