/* Number of Operations */
250
/* List of Operations. */
/* Start	End	Fly	#Internal	Locations...*/
0	127	-1	0
127	131	-1	0
131	41	-1	0
41	13	-1	0
13	84	-1	0
84	112	-1	0
112	116	-1	0
116	98	-1	0
98	19	-1	0
19	16	-1	0
16	56	-1	0
56	167	-1	0
167	8	-1	0
8	65	-1	0
65	9	-1	0
9	219	-1	0
219	35	-1	0
35	83	-1	0
83	40	-1	0
40	138	-1	0
138	77	-1	0
77	52	-1	0
52	245	-1	0
245	151	-1	0
151	230	-1	0
230	209	-1	0
209	1	-1	0
1	210	-1	0
210	28	-1	0
28	75	-1	0
75	147	-1	0
147	61	-1	0
61	81	-1	0
81	110	-1	0
110	139	-1	0
139	174	-1	0
174	7	-1	0
7	206	-1	0
206	10	-1	0
10	113	-1	0
113	121	-1	0
121	24	-1	0
24	168	-1	0
168	58	-1	0
58	173	-1	0
173	150	-1	0
150	145	-1	0
145	119	-1	0
119	235	-1	0
235	23	-1	0
23	162	-1	0
162	67	-1	0
67	137	-1	0
137	72	-1	0
72	49	-1	0
49	226	-1	0
226	176	-1	0
176	124	-1	0
124	91	-1	0
91	218	-1	0
218	31	-1	0
31	33	-1	0
33	108	-1	0
108	74	-1	0
74	215	-1	0
215	229	-1	0
229	183	-1	0
183	78	-1	0
78	34	-1	0
34	204	-1	0
204	15	-1	0
15	73	-1	0
73	239	-1	0
239	243	-1	0
243	201	-1	0
201	118	-1	0
118	192	-1	0
192	152	-1	0
152	101	-1	0
101	93	-1	0
93	225	-1	0
225	55	-1	0
55	105	-1	0
105	12	-1	0
12	179	-1	0
179	154	-1	0
154	223	-1	0
223	129	-1	0
129	148	-1	0
148	120	-1	0
120	233	-1	0
233	111	-1	0
111	46	-1	0
46	102	-1	0
102	220	-1	0
220	135	-1	0
135	171	-1	0
171	241	-1	0
241	18	-1	0
18	199	-1	0
199	85	-1	0
85	170	-1	0
170	21	-1	0
21	43	-1	0
43	207	-1	0
207	39	-1	0
39	185	-1	0
185	79	-1	0
79	103	-1	0
103	216	-1	0
216	153	-1	0
153	60	-1	0
60	29	-1	0
29	125	-1	0
125	244	-1	0
244	126	-1	0
126	158	-1	0
158	66	-1	0
66	140	-1	0
140	231	-1	0
231	104	-1	0
104	155	-1	0
155	165	-1	0
165	25	-1	0
25	249	-1	0
249	106	-1	0
106	248	-1	0
248	114	-1	0
114	133	-1	0
133	6	-1	0
6	97	-1	0
97	70	-1	0
70	128	-1	0
128	160	-1	0
160	198	-1	0
198	178	-1	0
178	224	-1	0
224	20	-1	0
20	177	-1	0
177	82	-1	0
82	130	-1	0
130	164	-1	0
164	221	-1	0
221	213	-1	0
213	193	-1	0
193	246	-1	0
246	30	-1	0
30	169	-1	0
169	247	-1	0
247	134	-1	0
134	211	-1	0
211	227	-1	0
227	196	-1	0
196	188	-1	0
188	217	-1	0
217	146	-1	0
146	234	-1	0
234	89	-1	0
89	2	-1	0
2	202	-1	0
202	95	-1	0
95	200	-1	0
200	232	-1	0
232	87	-1	0
87	37	-1	0
37	92	-1	0
92	166	-1	0
166	194	-1	0
194	38	-1	0
38	222	-1	0
222	47	-1	0
47	48	-1	0
48	240	-1	0
240	96	-1	0
96	161	-1	0
161	59	-1	0
59	68	-1	0
68	132	-1	0
132	237	-1	0
237	27	-1	0
27	180	-1	0
180	100	-1	0
100	195	-1	0
195	191	-1	0
191	197	-1	0
197	76	-1	0
76	94	-1	0
94	88	-1	0
88	242	-1	0
242	203	-1	0
203	156	-1	0
156	62	-1	0
62	36	-1	0
36	45	-1	0
45	107	-1	0
107	63	-1	0
63	69	-1	0
69	11	-1	0
11	71	-1	0
71	157	-1	0
157	141	-1	0
141	3	-1	0
3	44	-1	0
44	172	-1	0
172	149	-1	0
149	109	-1	0
109	236	-1	0
236	123	-1	0
123	214	-1	0
214	208	-1	0
208	99	-1	0
99	190	-1	0
190	163	-1	0
163	117	-1	0
117	54	-1	0
54	212	-1	0
212	187	-1	0
187	184	-1	0
184	50	-1	0
50	51	-1	0
51	17	-1	0
17	86	-1	0
86	5	-1	0
5	143	-1	0
143	142	-1	0
142	32	-1	0
32	136	-1	0
136	182	-1	0
182	175	-1	0
175	186	-1	0
186	144	-1	0
144	181	-1	0
181	238	-1	0
238	57	-1	0
57	4	-1	0
4	64	-1	0
64	22	-1	0
22	115	-1	0
115	205	-1	0
205	189	-1	0
189	42	-1	0
42	90	-1	0
90	53	-1	0
53	122	-1	0
122	159	-1	0
159	228	-1	0
228	80	-1	0
80	14	-1	0
14	26	-1	0
26	0	-1	0
