/* Number of Operations */
250
/* List of Operations. */
/* Start	End	Fly	#Internal	Locations...*/
0	88	-1	0
88	154	-1	0
154	135	-1	0
135	52	-1	0
52	50	-1	0
50	245	-1	0
245	171	-1	0
171	3	-1	0
3	188	-1	0
188	11	-1	0
11	40	-1	0
40	132	-1	0
132	146	-1	0
146	20	-1	0
20	49	-1	0
49	21	-1	0
21	142	-1	0
142	143	-1	0
143	33	-1	0
33	19	-1	0
19	161	-1	0
161	92	-1	0
92	69	-1	0
69	212	-1	0
212	193	-1	0
193	8	-1	0
8	41	-1	0
41	158	-1	0
158	25	-1	0
25	81	-1	0
81	152	-1	0
152	223	-1	0
223	54	-1	0
54	231	-1	0
231	89	-1	0
89	189	-1	0
189	10	-1	0
10	218	-1	0
218	74	-1	0
74	75	-1	0
75	216	-1	0
216	120	-1	0
120	32	-1	0
32	15	-1	0
15	90	-1	0
90	51	-1	0
51	177	-1	0
177	232	-1	0
232	204	-1	0
204	124	-1	0
124	247	-1	0
247	56	-1	0
56	225	-1	0
225	118	-1	0
118	30	-1	0
30	98	-1	0
98	239	-1	0
239	83	-1	0
83	34	-1	0
34	206	-1	0
206	114	-1	0
114	162	-1	0
162	103	-1	0
103	167	-1	0
167	99	-1	0
99	213	-1	0
213	182	-1	0
182	229	-1	0
229	86	-1	0
86	147	-1	0
147	240	-1	0
240	129	-1	0
129	141	-1	0
141	208	-1	0
208	209	-1	0
209	108	-1	0
108	180	-1	0
180	76	-1	0
76	46	-1	0
46	186	-1	0
186	176	-1	0
176	137	-1	0
137	107	-1	0
107	14	-1	0
14	175	-1	0
175	234	-1	0
234	130	-1	0
130	187	-1	0
187	61	-1	0
61	226	-1	0
226	238	-1	0
238	197	-1	0
197	57	-1	0
57	201	-1	0
201	195	-1	0
195	122	-1	0
122	73	-1	0
73	160	-1	0
160	181	-1	0
181	233	-1	0
233	168	-1	0
168	144	-1	0
144	127	-1	0
127	169	-1	0
169	126	-1	0
126	97	-1	0
97	7	-1	0
7	134	-1	0
134	22	-1	0
22	150	-1	0
150	35	-1	0
35	227	-1	0
227	85	-1	0
85	174	-1	0
174	80	-1	0
80	151	-1	0
151	207	-1	0
207	91	-1	0
91	59	-1	0
59	205	-1	0
205	163	-1	0
163	37	-1	0
37	71	-1	0
71	222	-1	0
222	165	-1	0
165	156	-1	0
156	65	-1	0
65	241	-1	0
241	60	-1	0
60	173	-1	0
173	29	-1	0
29	17	-1	0
17	217	-1	0
217	123	-1	0
123	185	-1	0
185	79	-1	0
79	117	-1	0
117	116	-1	0
116	26	-1	0
26	157	-1	0
157	72	-1	0
72	190	-1	0
190	95	-1	0
95	242	-1	0
242	1	-1	0
1	230	-1	0
230	228	-1	0
228	237	-1	0
237	214	-1	0
214	105	-1	0
105	31	-1	0
31	70	-1	0
70	43	-1	0
43	191	-1	0
191	166	-1	0
166	140	-1	0
140	119	-1	0
119	235	-1	0
235	148	-1	0
148	77	-1	0
77	27	-1	0
27	145	-1	0
145	194	-1	0
194	36	-1	0
36	246	-1	0
246	18	-1	0
18	128	-1	0
128	58	-1	0
58	192	-1	0
192	179	-1	0
179	133	-1	0
133	215	-1	0
215	221	-1	0
221	93	-1	0
93	183	-1	0
183	100	-1	0
100	196	-1	0
196	149	-1	0
149	67	-1	0
67	62	-1	0
62	184	-1	0
184	211	-1	0
211	112	-1	0
112	164	-1	0
164	39	-1	0
39	13	-1	0
13	113	-1	0
113	199	-1	0
199	109	-1	0
109	63	-1	0
63	110	-1	0
110	236	-1	0
236	5	-1	0
5	202	-1	0
202	210	-1	0
210	6	-1	0
6	155	-1	0
155	170	-1	0
170	96	-1	0
96	172	-1	0
172	101	-1	0
101	138	-1	0
138	66	-1	0
66	64	-1	0
64	115	-1	0
115	220	-1	0
220	121	-1	0
121	16	-1	0
16	9	-1	0
9	139	-1	0
139	219	-1	0
219	153	-1	0
153	244	-1	0
244	48	-1	0
48	78	-1	0
78	249	-1	0
249	68	-1	0
68	125	-1	0
125	104	-1	0
104	84	-1	0
84	23	-1	0
23	131	-1	0
131	24	-1	0
24	111	-1	0
111	178	-1	0
178	12	-1	0
12	4	-1	0
4	203	-1	0
203	44	-1	0
44	102	-1	0
102	198	-1	0
198	38	-1	0
38	200	-1	0
200	224	-1	0
224	159	-1	0
159	53	-1	0
53	106	-1	0
106	87	-1	0
87	243	-1	0
243	248	-1	0
248	45	-1	0
45	136	-1	0
136	94	-1	0
94	42	-1	0
42	55	-1	0
55	2	-1	0
2	28	-1	0
28	47	-1	0
47	82	-1	0
82	0	-1	0
