/* Number of Operations */
75
/* List of Operations. */
/* Start	End	Fly	#Internal	Locations...*/
0	21	-1	0
21	25	-1	0
25	6	-1	0
6	10	-1	0
10	45	-1	0
45	32	-1	0
32	4	-1	0
4	41	-1	0
41	33	-1	0
33	68	-1	0
68	7	-1	0
7	12	-1	0
12	46	-1	0
46	15	-1	0
15	62	-1	0
62	11	-1	0
11	57	-1	0
57	67	-1	0
67	13	-1	0
13	39	-1	0
39	44	-1	0
44	56	-1	0
56	31	-1	0
31	2	-1	0
2	73	-1	0
73	48	-1	0
48	23	-1	0
23	42	-1	0
42	14	-1	0
14	5	-1	0
5	29	-1	0
29	65	-1	0
65	64	-1	0
64	20	-1	0
20	52	-1	0
52	34	-1	0
34	49	-1	0
49	59	-1	0
59	19	-1	0
19	47	-1	0
47	27	-1	0
27	8	-1	0
8	54	-1	0
54	22	-1	0
22	72	-1	0
72	71	-1	0
71	24	-1	0
24	58	-1	0
58	63	-1	0
63	28	-1	0
28	40	-1	0
40	26	-1	0
26	55	-1	0
55	60	-1	0
60	38	-1	0
38	69	-1	0
69	30	-1	0
30	66	-1	0
66	74	-1	0
74	50	-1	0
50	1	-1	0
1	51	-1	0
51	35	-1	0
35	18	-1	0
18	70	-1	0
70	17	-1	0
17	43	-1	0
43	3	-1	0
3	36	-1	0
36	37	-1	0
37	9	-1	0
9	61	-1	0
61	16	-1	0
16	53	-1	0
53	0	-1	0
