/* Number of Operations */
100
/* List of Operations. */
/* Start	End	Fly	#Internal	Locations...*/
0	50	-1	0
50	10	-1	0
10	91	-1	0
91	67	-1	0
67	52	-1	0
52	41	-1	0
41	95	-1	0
95	88	-1	0
88	59	-1	0
59	6	-1	0
6	73	-1	0
73	66	-1	0
66	23	-1	0
23	36	-1	0
36	22	-1	0
22	49	-1	0
49	28	-1	0
28	1	-1	0
1	72	-1	0
72	51	-1	0
51	92	-1	0
92	12	-1	0
12	20	-1	0
20	89	-1	0
89	86	-1	0
86	4	-1	0
4	78	-1	0
78	19	-1	0
19	11	-1	0
11	14	-1	0
14	55	-1	0
55	61	-1	0
61	99	-1	0
99	70	-1	0
70	80	-1	0
80	40	-1	0
40	68	-1	0
68	56	-1	0
56	54	-1	0
54	57	-1	0
57	63	-1	0
63	90	-1	0
90	60	-1	0
60	43	-1	0
43	18	-1	0
18	69	-1	0
69	37	-1	0
37	42	-1	0
42	65	-1	0
65	45	-1	0
45	32	-1	0
32	85	-1	0
85	21	-1	0
21	47	-1	0
47	87	-1	0
87	39	-1	0
39	71	-1	0
71	9	-1	0
9	76	-1	0
76	35	-1	0
35	30	-1	0
30	31	-1	0
31	13	-1	0
13	77	-1	0
77	84	-1	0
84	27	-1	0
27	53	-1	0
53	81	-1	0
81	5	-1	0
5	97	-1	0
97	8	-1	0
8	93	-1	0
93	96	-1	0
96	16	-1	0
16	48	-1	0
48	46	-1	0
46	17	-1	0
17	15	-1	0
15	62	-1	0
62	79	-1	0
79	33	-1	0
33	82	-1	0
82	58	-1	0
58	75	-1	0
75	64	-1	0
64	25	-1	0
25	2	-1	0
2	38	-1	0
38	3	-1	0
3	44	-1	0
44	24	-1	0
24	98	-1	0
98	7	-1	0
7	83	-1	0
83	26	-1	0
26	34	-1	0
34	74	-1	0
74	94	-1	0
94	29	-1	0
29	0	-1	0
