/* Number of Operations */
500
/* List of Operations. */
/* Start	End	Fly	#Internal	Locations...*/
0	306	-1	0
306	52	-1	0
52	302	-1	0
302	99	-1	0
99	242	-1	0
242	35	-1	0
35	220	-1	0
220	307	-1	0
307	341	-1	0
341	254	-1	0
254	435	-1	0
435	34	-1	0
34	413	-1	0
413	470	-1	0
470	425	-1	0
425	476	-1	0
476	91	-1	0
91	184	-1	0
184	253	-1	0
253	467	-1	0
467	215	-1	0
215	203	-1	0
203	23	-1	0
23	487	-1	0
487	259	-1	0
259	275	-1	0
275	395	-1	0
395	30	-1	0
30	396	-1	0
396	255	-1	0
255	82	-1	0
82	350	-1	0
350	321	-1	0
321	165	-1	0
165	197	-1	0
197	150	-1	0
150	472	-1	0
472	339	-1	0
339	229	-1	0
229	166	-1	0
166	156	-1	0
156	477	-1	0
477	192	-1	0
192	158	-1	0
158	386	-1	0
386	464	-1	0
464	65	-1	0
65	127	-1	0
127	71	-1	0
71	343	-1	0
343	388	-1	0
388	230	-1	0
230	41	-1	0
41	46	-1	0
46	342	-1	0
342	208	-1	0
208	394	-1	0
394	334	-1	0
334	4	-1	0
4	128	-1	0
128	5	-1	0
5	81	-1	0
81	160	-1	0
160	159	-1	0
159	214	-1	0
214	358	-1	0
358	140	-1	0
140	493	-1	0
493	249	-1	0
249	56	-1	0
56	430	-1	0
430	200	-1	0
200	304	-1	0
304	344	-1	0
344	135	-1	0
135	495	-1	0
495	98	-1	0
98	466	-1	0
466	60	-1	0
60	345	-1	0
345	154	-1	0
154	124	-1	0
124	377	-1	0
377	174	-1	0
174	462	-1	0
462	190	-1	0
190	309	-1	0
309	496	-1	0
496	401	-1	0
401	90	-1	0
90	436	-1	0
436	223	-1	0
223	355	-1	0
355	134	-1	0
134	280	-1	0
280	20	-1	0
20	236	-1	0
236	421	-1	0
421	191	-1	0
191	499	-1	0
499	314	-1	0
314	188	-1	0
188	412	-1	0
412	340	-1	0
340	33	-1	0
33	187	-1	0
187	147	-1	0
147	205	-1	0
205	234	-1	0
234	47	-1	0
47	270	-1	0
270	217	-1	0
217	235	-1	0
235	366	-1	0
366	241	-1	0
241	164	-1	0
164	163	-1	0
163	381	-1	0
381	454	-1	0
454	431	-1	0
431	322	-1	0
322	446	-1	0
446	286	-1	0
286	282	-1	0
282	36	-1	0
36	125	-1	0
125	420	-1	0
420	243	-1	0
243	250	-1	0
250	264	-1	0
264	74	-1	0
74	460	-1	0
460	146	-1	0
146	183	-1	0
183	432	-1	0
432	323	-1	0
323	391	-1	0
391	63	-1	0
63	76	-1	0
76	317	-1	0
317	441	-1	0
441	186	-1	0
186	311	-1	0
311	369	-1	0
369	360	-1	0
360	261	-1	0
261	44	-1	0
44	268	-1	0
268	228	-1	0
228	237	-1	0
237	171	-1	0
171	303	-1	0
303	104	-1	0
104	393	-1	0
393	492	-1	0
492	336	-1	0
336	75	-1	0
75	444	-1	0
444	59	-1	0
59	129	-1	0
129	318	-1	0
318	409	-1	0
409	325	-1	0
325	473	-1	0
473	274	-1	0
274	397	-1	0
397	357	-1	0
357	175	-1	0
175	245	-1	0
245	295	-1	0
295	173	-1	0
173	469	-1	0
469	12	-1	0
12	216	-1	0
216	73	-1	0
73	333	-1	0
333	67	-1	0
67	10	-1	0
10	351	-1	0
351	407	-1	0
407	335	-1	0
335	359	-1	0
359	328	-1	0
328	112	-1	0
112	179	-1	0
179	491	-1	0
491	443	-1	0
443	207	-1	0
207	422	-1	0
422	313	-1	0
313	361	-1	0
361	101	-1	0
101	189	-1	0
189	416	-1	0
416	400	-1	0
400	119	-1	0
119	392	-1	0
392	123	-1	0
123	26	-1	0
26	368	-1	0
368	66	-1	0
66	118	-1	0
118	374	-1	0
374	151	-1	0
151	494	-1	0
494	439	-1	0
439	72	-1	0
72	116	-1	0
116	427	-1	0
427	50	-1	0
50	263	-1	0
263	251	-1	0
251	408	-1	0
408	269	-1	0
269	252	-1	0
252	262	-1	0
262	40	-1	0
40	204	-1	0
204	437	-1	0
437	137	-1	0
137	210	-1	0
210	136	-1	0
136	365	-1	0
365	94	-1	0
94	198	-1	0
198	138	-1	0
138	320	-1	0
320	291	-1	0
291	324	-1	0
324	329	-1	0
329	16	-1	0
16	406	-1	0
406	141	-1	0
141	379	-1	0
379	64	-1	0
64	70	-1	0
70	102	-1	0
102	272	-1	0
272	284	-1	0
284	182	-1	0
182	363	-1	0
363	428	-1	0
428	385	-1	0
385	19	-1	0
19	405	-1	0
405	327	-1	0
327	32	-1	0
32	152	-1	0
152	453	-1	0
453	96	-1	0
96	449	-1	0
449	185	-1	0
185	260	-1	0
260	196	-1	0
196	51	-1	0
51	213	-1	0
213	265	-1	0
265	206	-1	0
206	293	-1	0
293	287	-1	0
287	414	-1	0
414	296	-1	0
296	38	-1	0
38	258	-1	0
258	474	-1	0
474	9	-1	0
9	55	-1	0
55	354	-1	0
354	142	-1	0
142	227	-1	0
227	486	-1	0
486	349	-1	0
349	224	-1	0
224	114	-1	0
114	338	-1	0
338	483	-1	0
483	353	-1	0
353	383	-1	0
383	39	-1	0
39	434	-1	0
434	145	-1	0
145	88	-1	0
88	68	-1	0
68	471	-1	0
471	418	-1	0
418	169	-1	0
169	31	-1	0
31	356	-1	0
356	194	-1	0
194	219	-1	0
219	305	-1	0
305	450	-1	0
450	153	-1	0
153	106	-1	0
106	352	-1	0
352	117	-1	0
117	195	-1	0
195	485	-1	0
485	403	-1	0
403	161	-1	0
161	289	-1	0
289	18	-1	0
18	113	-1	0
113	93	-1	0
93	271	-1	0
271	108	-1	0
108	490	-1	0
490	300	-1	0
300	240	-1	0
240	481	-1	0
481	83	-1	0
83	319	-1	0
319	367	-1	0
367	326	-1	0
326	316	-1	0
316	92	-1	0
92	27	-1	0
27	48	-1	0
48	376	-1	0
376	115	-1	0
115	57	-1	0
57	404	-1	0
404	21	-1	0
21	373	-1	0
373	17	-1	0
17	199	-1	0
199	480	-1	0
480	172	-1	0
172	177	-1	0
177	290	-1	0
290	468	-1	0
468	387	-1	0
387	54	-1	0
54	273	-1	0
273	384	-1	0
384	417	-1	0
417	43	-1	0
43	232	-1	0
232	69	-1	0
69	222	-1	0
222	348	-1	0
348	24	-1	0
24	155	-1	0
155	89	-1	0
89	144	-1	0
144	292	-1	0
292	285	-1	0
285	168	-1	0
168	218	-1	0
218	267	-1	0
267	233	-1	0
233	410	-1	0
410	390	-1	0
390	497	-1	0
497	330	-1	0
330	107	-1	0
107	415	-1	0
415	109	-1	0
109	455	-1	0
455	148	-1	0
148	49	-1	0
49	456	-1	0
456	332	-1	0
332	310	-1	0
310	475	-1	0
475	37	-1	0
37	312	-1	0
312	105	-1	0
105	14	-1	0
14	337	-1	0
337	389	-1	0
389	132	-1	0
132	398	-1	0
398	479	-1	0
479	461	-1	0
461	15	-1	0
15	11	-1	0
11	266	-1	0
266	256	-1	0
256	399	-1	0
399	202	-1	0
202	419	-1	0
419	448	-1	0
448	488	-1	0
488	445	-1	0
445	402	-1	0
402	372	-1	0
372	120	-1	0
120	411	-1	0
411	423	-1	0
423	315	-1	0
315	1	-1	0
1	299	-1	0
299	457	-1	0
457	231	-1	0
231	362	-1	0
362	301	-1	0
301	382	-1	0
382	58	-1	0
58	131	-1	0
131	347	-1	0
347	149	-1	0
149	139	-1	0
139	25	-1	0
25	452	-1	0
452	8	-1	0
8	2	-1	0
2	248	-1	0
248	424	-1	0
424	78	-1	0
78	281	-1	0
281	122	-1	0
122	13	-1	0
13	288	-1	0
288	370	-1	0
370	126	-1	0
126	246	-1	0
246	247	-1	0
247	111	-1	0
111	178	-1	0
178	193	-1	0
193	239	-1	0
239	298	-1	0
298	459	-1	0
459	451	-1	0
451	143	-1	0
143	375	-1	0
375	426	-1	0
426	167	-1	0
167	458	-1	0
458	7	-1	0
7	162	-1	0
162	170	-1	0
170	278	-1	0
278	6	-1	0
6	181	-1	0
181	442	-1	0
442	87	-1	0
87	211	-1	0
211	277	-1	0
277	463	-1	0
463	346	-1	0
346	212	-1	0
212	257	-1	0
257	308	-1	0
308	447	-1	0
447	77	-1	0
77	429	-1	0
429	225	-1	0
225	130	-1	0
130	209	-1	0
209	53	-1	0
53	84	-1	0
84	489	-1	0
489	378	-1	0
378	42	-1	0
42	244	-1	0
244	294	-1	0
294	3	-1	0
3	380	-1	0
380	62	-1	0
62	433	-1	0
433	157	-1	0
157	100	-1	0
100	484	-1	0
484	201	-1	0
201	440	-1	0
440	371	-1	0
371	86	-1	0
86	180	-1	0
180	28	-1	0
28	121	-1	0
121	465	-1	0
465	482	-1	0
482	176	-1	0
176	364	-1	0
364	238	-1	0
238	61	-1	0
61	103	-1	0
103	79	-1	0
79	279	-1	0
279	97	-1	0
97	438	-1	0
438	95	-1	0
95	331	-1	0
331	80	-1	0
80	45	-1	0
45	276	-1	0
276	221	-1	0
221	478	-1	0
478	498	-1	0
498	133	-1	0
133	22	-1	0
22	29	-1	0
29	283	-1	0
283	110	-1	0
110	297	-1	0
297	85	-1	0
85	226	-1	0
226	0	-1	0
