/* Number of Operations */
375
/* List of Operations. */
/* Start	End	Fly	#Internal	Locations...*/
0	148	-1	0
148	186	-1	0
186	143	-1	0
143	131	-1	0
131	42	-1	0
42	20	-1	0
20	77	-1	0
77	238	-1	0
238	72	-1	0
72	144	-1	0
144	280	-1	0
280	121	-1	0
121	32	-1	0
32	83	-1	0
83	302	-1	0
302	74	-1	0
74	199	-1	0
199	363	-1	0
363	355	-1	0
355	94	-1	0
94	340	-1	0
340	183	-1	0
183	19	-1	0
19	106	-1	0
106	28	-1	0
28	174	-1	0
174	333	-1	0
333	188	-1	0
188	164	-1	0
164	266	-1	0
266	145	-1	0
145	48	-1	0
48	141	-1	0
141	189	-1	0
189	240	-1	0
240	39	-1	0
39	140	-1	0
140	224	-1	0
224	217	-1	0
217	191	-1	0
191	61	-1	0
61	38	-1	0
38	241	-1	0
241	244	-1	0
244	53	-1	0
53	354	-1	0
354	178	-1	0
178	137	-1	0
137	156	-1	0
156	371	-1	0
371	27	-1	0
27	67	-1	0
67	122	-1	0
122	99	-1	0
99	51	-1	0
51	123	-1	0
123	107	-1	0
107	16	-1	0
16	307	-1	0
307	229	-1	0
229	250	-1	0
250	151	-1	0
151	231	-1	0
231	76	-1	0
76	305	-1	0
305	152	-1	0
152	4	-1	0
4	171	-1	0
171	180	-1	0
180	80	-1	0
80	361	-1	0
361	341	-1	0
341	261	-1	0
261	209	-1	0
209	330	-1	0
330	319	-1	0
319	167	-1	0
167	146	-1	0
146	166	-1	0
166	116	-1	0
116	198	-1	0
198	102	-1	0
102	357	-1	0
357	366	-1	0
366	37	-1	0
37	317	-1	0
317	100	-1	0
100	129	-1	0
129	316	-1	0
316	163	-1	0
163	284	-1	0
284	150	-1	0
150	306	-1	0
306	23	-1	0
23	7	-1	0
7	13	-1	0
13	168	-1	0
168	169	-1	0
169	153	-1	0
153	265	-1	0
265	287	-1	0
287	101	-1	0
101	46	-1	0
46	321	-1	0
321	228	-1	0
228	348	-1	0
348	197	-1	0
197	343	-1	0
343	322	-1	0
322	233	-1	0
233	160	-1	0
160	12	-1	0
12	35	-1	0
35	315	-1	0
315	29	-1	0
29	364	-1	0
364	162	-1	0
162	365	-1	0
365	155	-1	0
155	177	-1	0
177	134	-1	0
134	14	-1	0
14	314	-1	0
314	312	-1	0
312	98	-1	0
98	351	-1	0
351	267	-1	0
267	336	-1	0
336	50	-1	0
50	310	-1	0
310	147	-1	0
147	324	-1	0
324	56	-1	0
56	60	-1	0
60	196	-1	0
196	286	-1	0
286	21	-1	0
21	81	-1	0
81	313	-1	0
313	236	-1	0
236	93	-1	0
93	135	-1	0
135	304	-1	0
304	90	-1	0
90	234	-1	0
234	41	-1	0
41	175	-1	0
175	262	-1	0
262	242	-1	0
242	15	-1	0
15	218	-1	0
218	281	-1	0
281	44	-1	0
44	142	-1	0
142	132	-1	0
132	78	-1	0
78	25	-1	0
25	349	-1	0
349	193	-1	0
193	342	-1	0
342	207	-1	0
207	356	-1	0
356	149	-1	0
149	222	-1	0
222	57	-1	0
57	130	-1	0
130	201	-1	0
201	10	-1	0
10	300	-1	0
300	92	-1	0
92	246	-1	0
246	34	-1	0
34	345	-1	0
345	125	-1	0
125	283	-1	0
283	212	-1	0
212	308	-1	0
308	272	-1	0
272	64	-1	0
64	323	-1	0
323	59	-1	0
59	255	-1	0
255	112	-1	0
112	117	-1	0
117	329	-1	0
329	279	-1	0
279	30	-1	0
30	18	-1	0
18	360	-1	0
360	263	-1	0
263	176	-1	0
176	165	-1	0
165	260	-1	0
260	237	-1	0
237	31	-1	0
31	200	-1	0
200	353	-1	0
353	334	-1	0
334	1	-1	0
1	296	-1	0
296	294	-1	0
294	138	-1	0
138	208	-1	0
208	223	-1	0
223	235	-1	0
235	73	-1	0
73	264	-1	0
264	295	-1	0
295	328	-1	0
328	119	-1	0
119	133	-1	0
133	374	-1	0
374	43	-1	0
43	373	-1	0
373	8	-1	0
8	103	-1	0
103	69	-1	0
69	157	-1	0
157	352	-1	0
352	71	-1	0
71	213	-1	0
213	185	-1	0
185	84	-1	0
84	270	-1	0
270	309	-1	0
309	290	-1	0
290	358	-1	0
358	252	-1	0
252	126	-1	0
126	33	-1	0
33	370	-1	0
370	65	-1	0
65	139	-1	0
139	282	-1	0
282	154	-1	0
154	251	-1	0
251	257	-1	0
257	347	-1	0
347	128	-1	0
128	179	-1	0
179	346	-1	0
346	367	-1	0
367	70	-1	0
70	247	-1	0
247	49	-1	0
49	327	-1	0
327	58	-1	0
58	124	-1	0
124	66	-1	0
66	297	-1	0
297	5	-1	0
5	86	-1	0
86	368	-1	0
368	68	-1	0
68	350	-1	0
350	181	-1	0
181	362	-1	0
362	369	-1	0
369	6	-1	0
6	230	-1	0
230	359	-1	0
359	136	-1	0
136	195	-1	0
195	204	-1	0
204	215	-1	0
215	95	-1	0
95	52	-1	0
52	206	-1	0
206	9	-1	0
9	187	-1	0
187	232	-1	0
232	277	-1	0
277	111	-1	0
111	254	-1	0
254	113	-1	0
113	311	-1	0
311	226	-1	0
226	97	-1	0
97	291	-1	0
291	88	-1	0
88	170	-1	0
170	269	-1	0
269	55	-1	0
55	26	-1	0
26	227	-1	0
227	192	-1	0
192	326	-1	0
326	190	-1	0
190	273	-1	0
273	11	-1	0
11	285	-1	0
285	335	-1	0
335	182	-1	0
182	268	-1	0
268	339	-1	0
339	161	-1	0
161	87	-1	0
87	344	-1	0
344	75	-1	0
75	318	-1	0
318	24	-1	0
24	243	-1	0
243	216	-1	0
216	108	-1	0
108	194	-1	0
194	17	-1	0
17	203	-1	0
203	104	-1	0
104	220	-1	0
220	22	-1	0
22	62	-1	0
62	172	-1	0
172	63	-1	0
63	253	-1	0
253	211	-1	0
211	115	-1	0
115	82	-1	0
82	303	-1	0
303	120	-1	0
120	248	-1	0
248	54	-1	0
54	301	-1	0
301	293	-1	0
293	36	-1	0
36	337	-1	0
337	127	-1	0
127	275	-1	0
275	276	-1	0
276	202	-1	0
202	210	-1	0
210	45	-1	0
45	298	-1	0
298	96	-1	0
96	288	-1	0
288	205	-1	0
205	40	-1	0
40	372	-1	0
372	259	-1	0
259	91	-1	0
91	47	-1	0
47	239	-1	0
239	109	-1	0
109	173	-1	0
173	79	-1	0
79	299	-1	0
299	159	-1	0
159	245	-1	0
245	3	-1	0
3	110	-1	0
110	184	-1	0
184	256	-1	0
256	2	-1	0
2	271	-1	0
271	249	-1	0
249	118	-1	0
118	214	-1	0
214	219	-1	0
219	274	-1	0
274	289	-1	0
289	89	-1	0
89	292	-1	0
292	332	-1	0
332	158	-1	0
158	225	-1	0
225	258	-1	0
258	325	-1	0
325	331	-1	0
331	278	-1	0
278	338	-1	0
338	85	-1	0
85	105	-1	0
105	320	-1	0
320	221	-1	0
221	114	-1	0
114	0	-1	0
