/* Number of Operations */
250
/* List of Operations. */
/* Start	End	Fly	#Internal	Locations...*/
0	79	-1	0
79	126	-1	0
126	38	-1	0
38	97	-1	0
97	119	-1	0
119	232	-1	0
232	154	-1	0
154	144	-1	0
144	59	-1	0
59	25	-1	0
25	145	-1	0
145	28	-1	0
28	121	-1	0
121	165	-1	0
165	149	-1	0
149	210	-1	0
210	6	-1	0
6	204	-1	0
204	215	-1	0
215	216	-1	0
216	249	-1	0
249	161	-1	0
161	191	-1	0
191	22	-1	0
22	120	-1	0
120	77	-1	0
77	80	-1	0
80	5	-1	0
5	192	-1	0
192	107	-1	0
107	101	-1	0
101	12	-1	0
12	231	-1	0
231	163	-1	0
163	61	-1	0
61	203	-1	0
203	98	-1	0
98	106	-1	0
106	15	-1	0
15	167	-1	0
167	188	-1	0
188	195	-1	0
195	34	-1	0
34	175	-1	0
175	89	-1	0
89	14	-1	0
14	76	-1	0
76	153	-1	0
153	218	-1	0
218	155	-1	0
155	43	-1	0
43	60	-1	0
60	50	-1	0
50	246	-1	0
246	32	-1	0
32	49	-1	0
49	99	-1	0
99	213	-1	0
213	196	-1	0
196	123	-1	0
123	178	-1	0
178	96	-1	0
96	173	-1	0
173	229	-1	0
229	112	-1	0
112	116	-1	0
116	168	-1	0
168	75	-1	0
75	217	-1	0
217	139	-1	0
139	135	-1	0
135	51	-1	0
51	58	-1	0
58	241	-1	0
241	150	-1	0
150	235	-1	0
235	85	-1	0
85	159	-1	0
159	170	-1	0
170	48	-1	0
48	156	-1	0
156	8	-1	0
8	20	-1	0
20	71	-1	0
71	142	-1	0
142	92	-1	0
92	102	-1	0
102	233	-1	0
233	65	-1	0
65	211	-1	0
211	46	-1	0
46	200	-1	0
200	45	-1	0
45	143	-1	0
143	33	-1	0
33	47	-1	0
47	18	-1	0
18	151	-1	0
151	39	-1	0
39	190	-1	0
190	197	-1	0
197	193	-1	0
193	35	-1	0
35	73	-1	0
73	169	-1	0
169	225	-1	0
225	4	-1	0
4	82	-1	0
82	239	-1	0
239	247	-1	0
247	7	-1	0
7	86	-1	0
86	118	-1	0
118	130	-1	0
130	17	-1	0
17	158	-1	0
158	237	-1	0
237	205	-1	0
205	186	-1	0
186	64	-1	0
64	117	-1	0
117	230	-1	0
230	146	-1	0
146	115	-1	0
115	95	-1	0
95	160	-1	0
160	66	-1	0
66	105	-1	0
105	74	-1	0
74	245	-1	0
245	109	-1	0
109	70	-1	0
70	42	-1	0
42	140	-1	0
140	44	-1	0
44	1	-1	0
1	19	-1	0
19	181	-1	0
181	87	-1	0
87	114	-1	0
114	108	-1	0
108	24	-1	0
24	131	-1	0
131	182	-1	0
182	194	-1	0
194	21	-1	0
21	199	-1	0
199	68	-1	0
68	141	-1	0
141	240	-1	0
240	198	-1	0
198	103	-1	0
103	81	-1	0
81	63	-1	0
63	189	-1	0
189	147	-1	0
147	16	-1	0
16	166	-1	0
166	30	-1	0
30	23	-1	0
23	3	-1	0
3	13	-1	0
13	220	-1	0
220	128	-1	0
128	90	-1	0
90	37	-1	0
37	40	-1	0
40	124	-1	0
124	104	-1	0
104	91	-1	0
91	174	-1	0
174	184	-1	0
184	83	-1	0
83	94	-1	0
94	69	-1	0
69	100	-1	0
100	212	-1	0
212	202	-1	0
202	57	-1	0
57	238	-1	0
238	244	-1	0
244	88	-1	0
88	221	-1	0
221	129	-1	0
129	137	-1	0
137	180	-1	0
180	78	-1	0
78	54	-1	0
54	132	-1	0
132	201	-1	0
201	248	-1	0
248	36	-1	0
36	183	-1	0
183	152	-1	0
152	185	-1	0
185	133	-1	0
133	26	-1	0
26	136	-1	0
136	52	-1	0
52	236	-1	0
236	125	-1	0
125	110	-1	0
110	55	-1	0
55	208	-1	0
208	84	-1	0
84	164	-1	0
164	228	-1	0
228	62	-1	0
62	226	-1	0
226	9	-1	0
9	224	-1	0
224	206	-1	0
206	56	-1	0
56	227	-1	0
227	162	-1	0
162	93	-1	0
93	243	-1	0
243	113	-1	0
113	41	-1	0
41	127	-1	0
127	72	-1	0
72	234	-1	0
234	138	-1	0
138	171	-1	0
171	172	-1	0
172	187	-1	0
187	176	-1	0
176	53	-1	0
53	214	-1	0
214	242	-1	0
242	179	-1	0
179	2	-1	0
2	122	-1	0
122	10	-1	0
10	222	-1	0
222	11	-1	0
11	27	-1	0
27	134	-1	0
134	31	-1	0
31	148	-1	0
148	157	-1	0
157	207	-1	0
207	223	-1	0
223	209	-1	0
209	67	-1	0
67	219	-1	0
219	111	-1	0
111	177	-1	0
177	29	-1	0
29	0	-1	0
