/* Number of Operations */
175
/* List of Operations. */
/* Start	End	Fly	#Internal	Locations...*/
0	88	-1	0
88	79	-1	0
79	59	-1	0
59	19	-1	0
19	70	-1	0
70	10	-1	0
10	101	-1	0
101	28	-1	0
28	94	-1	0
94	102	-1	0
102	44	-1	0
44	128	-1	0
128	23	-1	0
23	32	-1	0
32	40	-1	0
40	98	-1	0
98	153	-1	0
153	56	-1	0
56	89	-1	0
89	37	-1	0
37	146	-1	0
146	36	-1	0
36	78	-1	0
78	42	-1	0
42	60	-1	0
60	169	-1	0
169	110	-1	0
110	155	-1	0
155	156	-1	0
156	168	-1	0
168	82	-1	0
82	49	-1	0
49	61	-1	0
61	135	-1	0
135	164	-1	0
164	166	-1	0
166	71	-1	0
71	87	-1	0
87	66	-1	0
66	104	-1	0
104	31	-1	0
31	123	-1	0
123	8	-1	0
8	99	-1	0
99	171	-1	0
171	18	-1	0
18	116	-1	0
116	106	-1	0
106	52	-1	0
52	167	-1	0
167	15	-1	0
15	149	-1	0
149	64	-1	0
64	67	-1	0
67	109	-1	0
109	55	-1	0
55	170	-1	0
170	34	-1	0
34	30	-1	0
30	121	-1	0
121	24	-1	0
24	72	-1	0
72	108	-1	0
108	50	-1	0
50	125	-1	0
125	126	-1	0
126	145	-1	0
145	154	-1	0
154	54	-1	0
54	74	-1	0
74	11	-1	0
11	47	-1	0
47	112	-1	0
112	124	-1	0
124	137	-1	0
137	103	-1	0
103	129	-1	0
129	151	-1	0
151	136	-1	0
136	3	-1	0
3	9	-1	0
9	134	-1	0
134	142	-1	0
142	143	-1	0
143	127	-1	0
127	20	-1	0
20	75	-1	0
75	174	-1	0
174	5	-1	0
5	91	-1	0
91	86	-1	0
86	33	-1	0
33	38	-1	0
38	85	-1	0
85	62	-1	0
62	144	-1	0
144	29	-1	0
29	69	-1	0
69	26	-1	0
26	161	-1	0
161	4	-1	0
4	139	-1	0
139	150	-1	0
150	100	-1	0
100	7	-1	0
7	39	-1	0
39	113	-1	0
113	53	-1	0
53	147	-1	0
147	83	-1	0
83	14	-1	0
14	21	-1	0
21	65	-1	0
65	132	-1	0
132	63	-1	0
63	46	-1	0
46	118	-1	0
118	92	-1	0
92	133	-1	0
133	84	-1	0
84	158	-1	0
158	58	-1	0
58	159	-1	0
159	45	-1	0
45	131	-1	0
131	43	-1	0
43	77	-1	0
77	17	-1	0
17	107	-1	0
107	93	-1	0
93	172	-1	0
172	76	-1	0
76	90	-1	0
90	140	-1	0
140	120	-1	0
120	141	-1	0
141	41	-1	0
41	1	-1	0
1	96	-1	0
96	73	-1	0
73	81	-1	0
81	97	-1	0
97	25	-1	0
25	130	-1	0
130	111	-1	0
111	152	-1	0
152	27	-1	0
27	12	-1	0
12	35	-1	0
35	165	-1	0
165	114	-1	0
114	13	-1	0
13	163	-1	0
163	115	-1	0
115	22	-1	0
22	119	-1	0
119	138	-1	0
138	162	-1	0
162	148	-1	0
148	2	-1	0
2	80	-1	0
80	157	-1	0
157	68	-1	0
68	173	-1	0
173	48	-1	0
48	95	-1	0
95	57	-1	0
57	6	-1	0
6	51	-1	0
51	16	-1	0
16	105	-1	0
105	117	-1	0
117	160	-1	0
160	122	-1	0
122	0	-1	0
