/* Number of Operations */
250
/* List of Operations. */
/* Start	End	Fly	#Internal	Locations...*/
0	119	-1	0
119	141	-1	0
141	39	-1	0
39	120	-1	0
120	26	-1	0
26	216	-1	0
216	234	-1	0
234	84	-1	0
84	72	-1	0
72	200	-1	0
200	145	-1	0
145	96	-1	0
96	38	-1	0
38	5	-1	0
5	209	-1	0
209	163	-1	0
163	192	-1	0
192	196	-1	0
196	98	-1	0
98	103	-1	0
103	161	-1	0
161	29	-1	0
29	237	-1	0
237	81	-1	0
81	126	-1	0
126	75	-1	0
75	134	-1	0
134	146	-1	0
146	189	-1	0
189	162	-1	0
162	183	-1	0
183	28	-1	0
28	9	-1	0
9	214	-1	0
214	233	-1	0
233	222	-1	0
222	11	-1	0
11	111	-1	0
111	47	-1	0
47	113	-1	0
113	173	-1	0
173	40	-1	0
40	64	-1	0
64	140	-1	0
140	94	-1	0
94	165	-1	0
165	85	-1	0
85	27	-1	0
27	121	-1	0
121	110	-1	0
110	78	-1	0
78	116	-1	0
116	219	-1	0
219	34	-1	0
34	180	-1	0
180	41	-1	0
41	137	-1	0
137	123	-1	0
123	130	-1	0
130	154	-1	0
154	58	-1	0
58	207	-1	0
207	136	-1	0
136	57	-1	0
57	79	-1	0
79	77	-1	0
77	97	-1	0
97	2	-1	0
2	91	-1	0
91	135	-1	0
135	18	-1	0
18	184	-1	0
184	86	-1	0
86	158	-1	0
158	122	-1	0
122	231	-1	0
231	3	-1	0
3	63	-1	0
63	199	-1	0
199	152	-1	0
152	227	-1	0
227	225	-1	0
225	49	-1	0
49	244	-1	0
244	247	-1	0
247	4	-1	0
4	46	-1	0
46	235	-1	0
235	195	-1	0
195	159	-1	0
159	208	-1	0
208	117	-1	0
117	37	-1	0
37	167	-1	0
167	248	-1	0
248	139	-1	0
139	176	-1	0
176	217	-1	0
217	66	-1	0
66	155	-1	0
155	6	-1	0
6	61	-1	0
61	188	-1	0
188	109	-1	0
109	31	-1	0
31	114	-1	0
114	185	-1	0
185	92	-1	0
92	223	-1	0
223	182	-1	0
182	144	-1	0
144	65	-1	0
65	14	-1	0
14	24	-1	0
24	236	-1	0
236	177	-1	0
177	44	-1	0
44	138	-1	0
138	33	-1	0
33	23	-1	0
23	127	-1	0
127	90	-1	0
90	42	-1	0
42	108	-1	0
108	186	-1	0
186	118	-1	0
118	69	-1	0
69	45	-1	0
45	149	-1	0
149	142	-1	0
142	206	-1	0
206	164	-1	0
164	212	-1	0
212	105	-1	0
105	87	-1	0
87	190	-1	0
190	210	-1	0
210	230	-1	0
230	147	-1	0
147	218	-1	0
218	13	-1	0
13	201	-1	0
201	10	-1	0
10	143	-1	0
143	204	-1	0
204	243	-1	0
243	205	-1	0
205	101	-1	0
101	67	-1	0
67	17	-1	0
17	168	-1	0
168	82	-1	0
82	238	-1	0
238	112	-1	0
112	100	-1	0
100	169	-1	0
169	56	-1	0
56	166	-1	0
166	106	-1	0
106	174	-1	0
174	156	-1	0
156	181	-1	0
181	76	-1	0
76	80	-1	0
80	1	-1	0
1	160	-1	0
160	150	-1	0
150	157	-1	0
157	172	-1	0
172	187	-1	0
187	21	-1	0
21	170	-1	0
170	88	-1	0
88	71	-1	0
71	107	-1	0
107	175	-1	0
175	55	-1	0
55	131	-1	0
131	70	-1	0
70	32	-1	0
32	242	-1	0
242	25	-1	0
25	115	-1	0
115	73	-1	0
73	193	-1	0
193	51	-1	0
51	74	-1	0
74	194	-1	0
194	54	-1	0
54	153	-1	0
153	129	-1	0
129	93	-1	0
93	213	-1	0
213	43	-1	0
43	50	-1	0
50	221	-1	0
221	8	-1	0
8	68	-1	0
68	22	-1	0
22	132	-1	0
132	99	-1	0
99	16	-1	0
16	203	-1	0
203	53	-1	0
53	30	-1	0
30	224	-1	0
224	60	-1	0
60	220	-1	0
220	197	-1	0
197	19	-1	0
19	240	-1	0
240	59	-1	0
59	95	-1	0
95	229	-1	0
229	52	-1	0
52	246	-1	0
246	151	-1	0
151	198	-1	0
198	89	-1	0
89	104	-1	0
104	124	-1	0
124	12	-1	0
12	128	-1	0
128	35	-1	0
35	102	-1	0
102	48	-1	0
48	202	-1	0
202	245	-1	0
245	15	-1	0
15	191	-1	0
191	148	-1	0
148	133	-1	0
133	241	-1	0
241	226	-1	0
226	125	-1	0
125	7	-1	0
7	20	-1	0
20	83	-1	0
83	228	-1	0
228	232	-1	0
232	249	-1	0
249	239	-1	0
239	215	-1	0
215	179	-1	0
179	211	-1	0
211	62	-1	0
62	178	-1	0
178	36	-1	0
36	171	-1	0
171	0	-1	0
