/* Number of Operations */
250
/* List of Operations. */
/* Start	End	Fly	#Internal	Locations...*/
0	14	-1	0
14	190	-1	0
190	27	-1	0
27	62	-1	0
62	115	-1	0
115	187	-1	0
187	140	-1	0
140	245	-1	0
245	192	-1	0
192	7	-1	0
7	76	-1	0
76	142	-1	0
142	158	-1	0
158	90	-1	0
90	97	-1	0
97	209	-1	0
209	130	-1	0
130	23	-1	0
23	28	-1	0
28	170	-1	0
170	53	-1	0
53	33	-1	0
33	220	-1	0
220	13	-1	0
13	35	-1	0
35	101	-1	0
101	63	-1	0
63	74	-1	0
74	127	-1	0
127	81	-1	0
81	207	-1	0
207	233	-1	0
233	21	-1	0
21	183	-1	0
183	48	-1	0
48	40	-1	0
40	31	-1	0
31	173	-1	0
173	241	-1	0
241	4	-1	0
4	69	-1	0
69	151	-1	0
151	243	-1	0
243	184	-1	0
184	234	-1	0
234	46	-1	0
46	204	-1	0
204	109	-1	0
109	2	-1	0
2	205	-1	0
205	24	-1	0
24	166	-1	0
166	116	-1	0
116	99	-1	0
99	121	-1	0
121	98	-1	0
98	19	-1	0
19	211	-1	0
211	43	-1	0
43	191	-1	0
191	138	-1	0
138	124	-1	0
124	111	-1	0
111	242	-1	0
242	50	-1	0
50	83	-1	0
83	172	-1	0
172	228	-1	0
228	60	-1	0
60	217	-1	0
217	246	-1	0
246	175	-1	0
175	174	-1	0
174	88	-1	0
88	169	-1	0
169	235	-1	0
235	153	-1	0
153	206	-1	0
206	154	-1	0
154	72	-1	0
72	85	-1	0
85	64	-1	0
64	66	-1	0
66	185	-1	0
185	132	-1	0
132	135	-1	0
135	148	-1	0
148	189	-1	0
189	96	-1	0
96	247	-1	0
247	32	-1	0
32	218	-1	0
218	102	-1	0
102	196	-1	0
196	188	-1	0
188	208	-1	0
208	160	-1	0
160	165	-1	0
165	51	-1	0
51	240	-1	0
240	229	-1	0
229	226	-1	0
226	108	-1	0
108	112	-1	0
112	10	-1	0
10	239	-1	0
239	73	-1	0
73	146	-1	0
146	119	-1	0
119	70	-1	0
70	149	-1	0
149	3	-1	0
3	202	-1	0
202	26	-1	0
26	65	-1	0
65	200	-1	0
200	236	-1	0
236	6	-1	0
6	17	-1	0
17	86	-1	0
86	55	-1	0
55	230	-1	0
230	59	-1	0
59	215	-1	0
215	89	-1	0
89	117	-1	0
117	147	-1	0
147	213	-1	0
213	45	-1	0
45	181	-1	0
181	159	-1	0
159	152	-1	0
152	100	-1	0
100	71	-1	0
71	164	-1	0
164	1	-1	0
1	107	-1	0
107	219	-1	0
219	114	-1	0
114	68	-1	0
68	22	-1	0
22	37	-1	0
37	131	-1	0
131	29	-1	0
29	58	-1	0
58	123	-1	0
123	237	-1	0
237	238	-1	0
238	137	-1	0
137	203	-1	0
203	224	-1	0
224	126	-1	0
126	201	-1	0
201	145	-1	0
145	38	-1	0
38	222	-1	0
222	122	-1	0
122	77	-1	0
77	156	-1	0
156	171	-1	0
171	15	-1	0
15	110	-1	0
110	212	-1	0
212	161	-1	0
161	177	-1	0
177	93	-1	0
93	216	-1	0
216	11	-1	0
11	105	-1	0
105	41	-1	0
41	193	-1	0
193	128	-1	0
128	54	-1	0
54	195	-1	0
195	30	-1	0
30	92	-1	0
92	95	-1	0
95	182	-1	0
182	25	-1	0
25	57	-1	0
57	179	-1	0
179	52	-1	0
52	5	-1	0
5	157	-1	0
157	223	-1	0
223	143	-1	0
143	91	-1	0
91	20	-1	0
20	94	-1	0
94	133	-1	0
133	225	-1	0
225	214	-1	0
214	134	-1	0
134	106	-1	0
106	167	-1	0
167	244	-1	0
244	103	-1	0
103	79	-1	0
79	168	-1	0
168	34	-1	0
34	249	-1	0
249	18	-1	0
18	9	-1	0
9	194	-1	0
194	231	-1	0
231	180	-1	0
180	12	-1	0
12	8	-1	0
8	44	-1	0
44	210	-1	0
210	80	-1	0
80	67	-1	0
67	104	-1	0
104	120	-1	0
120	118	-1	0
118	176	-1	0
176	113	-1	0
113	129	-1	0
129	198	-1	0
198	163	-1	0
163	42	-1	0
42	178	-1	0
178	47	-1	0
47	144	-1	0
144	36	-1	0
36	82	-1	0
82	136	-1	0
136	16	-1	0
16	125	-1	0
125	248	-1	0
248	197	-1	0
197	78	-1	0
78	162	-1	0
162	221	-1	0
221	49	-1	0
49	141	-1	0
141	150	-1	0
150	186	-1	0
186	227	-1	0
227	61	-1	0
61	199	-1	0
199	87	-1	0
87	155	-1	0
155	84	-1	0
84	232	-1	0
232	139	-1	0
139	56	-1	0
56	39	-1	0
39	75	-1	0
75	0	-1	0
