/* Number of Operations */
50
/* List of Operations. */
/* Start	End	Fly	#Internal	Locations...*/
0	38	-1	0
38	44	-1	0
44	24	-1	0
24	23	-1	0
23	48	-1	0
48	47	-1	0
47	7	-1	0
7	11	-1	0
11	31	-1	0
31	19	-1	0
19	4	-1	0
4	25	-1	0
25	8	-1	0
8	43	-1	0
43	30	-1	0
30	1	-1	0
1	36	-1	0
36	49	-1	0
49	9	-1	0
9	26	-1	0
26	2	-1	0
2	37	-1	0
37	45	-1	0
45	14	-1	0
14	17	-1	0
17	32	-1	0
32	22	-1	0
22	42	-1	0
42	28	-1	0
28	27	-1	0
27	41	-1	0
41	3	-1	0
3	39	-1	0
39	20	-1	0
20	21	-1	0
21	13	-1	0
13	6	-1	0
6	33	-1	0
33	29	-1	0
29	46	-1	0
46	12	-1	0
12	34	-1	0
34	16	-1	0
16	35	-1	0
35	10	-1	0
10	18	-1	0
18	5	-1	0
5	40	-1	0
40	15	-1	0
15	0	-1	0
