/* Number of Operations */
50
/* List of Operations. */
/* Start	End	Fly	#Internal	Locations...*/
0	18	-1	0
18	14	-1	0
14	4	-1	0
4	19	-1	0
19	35	-1	0
35	28	-1	0
28	5	-1	0
5	22	-1	0
22	9	-1	0
9	1	-1	0
1	37	-1	0
37	20	-1	0
20	7	-1	0
7	8	-1	0
8	15	-1	0
15	29	-1	0
29	30	-1	0
30	41	-1	0
41	16	-1	0
16	49	-1	0
49	43	-1	0
43	11	-1	0
11	6	-1	0
6	24	-1	0
24	21	-1	0
21	31	-1	0
31	13	-1	0
13	46	-1	0
46	38	-1	0
38	36	-1	0
36	17	-1	0
17	32	-1	0
32	47	-1	0
47	3	-1	0
3	39	-1	0
39	27	-1	0
27	10	-1	0
10	12	-1	0
12	26	-1	0
26	33	-1	0
33	40	-1	0
40	45	-1	0
45	2	-1	0
2	42	-1	0
42	48	-1	0
48	25	-1	0
25	44	-1	0
44	34	-1	0
34	23	-1	0
23	0	-1	0
