/* Number of Operations */
250
/* List of Operations. */
/* Start	End	Fly	#Internal	Locations...*/
0	117	-1	0
117	127	-1	0
127	126	-1	0
126	180	-1	0
180	20	-1	0
20	155	-1	0
155	244	-1	0
244	114	-1	0
114	113	-1	0
113	77	-1	0
77	55	-1	0
55	169	-1	0
169	65	-1	0
65	199	-1	0
199	234	-1	0
234	222	-1	0
222	184	-1	0
184	130	-1	0
130	108	-1	0
108	52	-1	0
52	44	-1	0
44	197	-1	0
197	206	-1	0
206	99	-1	0
99	196	-1	0
196	154	-1	0
154	24	-1	0
24	124	-1	0
124	179	-1	0
179	170	-1	0
170	70	-1	0
70	17	-1	0
17	153	-1	0
153	164	-1	0
164	116	-1	0
116	41	-1	0
41	145	-1	0
145	73	-1	0
73	188	-1	0
188	163	-1	0
163	202	-1	0
202	33	-1	0
33	107	-1	0
107	96	-1	0
96	191	-1	0
191	239	-1	0
239	103	-1	0
103	243	-1	0
243	210	-1	0
210	132	-1	0
132	186	-1	0
186	143	-1	0
143	79	-1	0
79	204	-1	0
204	66	-1	0
66	238	-1	0
238	230	-1	0
230	72	-1	0
72	248	-1	0
248	195	-1	0
195	201	-1	0
201	90	-1	0
90	247	-1	0
247	10	-1	0
10	92	-1	0
92	69	-1	0
69	12	-1	0
12	36	-1	0
36	5	-1	0
5	185	-1	0
185	9	-1	0
9	136	-1	0
136	182	-1	0
182	228	-1	0
228	128	-1	0
128	193	-1	0
193	102	-1	0
102	46	-1	0
46	148	-1	0
148	84	-1	0
84	68	-1	0
68	135	-1	0
135	141	-1	0
141	118	-1	0
118	158	-1	0
158	60	-1	0
60	29	-1	0
29	249	-1	0
249	43	-1	0
43	133	-1	0
133	15	-1	0
15	142	-1	0
142	144	-1	0
144	137	-1	0
137	229	-1	0
229	87	-1	0
87	227	-1	0
227	78	-1	0
78	178	-1	0
178	134	-1	0
134	231	-1	0
231	40	-1	0
40	165	-1	0
165	16	-1	0
16	156	-1	0
156	38	-1	0
38	221	-1	0
221	7	-1	0
7	209	-1	0
209	226	-1	0
226	86	-1	0
86	80	-1	0
80	91	-1	0
91	54	-1	0
54	149	-1	0
149	150	-1	0
150	14	-1	0
14	8	-1	0
8	174	-1	0
174	146	-1	0
146	166	-1	0
166	211	-1	0
211	76	-1	0
76	45	-1	0
45	62	-1	0
62	32	-1	0
32	97	-1	0
97	26	-1	0
26	31	-1	0
31	111	-1	0
111	85	-1	0
85	2	-1	0
2	101	-1	0
101	19	-1	0
19	89	-1	0
89	173	-1	0
173	190	-1	0
190	74	-1	0
74	106	-1	0
106	138	-1	0
138	125	-1	0
125	61	-1	0
61	4	-1	0
4	181	-1	0
181	159	-1	0
159	13	-1	0
13	176	-1	0
176	3	-1	0
3	189	-1	0
189	100	-1	0
100	83	-1	0
83	131	-1	0
131	48	-1	0
48	214	-1	0
214	53	-1	0
53	21	-1	0
21	57	-1	0
57	213	-1	0
213	220	-1	0
220	203	-1	0
203	168	-1	0
168	151	-1	0
151	161	-1	0
161	109	-1	0
109	200	-1	0
200	22	-1	0
22	207	-1	0
207	56	-1	0
56	23	-1	0
23	241	-1	0
241	212	-1	0
212	98	-1	0
98	167	-1	0
167	162	-1	0
162	47	-1	0
47	1	-1	0
1	25	-1	0
25	50	-1	0
50	39	-1	0
39	63	-1	0
63	192	-1	0
192	28	-1	0
28	172	-1	0
172	198	-1	0
198	81	-1	0
81	240	-1	0
240	112	-1	0
112	205	-1	0
205	94	-1	0
94	217	-1	0
217	236	-1	0
236	95	-1	0
95	93	-1	0
93	51	-1	0
51	246	-1	0
246	49	-1	0
49	88	-1	0
88	71	-1	0
71	6	-1	0
6	82	-1	0
82	64	-1	0
64	232	-1	0
232	233	-1	0
233	235	-1	0
235	37	-1	0
37	104	-1	0
104	224	-1	0
224	105	-1	0
105	34	-1	0
34	59	-1	0
59	152	-1	0
152	18	-1	0
18	160	-1	0
160	245	-1	0
245	115	-1	0
115	120	-1	0
120	177	-1	0
177	119	-1	0
119	110	-1	0
110	75	-1	0
75	218	-1	0
218	187	-1	0
187	42	-1	0
42	140	-1	0
140	215	-1	0
215	27	-1	0
27	35	-1	0
35	223	-1	0
223	121	-1	0
121	67	-1	0
67	225	-1	0
225	147	-1	0
147	183	-1	0
183	122	-1	0
122	139	-1	0
139	216	-1	0
216	157	-1	0
157	11	-1	0
11	208	-1	0
208	129	-1	0
129	58	-1	0
58	242	-1	0
242	237	-1	0
237	219	-1	0
219	171	-1	0
171	30	-1	0
30	123	-1	0
123	194	-1	0
194	175	-1	0
175	0	-1	0
