/* Number of Operations */
250
/* List of Operations. */
/* Start	End	Fly	#Internal	Locations...*/
0	19	-1	0
19	71	-1	0
71	202	-1	0
202	218	-1	0
218	54	-1	0
54	171	-1	0
171	109	-1	0
109	14	-1	0
14	126	-1	0
126	199	-1	0
199	63	-1	0
63	188	-1	0
188	176	-1	0
176	141	-1	0
141	92	-1	0
92	40	-1	0
40	87	-1	0
87	234	-1	0
234	181	-1	0
181	246	-1	0
246	182	-1	0
182	114	-1	0
114	15	-1	0
15	149	-1	0
149	203	-1	0
203	103	-1	0
103	61	-1	0
61	220	-1	0
220	144	-1	0
144	208	-1	0
208	224	-1	0
224	6	-1	0
6	204	-1	0
204	90	-1	0
90	164	-1	0
164	154	-1	0
154	195	-1	0
195	20	-1	0
20	108	-1	0
108	211	-1	0
211	47	-1	0
47	50	-1	0
50	10	-1	0
10	184	-1	0
184	122	-1	0
122	129	-1	0
129	99	-1	0
99	104	-1	0
104	77	-1	0
77	159	-1	0
159	147	-1	0
147	222	-1	0
222	49	-1	0
49	242	-1	0
242	168	-1	0
168	167	-1	0
167	13	-1	0
13	189	-1	0
189	113	-1	0
113	57	-1	0
57	170	-1	0
170	110	-1	0
110	84	-1	0
84	79	-1	0
79	64	-1	0
64	55	-1	0
55	158	-1	0
158	53	-1	0
53	187	-1	0
187	94	-1	0
94	138	-1	0
138	2	-1	0
2	80	-1	0
80	219	-1	0
219	128	-1	0
128	153	-1	0
153	241	-1	0
241	247	-1	0
247	185	-1	0
185	86	-1	0
86	78	-1	0
78	58	-1	0
58	45	-1	0
45	96	-1	0
96	205	-1	0
205	238	-1	0
238	70	-1	0
70	48	-1	0
48	132	-1	0
132	201	-1	0
201	35	-1	0
35	240	-1	0
240	106	-1	0
106	62	-1	0
62	155	-1	0
155	31	-1	0
31	160	-1	0
160	73	-1	0
73	117	-1	0
117	216	-1	0
216	225	-1	0
225	85	-1	0
85	7	-1	0
7	123	-1	0
123	139	-1	0
139	93	-1	0
93	17	-1	0
17	178	-1	0
178	180	-1	0
180	60	-1	0
60	193	-1	0
193	29	-1	0
29	186	-1	0
186	46	-1	0
46	200	-1	0
200	175	-1	0
175	236	-1	0
236	97	-1	0
97	127	-1	0
127	248	-1	0
248	51	-1	0
51	150	-1	0
150	161	-1	0
161	169	-1	0
169	191	-1	0
191	146	-1	0
146	230	-1	0
230	217	-1	0
217	8	-1	0
8	221	-1	0
221	43	-1	0
43	140	-1	0
140	156	-1	0
156	143	-1	0
143	111	-1	0
111	9	-1	0
9	177	-1	0
177	130	-1	0
130	131	-1	0
131	226	-1	0
226	1	-1	0
1	165	-1	0
165	214	-1	0
214	125	-1	0
125	162	-1	0
162	52	-1	0
52	133	-1	0
133	28	-1	0
28	100	-1	0
100	213	-1	0
213	95	-1	0
95	112	-1	0
112	98	-1	0
98	120	-1	0
120	68	-1	0
68	18	-1	0
18	74	-1	0
74	229	-1	0
229	235	-1	0
235	42	-1	0
42	88	-1	0
88	34	-1	0
34	249	-1	0
249	207	-1	0
207	124	-1	0
124	135	-1	0
135	197	-1	0
197	81	-1	0
81	32	-1	0
32	27	-1	0
27	173	-1	0
173	30	-1	0
30	196	-1	0
196	233	-1	0
233	66	-1	0
66	183	-1	0
183	134	-1	0
134	16	-1	0
16	190	-1	0
190	107	-1	0
107	39	-1	0
39	23	-1	0
23	137	-1	0
137	232	-1	0
232	26	-1	0
26	152	-1	0
152	163	-1	0
163	56	-1	0
56	101	-1	0
101	239	-1	0
239	151	-1	0
151	148	-1	0
148	121	-1	0
121	65	-1	0
65	37	-1	0
37	243	-1	0
243	25	-1	0
25	38	-1	0
38	192	-1	0
192	44	-1	0
44	91	-1	0
91	36	-1	0
36	24	-1	0
24	115	-1	0
115	3	-1	0
3	194	-1	0
194	237	-1	0
237	41	-1	0
41	76	-1	0
76	69	-1	0
69	198	-1	0
198	174	-1	0
174	4	-1	0
4	206	-1	0
206	75	-1	0
75	228	-1	0
228	116	-1	0
116	227	-1	0
227	105	-1	0
105	210	-1	0
210	136	-1	0
136	11	-1	0
11	215	-1	0
215	5	-1	0
5	142	-1	0
142	209	-1	0
209	89	-1	0
89	223	-1	0
223	21	-1	0
21	145	-1	0
145	67	-1	0
67	179	-1	0
179	212	-1	0
212	33	-1	0
33	119	-1	0
119	82	-1	0
82	244	-1	0
244	231	-1	0
231	83	-1	0
83	245	-1	0
245	22	-1	0
22	12	-1	0
12	172	-1	0
172	118	-1	0
118	59	-1	0
59	72	-1	0
72	166	-1	0
166	157	-1	0
157	102	-1	0
102	0	-1	0
