/* Number of Operations */
375
/* List of Operations. */
/* Start	End	Fly	#Internal	Locations...*/
0	355	-1	0
355	129	-1	0
129	188	-1	0
188	6	-1	0
6	22	-1	0
22	102	-1	0
102	208	-1	0
208	169	-1	0
169	67	-1	0
67	361	-1	0
361	264	-1	0
264	345	-1	0
345	137	-1	0
137	204	-1	0
204	272	-1	0
272	58	-1	0
58	95	-1	0
95	155	-1	0
155	369	-1	0
369	3	-1	0
3	284	-1	0
284	170	-1	0
170	325	-1	0
325	286	-1	0
286	49	-1	0
49	276	-1	0
276	143	-1	0
143	306	-1	0
306	343	-1	0
343	157	-1	0
157	38	-1	0
38	150	-1	0
150	240	-1	0
240	147	-1	0
147	54	-1	0
54	291	-1	0
291	15	-1	0
15	199	-1	0
199	304	-1	0
304	368	-1	0
368	86	-1	0
86	65	-1	0
65	295	-1	0
295	338	-1	0
338	50	-1	0
50	213	-1	0
213	177	-1	0
177	35	-1	0
35	48	-1	0
48	109	-1	0
109	121	-1	0
121	367	-1	0
367	27	-1	0
27	107	-1	0
107	164	-1	0
164	19	-1	0
19	111	-1	0
111	14	-1	0
14	281	-1	0
281	210	-1	0
210	232	-1	0
232	120	-1	0
120	140	-1	0
140	334	-1	0
334	185	-1	0
185	289	-1	0
289	33	-1	0
33	39	-1	0
39	55	-1	0
55	30	-1	0
30	242	-1	0
242	18	-1	0
18	294	-1	0
294	187	-1	0
187	76	-1	0
76	207	-1	0
207	79	-1	0
79	88	-1	0
88	292	-1	0
292	274	-1	0
274	66	-1	0
66	141	-1	0
141	103	-1	0
103	17	-1	0
17	250	-1	0
250	82	-1	0
82	303	-1	0
303	195	-1	0
195	110	-1	0
110	119	-1	0
119	105	-1	0
105	320	-1	0
320	229	-1	0
229	60	-1	0
60	283	-1	0
283	356	-1	0
356	51	-1	0
51	45	-1	0
45	257	-1	0
257	300	-1	0
300	23	-1	0
23	70	-1	0
70	196	-1	0
196	249	-1	0
249	248	-1	0
248	165	-1	0
165	13	-1	0
13	197	-1	0
197	258	-1	0
258	189	-1	0
189	61	-1	0
61	112	-1	0
112	231	-1	0
231	215	-1	0
215	333	-1	0
333	92	-1	0
92	317	-1	0
317	156	-1	0
156	186	-1	0
186	9	-1	0
9	42	-1	0
42	175	-1	0
175	245	-1	0
245	238	-1	0
238	328	-1	0
328	198	-1	0
198	280	-1	0
280	312	-1	0
312	178	-1	0
178	5	-1	0
5	365	-1	0
365	44	-1	0
44	64	-1	0
64	135	-1	0
135	125	-1	0
125	104	-1	0
104	318	-1	0
318	152	-1	0
152	341	-1	0
341	330	-1	0
330	68	-1	0
68	167	-1	0
167	12	-1	0
12	28	-1	0
28	244	-1	0
244	24	-1	0
24	7	-1	0
7	290	-1	0
290	192	-1	0
192	216	-1	0
216	214	-1	0
214	191	-1	0
191	73	-1	0
73	371	-1	0
371	8	-1	0
8	223	-1	0
223	354	-1	0
354	225	-1	0
225	255	-1	0
255	235	-1	0
235	267	-1	0
267	332	-1	0
332	59	-1	0
59	298	-1	0
298	78	-1	0
78	96	-1	0
96	93	-1	0
93	262	-1	0
262	161	-1	0
161	211	-1	0
211	324	-1	0
324	360	-1	0
360	80	-1	0
80	323	-1	0
323	26	-1	0
26	114	-1	0
114	94	-1	0
94	307	-1	0
307	69	-1	0
69	46	-1	0
46	136	-1	0
136	194	-1	0
194	193	-1	0
193	221	-1	0
221	117	-1	0
117	254	-1	0
254	97	-1	0
97	339	-1	0
339	160	-1	0
160	226	-1	0
226	74	-1	0
74	182	-1	0
182	327	-1	0
327	87	-1	0
87	337	-1	0
337	344	-1	0
344	308	-1	0
308	158	-1	0
158	230	-1	0
230	166	-1	0
166	29	-1	0
29	20	-1	0
20	144	-1	0
144	83	-1	0
83	132	-1	0
132	84	-1	0
84	336	-1	0
336	172	-1	0
172	237	-1	0
237	159	-1	0
159	200	-1	0
200	184	-1	0
184	357	-1	0
357	350	-1	0
350	247	-1	0
247	190	-1	0
190	287	-1	0
287	266	-1	0
266	241	-1	0
241	127	-1	0
127	252	-1	0
252	52	-1	0
52	309	-1	0
309	236	-1	0
236	316	-1	0
316	40	-1	0
40	351	-1	0
351	4	-1	0
4	72	-1	0
72	63	-1	0
63	251	-1	0
251	363	-1	0
363	151	-1	0
151	201	-1	0
201	122	-1	0
122	297	-1	0
297	168	-1	0
168	260	-1	0
260	34	-1	0
34	340	-1	0
340	288	-1	0
288	21	-1	0
21	370	-1	0
370	173	-1	0
173	372	-1	0
372	130	-1	0
130	25	-1	0
25	374	-1	0
374	282	-1	0
282	305	-1	0
305	131	-1	0
131	259	-1	0
259	271	-1	0
271	293	-1	0
293	134	-1	0
134	205	-1	0
205	118	-1	0
118	352	-1	0
352	145	-1	0
145	11	-1	0
11	154	-1	0
154	53	-1	0
53	218	-1	0
218	261	-1	0
261	301	-1	0
301	179	-1	0
179	99	-1	0
99	217	-1	0
217	81	-1	0
81	342	-1	0
342	331	-1	0
331	359	-1	0
359	1	-1	0
1	314	-1	0
314	219	-1	0
219	234	-1	0
234	100	-1	0
100	321	-1	0
321	335	-1	0
335	366	-1	0
366	243	-1	0
243	183	-1	0
183	37	-1	0
37	220	-1	0
220	206	-1	0
206	269	-1	0
269	275	-1	0
275	296	-1	0
296	319	-1	0
319	180	-1	0
180	315	-1	0
315	115	-1	0
115	256	-1	0
256	108	-1	0
108	101	-1	0
101	278	-1	0
278	239	-1	0
239	138	-1	0
138	36	-1	0
36	62	-1	0
62	89	-1	0
89	176	-1	0
176	146	-1	0
146	227	-1	0
227	31	-1	0
31	32	-1	0
32	311	-1	0
311	277	-1	0
277	222	-1	0
222	299	-1	0
299	124	-1	0
124	362	-1	0
362	56	-1	0
56	116	-1	0
116	126	-1	0
126	85	-1	0
85	224	-1	0
224	57	-1	0
57	329	-1	0
329	16	-1	0
16	279	-1	0
279	106	-1	0
106	233	-1	0
233	149	-1	0
149	75	-1	0
75	268	-1	0
268	209	-1	0
209	90	-1	0
90	310	-1	0
310	373	-1	0
373	202	-1	0
202	326	-1	0
326	358	-1	0
358	153	-1	0
153	347	-1	0
347	139	-1	0
139	91	-1	0
91	203	-1	0
203	174	-1	0
174	148	-1	0
148	41	-1	0
41	302	-1	0
302	246	-1	0
246	273	-1	0
273	2	-1	0
2	228	-1	0
228	113	-1	0
113	181	-1	0
181	353	-1	0
353	10	-1	0
10	253	-1	0
253	346	-1	0
346	285	-1	0
285	133	-1	0
133	163	-1	0
163	123	-1	0
123	364	-1	0
364	263	-1	0
263	162	-1	0
162	43	-1	0
43	142	-1	0
142	212	-1	0
212	98	-1	0
98	77	-1	0
77	322	-1	0
322	171	-1	0
171	47	-1	0
47	349	-1	0
349	265	-1	0
265	270	-1	0
270	348	-1	0
348	71	-1	0
71	313	-1	0
313	128	-1	0
128	0	-1	0
