/* Number of Operations */
375
/* List of Operations. */
/* Start	End	Fly	#Internal	Locations...*/
0	128	-1	0
128	313	-1	0
313	71	-1	0
71	348	-1	0
348	270	-1	0
270	265	-1	0
265	349	-1	0
349	47	-1	0
47	171	-1	0
171	322	-1	0
322	98	-1	0
98	77	-1	0
77	212	-1	0
212	142	-1	0
142	43	-1	0
43	162	-1	0
162	263	-1	0
263	364	-1	0
364	123	-1	0
123	163	-1	0
163	133	-1	0
133	285	-1	0
285	346	-1	0
346	253	-1	0
253	10	-1	0
10	353	-1	0
353	113	-1	0
113	181	-1	0
181	228	-1	0
228	2	-1	0
2	273	-1	0
273	246	-1	0
246	302	-1	0
302	41	-1	0
41	148	-1	0
148	174	-1	0
174	203	-1	0
203	91	-1	0
91	139	-1	0
139	347	-1	0
347	153	-1	0
153	358	-1	0
358	326	-1	0
326	202	-1	0
202	373	-1	0
373	310	-1	0
310	90	-1	0
90	209	-1	0
209	268	-1	0
268	75	-1	0
75	149	-1	0
149	233	-1	0
233	106	-1	0
106	279	-1	0
279	16	-1	0
16	329	-1	0
329	57	-1	0
57	224	-1	0
224	85	-1	0
85	126	-1	0
126	116	-1	0
116	56	-1	0
56	124	-1	0
124	362	-1	0
362	299	-1	0
299	222	-1	0
222	277	-1	0
277	311	-1	0
311	32	-1	0
32	31	-1	0
31	227	-1	0
227	146	-1	0
146	39	-1	0
39	33	-1	0
33	55	-1	0
55	289	-1	0
289	185	-1	0
185	334	-1	0
334	140	-1	0
140	120	-1	0
120	232	-1	0
232	210	-1	0
210	281	-1	0
281	14	-1	0
14	111	-1	0
111	19	-1	0
19	164	-1	0
164	107	-1	0
107	27	-1	0
27	367	-1	0
367	121	-1	0
121	109	-1	0
109	48	-1	0
48	35	-1	0
35	177	-1	0
177	213	-1	0
213	50	-1	0
50	338	-1	0
338	295	-1	0
295	65	-1	0
65	86	-1	0
86	368	-1	0
368	304	-1	0
304	199	-1	0
199	15	-1	0
15	354	-1	0
354	223	-1	0
223	8	-1	0
8	371	-1	0
371	73	-1	0
73	191	-1	0
191	214	-1	0
214	216	-1	0
216	192	-1	0
192	290	-1	0
290	7	-1	0
7	24	-1	0
24	244	-1	0
244	28	-1	0
28	12	-1	0
12	167	-1	0
167	68	-1	0
68	330	-1	0
330	341	-1	0
341	152	-1	0
152	318	-1	0
318	104	-1	0
104	125	-1	0
125	135	-1	0
135	64	-1	0
64	44	-1	0
44	365	-1	0
365	5	-1	0
5	178	-1	0
178	312	-1	0
312	280	-1	0
280	198	-1	0
198	328	-1	0
328	238	-1	0
238	245	-1	0
245	175	-1	0
175	42	-1	0
42	9	-1	0
9	186	-1	0
186	156	-1	0
156	317	-1	0
317	92	-1	0
92	333	-1	0
333	215	-1	0
215	231	-1	0
231	112	-1	0
112	61	-1	0
61	258	-1	0
258	189	-1	0
189	197	-1	0
197	13	-1	0
13	248	-1	0
248	165	-1	0
165	249	-1	0
249	196	-1	0
196	70	-1	0
70	23	-1	0
23	300	-1	0
300	257	-1	0
257	45	-1	0
45	51	-1	0
51	356	-1	0
356	283	-1	0
283	60	-1	0
60	229	-1	0
229	105	-1	0
105	119	-1	0
119	320	-1	0
320	110	-1	0
110	195	-1	0
195	303	-1	0
303	82	-1	0
82	250	-1	0
250	17	-1	0
17	103	-1	0
103	141	-1	0
141	66	-1	0
66	274	-1	0
274	292	-1	0
292	88	-1	0
88	79	-1	0
79	207	-1	0
207	76	-1	0
76	187	-1	0
187	294	-1	0
294	18	-1	0
18	242	-1	0
242	205	-1	0
205	134	-1	0
134	293	-1	0
293	271	-1	0
271	259	-1	0
259	118	-1	0
118	352	-1	0
352	30	-1	0
30	154	-1	0
154	11	-1	0
11	145	-1	0
145	261	-1	0
261	301	-1	0
301	218	-1	0
218	53	-1	0
53	62	-1	0
62	176	-1	0
176	89	-1	0
89	36	-1	0
36	138	-1	0
138	239	-1	0
239	278	-1	0
278	101	-1	0
101	108	-1	0
108	256	-1	0
256	115	-1	0
115	315	-1	0
315	180	-1	0
180	269	-1	0
269	206	-1	0
206	220	-1	0
220	37	-1	0
37	183	-1	0
183	243	-1	0
243	366	-1	0
366	335	-1	0
335	275	-1	0
275	296	-1	0
296	319	-1	0
319	99	-1	0
99	179	-1	0
179	217	-1	0
217	81	-1	0
81	342	-1	0
342	331	-1	0
331	359	-1	0
359	1	-1	0
1	100	-1	0
100	321	-1	0
321	234	-1	0
234	219	-1	0
219	314	-1	0
314	131	-1	0
131	305	-1	0
305	282	-1	0
282	374	-1	0
374	25	-1	0
25	130	-1	0
130	372	-1	0
372	173	-1	0
173	370	-1	0
370	21	-1	0
21	288	-1	0
288	340	-1	0
340	260	-1	0
260	34	-1	0
34	168	-1	0
168	297	-1	0
297	122	-1	0
122	201	-1	0
201	151	-1	0
151	363	-1	0
363	251	-1	0
251	63	-1	0
63	72	-1	0
72	4	-1	0
4	351	-1	0
351	40	-1	0
40	316	-1	0
316	236	-1	0
236	309	-1	0
309	52	-1	0
52	252	-1	0
252	127	-1	0
127	241	-1	0
241	266	-1	0
266	287	-1	0
287	190	-1	0
190	247	-1	0
247	350	-1	0
350	357	-1	0
357	184	-1	0
184	200	-1	0
200	159	-1	0
159	237	-1	0
237	172	-1	0
172	336	-1	0
336	132	-1	0
132	84	-1	0
84	83	-1	0
83	144	-1	0
144	20	-1	0
20	29	-1	0
29	166	-1	0
166	230	-1	0
230	158	-1	0
158	308	-1	0
308	344	-1	0
344	337	-1	0
337	87	-1	0
87	327	-1	0
327	182	-1	0
182	74	-1	0
74	226	-1	0
226	160	-1	0
160	339	-1	0
339	97	-1	0
97	254	-1	0
254	117	-1	0
117	221	-1	0
221	193	-1	0
193	194	-1	0
194	136	-1	0
136	46	-1	0
46	69	-1	0
69	307	-1	0
307	94	-1	0
94	114	-1	0
114	26	-1	0
26	323	-1	0
323	80	-1	0
80	360	-1	0
360	324	-1	0
324	211	-1	0
211	161	-1	0
161	262	-1	0
262	93	-1	0
93	96	-1	0
96	78	-1	0
78	298	-1	0
298	59	-1	0
59	332	-1	0
332	235	-1	0
235	267	-1	0
267	255	-1	0
255	225	-1	0
225	291	-1	0
291	54	-1	0
54	147	-1	0
147	240	-1	0
240	150	-1	0
150	38	-1	0
38	157	-1	0
157	343	-1	0
343	306	-1	0
306	143	-1	0
143	276	-1	0
276	49	-1	0
49	286	-1	0
286	325	-1	0
325	170	-1	0
170	284	-1	0
284	3	-1	0
3	369	-1	0
369	155	-1	0
155	95	-1	0
95	58	-1	0
58	272	-1	0
272	204	-1	0
204	137	-1	0
137	345	-1	0
345	264	-1	0
264	361	-1	0
361	67	-1	0
67	169	-1	0
169	208	-1	0
208	102	-1	0
102	6	-1	0
6	22	-1	0
22	188	-1	0
188	129	-1	0
129	355	-1	0
355	0	-1	0
