/* Number of Operations */
375
/* List of Operations. */
/* Start	End	Fly	#Internal	Locations...*/
0	114	-1	0
114	221	-1	0
221	320	-1	0
320	105	-1	0
105	338	-1	0
338	85	-1	0
85	278	-1	0
278	331	-1	0
331	325	-1	0
325	258	-1	0
258	225	-1	0
225	158	-1	0
158	332	-1	0
332	292	-1	0
292	89	-1	0
89	72	-1	0
72	144	-1	0
144	214	-1	0
214	118	-1	0
118	219	-1	0
219	274	-1	0
274	289	-1	0
289	91	-1	0
91	259	-1	0
259	372	-1	0
372	47	-1	0
47	109	-1	0
109	239	-1	0
239	40	-1	0
40	205	-1	0
205	288	-1	0
288	96	-1	0
96	298	-1	0
298	45	-1	0
45	210	-1	0
210	202	-1	0
202	276	-1	0
276	275	-1	0
275	337	-1	0
337	127	-1	0
127	36	-1	0
36	293	-1	0
293	301	-1	0
301	54	-1	0
54	248	-1	0
248	303	-1	0
303	120	-1	0
120	128	-1	0
128	347	-1	0
347	257	-1	0
257	251	-1	0
251	154	-1	0
154	282	-1	0
282	247	-1	0
247	49	-1	0
49	327	-1	0
327	58	-1	0
58	66	-1	0
66	124	-1	0
124	367	-1	0
367	70	-1	0
70	346	-1	0
346	179	-1	0
179	82	-1	0
82	115	-1	0
115	211	-1	0
211	253	-1	0
253	63	-1	0
63	172	-1	0
172	62	-1	0
62	22	-1	0
22	220	-1	0
220	104	-1	0
104	203	-1	0
203	17	-1	0
17	194	-1	0
194	108	-1	0
108	216	-1	0
216	243	-1	0
243	24	-1	0
24	318	-1	0
318	75	-1	0
75	87	-1	0
87	344	-1	0
344	161	-1	0
161	285	-1	0
285	339	-1	0
339	268	-1	0
268	335	-1	0
335	182	-1	0
182	350	-1	0
350	68	-1	0
68	86	-1	0
86	368	-1	0
368	297	-1	0
297	5	-1	0
5	215	-1	0
215	204	-1	0
204	195	-1	0
195	181	-1	0
181	369	-1	0
369	362	-1	0
362	136	-1	0
136	359	-1	0
359	6	-1	0
6	230	-1	0
230	26	-1	0
26	55	-1	0
55	170	-1	0
170	269	-1	0
269	88	-1	0
88	291	-1	0
291	192	-1	0
192	227	-1	0
227	11	-1	0
11	273	-1	0
273	190	-1	0
190	326	-1	0
326	97	-1	0
97	226	-1	0
226	113	-1	0
113	311	-1	0
311	254	-1	0
254	111	-1	0
111	277	-1	0
277	232	-1	0
232	95	-1	0
95	52	-1	0
52	187	-1	0
187	206	-1	0
206	9	-1	0
9	360	-1	0
360	18	-1	0
18	263	-1	0
263	30	-1	0
30	279	-1	0
279	260	-1	0
260	165	-1	0
165	176	-1	0
176	126	-1	0
126	33	-1	0
33	370	-1	0
370	65	-1	0
65	139	-1	0
139	79	-1	0
79	173	-1	0
173	299	-1	0
299	290	-1	0
290	358	-1	0
358	252	-1	0
252	270	-1	0
270	309	-1	0
309	84	-1	0
84	185	-1	0
185	213	-1	0
213	71	-1	0
71	352	-1	0
352	157	-1	0
157	69	-1	0
69	103	-1	0
103	8	-1	0
8	373	-1	0
373	184	-1	0
184	159	-1	0
159	245	-1	0
245	3	-1	0
3	110	-1	0
110	256	-1	0
256	2	-1	0
2	271	-1	0
271	249	-1	0
249	28	-1	0
28	174	-1	0
174	333	-1	0
333	43	-1	0
43	374	-1	0
374	119	-1	0
119	133	-1	0
133	328	-1	0
328	295	-1	0
295	264	-1	0
264	73	-1	0
73	223	-1	0
223	235	-1	0
235	208	-1	0
208	138	-1	0
138	294	-1	0
294	296	-1	0
296	1	-1	0
1	334	-1	0
334	353	-1	0
353	200	-1	0
200	31	-1	0
31	237	-1	0
237	329	-1	0
329	117	-1	0
117	112	-1	0
112	255	-1	0
255	59	-1	0
59	323	-1	0
323	64	-1	0
64	272	-1	0
272	308	-1	0
308	212	-1	0
212	283	-1	0
283	125	-1	0
125	345	-1	0
345	34	-1	0
34	246	-1	0
246	92	-1	0
92	300	-1	0
300	10	-1	0
10	201	-1	0
201	130	-1	0
130	57	-1	0
57	222	-1	0
222	149	-1	0
149	356	-1	0
356	207	-1	0
207	342	-1	0
342	193	-1	0
193	349	-1	0
349	25	-1	0
25	78	-1	0
78	132	-1	0
132	142	-1	0
142	44	-1	0
44	281	-1	0
281	218	-1	0
218	15	-1	0
15	242	-1	0
242	262	-1	0
262	175	-1	0
175	41	-1	0
41	234	-1	0
234	90	-1	0
90	304	-1	0
304	135	-1	0
135	93	-1	0
93	236	-1	0
236	313	-1	0
313	81	-1	0
81	21	-1	0
21	286	-1	0
286	196	-1	0
196	60	-1	0
60	56	-1	0
56	324	-1	0
324	147	-1	0
147	310	-1	0
310	50	-1	0
50	336	-1	0
336	267	-1	0
267	351	-1	0
351	98	-1	0
98	312	-1	0
312	314	-1	0
314	14	-1	0
14	134	-1	0
134	177	-1	0
177	155	-1	0
155	365	-1	0
365	162	-1	0
162	364	-1	0
364	29	-1	0
29	315	-1	0
315	35	-1	0
35	12	-1	0
12	160	-1	0
160	233	-1	0
233	322	-1	0
322	343	-1	0
343	197	-1	0
197	348	-1	0
348	321	-1	0
321	228	-1	0
228	46	-1	0
46	101	-1	0
101	287	-1	0
287	265	-1	0
265	153	-1	0
153	169	-1	0
169	168	-1	0
168	13	-1	0
13	7	-1	0
7	23	-1	0
23	306	-1	0
306	150	-1	0
150	284	-1	0
284	163	-1	0
163	316	-1	0
316	129	-1	0
129	100	-1	0
100	317	-1	0
317	37	-1	0
37	366	-1	0
366	357	-1	0
357	102	-1	0
102	198	-1	0
198	116	-1	0
116	166	-1	0
166	146	-1	0
146	167	-1	0
167	319	-1	0
319	209	-1	0
209	330	-1	0
330	261	-1	0
261	341	-1	0
341	361	-1	0
361	80	-1	0
80	180	-1	0
180	171	-1	0
171	4	-1	0
4	152	-1	0
152	305	-1	0
305	76	-1	0
76	231	-1	0
231	151	-1	0
151	250	-1	0
250	229	-1	0
229	307	-1	0
307	16	-1	0
16	107	-1	0
107	123	-1	0
123	51	-1	0
51	99	-1	0
99	122	-1	0
122	67	-1	0
67	27	-1	0
27	371	-1	0
371	156	-1	0
156	137	-1	0
137	178	-1	0
178	354	-1	0
354	53	-1	0
53	244	-1	0
244	241	-1	0
241	38	-1	0
38	61	-1	0
61	191	-1	0
191	217	-1	0
217	224	-1	0
224	140	-1	0
140	39	-1	0
39	240	-1	0
240	189	-1	0
189	141	-1	0
141	266	-1	0
266	48	-1	0
48	145	-1	0
145	164	-1	0
164	188	-1	0
188	106	-1	0
106	19	-1	0
19	183	-1	0
183	340	-1	0
340	94	-1	0
94	355	-1	0
355	363	-1	0
363	199	-1	0
199	74	-1	0
74	280	-1	0
280	121	-1	0
121	302	-1	0
302	83	-1	0
83	32	-1	0
32	77	-1	0
77	20	-1	0
20	238	-1	0
238	42	-1	0
42	131	-1	0
131	143	-1	0
143	186	-1	0
186	148	-1	0
148	0	-1	0
