/* Number of Operations */
250
/* List of Operations. */
/* Start	End	Fly	#Internal	Locations...*/
0	141	-1	0
141	177	-1	0
177	226	-1	0
226	78	-1	0
78	45	-1	0
45	4	-1	0
4	137	-1	0
137	243	-1	0
243	162	-1	0
162	224	-1	0
224	64	-1	0
64	118	-1	0
118	21	-1	0
21	192	-1	0
192	61	-1	0
61	156	-1	0
156	104	-1	0
104	35	-1	0
35	129	-1	0
129	222	-1	0
222	125	-1	0
125	199	-1	0
199	228	-1	0
228	216	-1	0
216	153	-1	0
153	33	-1	0
33	197	-1	0
197	73	-1	0
73	77	-1	0
77	203	-1	0
203	67	-1	0
67	168	-1	0
168	94	-1	0
94	85	-1	0
85	26	-1	0
26	100	-1	0
100	43	-1	0
43	207	-1	0
207	158	-1	0
158	121	-1	0
121	115	-1	0
115	146	-1	0
146	34	-1	0
34	106	-1	0
106	245	-1	0
245	139	-1	0
139	37	-1	0
37	195	-1	0
195	14	-1	0
14	5	-1	0
5	186	-1	0
186	66	-1	0
66	17	-1	0
17	135	-1	0
135	124	-1	0
124	152	-1	0
152	110	-1	0
110	237	-1	0
237	96	-1	0
96	151	-1	0
151	138	-1	0
138	102	-1	0
102	62	-1	0
62	160	-1	0
160	59	-1	0
59	25	-1	0
25	122	-1	0
122	179	-1	0
179	210	-1	0
210	157	-1	0
157	234	-1	0
234	105	-1	0
105	209	-1	0
209	149	-1	0
149	32	-1	0
32	28	-1	0
28	217	-1	0
217	91	-1	0
91	163	-1	0
163	211	-1	0
211	63	-1	0
63	50	-1	0
50	182	-1	0
182	95	-1	0
95	218	-1	0
218	117	-1	0
117	58	-1	0
58	116	-1	0
116	68	-1	0
68	31	-1	0
31	172	-1	0
172	27	-1	0
27	49	-1	0
49	214	-1	0
214	57	-1	0
57	51	-1	0
51	123	-1	0
123	130	-1	0
130	233	-1	0
233	212	-1	0
212	6	-1	0
6	46	-1	0
46	82	-1	0
82	183	-1	0
183	190	-1	0
190	136	-1	0
136	93	-1	0
93	7	-1	0
7	80	-1	0
80	76	-1	0
76	236	-1	0
236	29	-1	0
29	1	-1	0
1	30	-1	0
30	189	-1	0
189	87	-1	0
87	176	-1	0
176	98	-1	0
98	196	-1	0
196	198	-1	0
198	240	-1	0
240	72	-1	0
72	239	-1	0
239	92	-1	0
92	145	-1	0
145	60	-1	0
60	56	-1	0
56	86	-1	0
86	108	-1	0
108	193	-1	0
193	247	-1	0
247	119	-1	0
119	159	-1	0
159	81	-1	0
81	103	-1	0
103	241	-1	0
241	229	-1	0
229	150	-1	0
150	3	-1	0
3	208	-1	0
208	244	-1	0
244	74	-1	0
74	101	-1	0
101	165	-1	0
165	90	-1	0
90	10	-1	0
10	221	-1	0
221	144	-1	0
144	202	-1	0
202	219	-1	0
219	8	-1	0
8	143	-1	0
143	142	-1	0
142	180	-1	0
180	171	-1	0
171	173	-1	0
173	20	-1	0
20	22	-1	0
22	227	-1	0
227	53	-1	0
53	65	-1	0
65	206	-1	0
206	15	-1	0
15	194	-1	0
194	191	-1	0
191	126	-1	0
126	181	-1	0
181	75	-1	0
75	178	-1	0
178	39	-1	0
39	42	-1	0
42	185	-1	0
185	38	-1	0
38	201	-1	0
201	83	-1	0
83	161	-1	0
161	170	-1	0
170	249	-1	0
249	128	-1	0
128	48	-1	0
48	242	-1	0
242	112	-1	0
112	13	-1	0
13	113	-1	0
113	23	-1	0
23	84	-1	0
84	41	-1	0
41	184	-1	0
184	154	-1	0
154	52	-1	0
52	54	-1	0
54	2	-1	0
2	12	-1	0
12	47	-1	0
47	231	-1	0
231	246	-1	0
246	188	-1	0
188	215	-1	0
215	204	-1	0
204	148	-1	0
148	16	-1	0
16	174	-1	0
174	18	-1	0
18	131	-1	0
131	169	-1	0
169	132	-1	0
132	111	-1	0
111	155	-1	0
155	187	-1	0
187	109	-1	0
109	36	-1	0
36	213	-1	0
213	134	-1	0
134	238	-1	0
238	167	-1	0
167	114	-1	0
114	147	-1	0
147	55	-1	0
55	89	-1	0
89	140	-1	0
140	88	-1	0
88	205	-1	0
205	69	-1	0
69	248	-1	0
248	175	-1	0
175	70	-1	0
70	223	-1	0
223	9	-1	0
9	71	-1	0
71	24	-1	0
24	220	-1	0
220	19	-1	0
19	11	-1	0
11	200	-1	0
200	44	-1	0
44	235	-1	0
235	232	-1	0
232	225	-1	0
225	107	-1	0
107	164	-1	0
164	99	-1	0
99	40	-1	0
40	97	-1	0
97	230	-1	0
230	133	-1	0
133	166	-1	0
166	127	-1	0
127	120	-1	0
120	79	-1	0
79	0	-1	0
