/* Number of Operations */
250
/* List of Operations. */
/* Start	End	Fly	#Internal	Locations...*/
0	69	-1	0
69	202	-1	0
202	71	-1	0
71	148	-1	0
148	228	-1	0
228	191	-1	0
191	32	-1	0
32	152	-1	0
152	234	-1	0
234	147	-1	0
147	108	-1	0
108	211	-1	0
211	227	-1	0
227	158	-1	0
158	128	-1	0
128	187	-1	0
187	72	-1	0
72	217	-1	0
217	97	-1	0
97	236	-1	0
236	26	-1	0
26	119	-1	0
119	163	-1	0
163	231	-1	0
231	164	-1	0
164	180	-1	0
180	232	-1	0
232	136	-1	0
136	139	-1	0
139	224	-1	0
224	92	-1	0
92	240	-1	0
240	194	-1	0
194	100	-1	0
100	10	-1	0
10	243	-1	0
243	198	-1	0
198	215	-1	0
215	153	-1	0
153	186	-1	0
186	206	-1	0
206	58	-1	0
58	27	-1	0
27	122	-1	0
122	81	-1	0
81	14	-1	0
14	88	-1	0
88	101	-1	0
101	2	-1	0
2	66	-1	0
66	223	-1	0
223	85	-1	0
85	144	-1	0
144	165	-1	0
165	171	-1	0
171	91	-1	0
91	84	-1	0
84	59	-1	0
59	247	-1	0
247	104	-1	0
104	200	-1	0
200	127	-1	0
127	199	-1	0
199	150	-1	0
150	137	-1	0
137	114	-1	0
114	5	-1	0
5	183	-1	0
183	45	-1	0
45	212	-1	0
212	244	-1	0
244	117	-1	0
117	95	-1	0
95	174	-1	0
174	182	-1	0
182	43	-1	0
43	28	-1	0
28	113	-1	0
113	201	-1	0
201	207	-1	0
207	39	-1	0
39	105	-1	0
105	154	-1	0
154	169	-1	0
169	98	-1	0
98	80	-1	0
80	94	-1	0
94	190	-1	0
190	149	-1	0
149	156	-1	0
156	111	-1	0
111	131	-1	0
131	155	-1	0
155	138	-1	0
138	25	-1	0
25	1	-1	0
1	160	-1	0
160	161	-1	0
161	172	-1	0
172	162	-1	0
162	241	-1	0
241	125	-1	0
125	185	-1	0
185	214	-1	0
214	19	-1	0
19	193	-1	0
193	115	-1	0
115	195	-1	0
195	38	-1	0
38	219	-1	0
219	133	-1	0
133	143	-1	0
143	46	-1	0
46	157	-1	0
157	230	-1	0
230	12	-1	0
12	41	-1	0
41	36	-1	0
36	62	-1	0
62	246	-1	0
246	178	-1	0
178	233	-1	0
233	196	-1	0
196	167	-1	0
167	51	-1	0
51	146	-1	0
146	90	-1	0
90	242	-1	0
242	63	-1	0
63	21	-1	0
21	135	-1	0
135	6	-1	0
6	216	-1	0
216	35	-1	0
35	170	-1	0
170	48	-1	0
48	205	-1	0
205	142	-1	0
142	130	-1	0
130	221	-1	0
221	210	-1	0
210	77	-1	0
77	203	-1	0
203	3	-1	0
3	74	-1	0
74	50	-1	0
50	8	-1	0
8	33	-1	0
33	79	-1	0
79	103	-1	0
103	229	-1	0
229	93	-1	0
93	209	-1	0
209	134	-1	0
134	24	-1	0
24	49	-1	0
49	13	-1	0
13	65	-1	0
65	57	-1	0
57	239	-1	0
239	70	-1	0
70	75	-1	0
75	61	-1	0
61	220	-1	0
220	129	-1	0
129	52	-1	0
52	60	-1	0
60	56	-1	0
56	54	-1	0
54	68	-1	0
68	181	-1	0
181	110	-1	0
110	218	-1	0
218	107	-1	0
107	17	-1	0
17	176	-1	0
176	89	-1	0
89	86	-1	0
86	235	-1	0
235	83	-1	0
83	106	-1	0
106	20	-1	0
20	141	-1	0
141	76	-1	0
76	166	-1	0
166	120	-1	0
120	78	-1	0
78	245	-1	0
245	99	-1	0
99	4	-1	0
4	29	-1	0
29	151	-1	0
151	132	-1	0
132	168	-1	0
168	67	-1	0
67	124	-1	0
124	192	-1	0
192	96	-1	0
96	123	-1	0
123	40	-1	0
40	179	-1	0
179	9	-1	0
9	11	-1	0
11	225	-1	0
225	73	-1	0
73	82	-1	0
82	42	-1	0
42	34	-1	0
34	145	-1	0
145	222	-1	0
222	37	-1	0
37	249	-1	0
249	188	-1	0
188	47	-1	0
47	189	-1	0
189	184	-1	0
184	238	-1	0
238	208	-1	0
208	55	-1	0
55	16	-1	0
16	112	-1	0
112	109	-1	0
109	213	-1	0
213	18	-1	0
18	126	-1	0
126	31	-1	0
31	23	-1	0
23	159	-1	0
159	44	-1	0
44	15	-1	0
15	226	-1	0
226	197	-1	0
197	7	-1	0
7	121	-1	0
121	22	-1	0
22	248	-1	0
248	173	-1	0
173	237	-1	0
237	87	-1	0
87	175	-1	0
175	140	-1	0
140	30	-1	0
30	118	-1	0
118	102	-1	0
102	177	-1	0
177	64	-1	0
64	116	-1	0
116	204	-1	0
204	53	-1	0
53	0	-1	0
