/* Number of Operations */
250
/* List of Operations. */
/* Start	End	Fly	#Internal	Locations...*/
0	71	-1	0
71	72	-1	0
72	131	-1	0
131	207	-1	0
207	10	-1	0
10	112	-1	0
112	151	-1	0
151	45	-1	0
45	14	-1	0
14	213	-1	0
213	208	-1	0
208	114	-1	0
114	145	-1	0
145	96	-1	0
96	82	-1	0
82	34	-1	0
34	146	-1	0
146	117	-1	0
117	91	-1	0
91	245	-1	0
245	189	-1	0
189	216	-1	0
216	171	-1	0
171	56	-1	0
56	124	-1	0
124	85	-1	0
85	155	-1	0
155	41	-1	0
41	20	-1	0
20	105	-1	0
105	206	-1	0
206	66	-1	0
66	106	-1	0
106	76	-1	0
76	228	-1	0
228	196	-1	0
196	220	-1	0
220	165	-1	0
165	242	-1	0
242	67	-1	0
67	54	-1	0
54	59	-1	0
59	69	-1	0
69	167	-1	0
167	28	-1	0
28	107	-1	0
107	50	-1	0
50	108	-1	0
108	191	-1	0
191	192	-1	0
192	139	-1	0
139	13	-1	0
13	243	-1	0
243	140	-1	0
140	132	-1	0
132	201	-1	0
201	4	-1	0
4	55	-1	0
55	174	-1	0
174	158	-1	0
158	35	-1	0
35	200	-1	0
200	226	-1	0
226	3	-1	0
3	172	-1	0
172	99	-1	0
99	129	-1	0
129	48	-1	0
48	62	-1	0
62	53	-1	0
53	138	-1	0
138	246	-1	0
246	193	-1	0
193	25	-1	0
25	22	-1	0
22	150	-1	0
150	19	-1	0
19	237	-1	0
237	130	-1	0
130	31	-1	0
31	235	-1	0
235	217	-1	0
217	236	-1	0
236	214	-1	0
214	202	-1	0
202	77	-1	0
77	148	-1	0
148	61	-1	0
61	185	-1	0
185	232	-1	0
232	128	-1	0
128	153	-1	0
153	224	-1	0
224	175	-1	0
175	63	-1	0
63	83	-1	0
83	89	-1	0
89	170	-1	0
170	119	-1	0
119	32	-1	0
32	5	-1	0
5	81	-1	0
81	182	-1	0
182	221	-1	0
221	44	-1	0
44	51	-1	0
51	199	-1	0
199	58	-1	0
58	123	-1	0
123	149	-1	0
149	212	-1	0
212	163	-1	0
163	126	-1	0
126	186	-1	0
186	218	-1	0
218	239	-1	0
239	160	-1	0
160	42	-1	0
42	122	-1	0
122	244	-1	0
244	204	-1	0
204	161	-1	0
161	97	-1	0
97	88	-1	0
88	24	-1	0
24	43	-1	0
43	177	-1	0
177	162	-1	0
162	74	-1	0
74	248	-1	0
248	225	-1	0
225	9	-1	0
9	84	-1	0
84	46	-1	0
46	73	-1	0
73	116	-1	0
116	231	-1	0
231	203	-1	0
203	111	-1	0
111	240	-1	0
240	65	-1	0
65	144	-1	0
144	94	-1	0
94	194	-1	0
194	6	-1	0
6	15	-1	0
15	179	-1	0
179	195	-1	0
195	70	-1	0
70	184	-1	0
184	209	-1	0
209	230	-1	0
230	133	-1	0
133	190	-1	0
190	127	-1	0
127	143	-1	0
143	102	-1	0
102	27	-1	0
27	75	-1	0
75	115	-1	0
115	180	-1	0
180	141	-1	0
141	181	-1	0
181	188	-1	0
188	118	-1	0
118	223	-1	0
223	121	-1	0
121	7	-1	0
7	78	-1	0
78	68	-1	0
68	47	-1	0
47	26	-1	0
26	87	-1	0
87	101	-1	0
101	109	-1	0
109	173	-1	0
173	30	-1	0
30	125	-1	0
125	17	-1	0
17	95	-1	0
95	169	-1	0
169	103	-1	0
103	40	-1	0
40	197	-1	0
197	21	-1	0
21	39	-1	0
39	136	-1	0
136	164	-1	0
164	60	-1	0
60	12	-1	0
12	37	-1	0
37	57	-1	0
57	23	-1	0
23	79	-1	0
79	137	-1	0
137	154	-1	0
154	104	-1	0
104	205	-1	0
205	36	-1	0
36	241	-1	0
241	2	-1	0
2	178	-1	0
178	210	-1	0
210	198	-1	0
198	168	-1	0
168	166	-1	0
166	16	-1	0
16	134	-1	0
134	187	-1	0
187	11	-1	0
11	110	-1	0
110	233	-1	0
233	135	-1	0
135	157	-1	0
157	159	-1	0
159	64	-1	0
64	52	-1	0
52	222	-1	0
222	49	-1	0
49	176	-1	0
176	92	-1	0
92	18	-1	0
18	211	-1	0
211	152	-1	0
152	33	-1	0
33	229	-1	0
229	227	-1	0
227	113	-1	0
113	249	-1	0
249	86	-1	0
86	219	-1	0
219	120	-1	0
120	156	-1	0
156	238	-1	0
238	8	-1	0
8	29	-1	0
29	247	-1	0
247	142	-1	0
142	234	-1	0
234	90	-1	0
90	183	-1	0
183	93	-1	0
93	100	-1	0
100	98	-1	0
98	38	-1	0
38	1	-1	0
1	80	-1	0
80	147	-1	0
147	215	-1	0
215	0	-1	0
