/* Number of Operations */
50
/* List of Operations. */
/* Start	End	Fly	#Internal	Locations...*/
0	32	-1	0
32	38	-1	0
38	21	-1	0
21	29	-1	0
29	49	-1	0
49	15	-1	0
15	8	-1	0
8	33	-1	0
33	30	-1	0
30	47	-1	0
47	35	-1	0
35	7	-1	0
7	26	-1	0
26	42	-1	0
42	25	-1	0
25	44	-1	0
44	37	-1	0
37	28	-1	0
28	41	-1	0
41	40	-1	0
40	20	-1	0
20	17	-1	0
17	34	-1	0
34	14	-1	0
14	27	-1	0
27	11	-1	0
11	6	-1	0
6	24	-1	0
24	5	-1	0
5	10	-1	0
10	9	-1	0
9	36	-1	0
36	46	-1	0
46	1	-1	0
1	2	-1	0
2	19	-1	0
19	12	-1	0
12	39	-1	0
39	48	-1	0
48	16	-1	0
16	23	-1	0
23	18	-1	0
18	31	-1	0
31	3	-1	0
3	43	-1	0
43	45	-1	0
45	13	-1	0
13	4	-1	0
4	22	-1	0
22	0	-1	0
