/* Number of Operations */
75
/* List of Operations. */
/* Start	End	Fly	#Internal	Locations...*/
0	1	-1	0
1	49	-1	0
49	61	-1	0
61	40	-1	0
40	38	-1	0
38	50	-1	0
50	7	-1	0
7	45	-1	0
45	8	-1	0
8	5	-1	0
5	32	-1	0
32	60	-1	0
60	27	-1	0
27	15	-1	0
15	42	-1	0
42	9	-1	0
9	53	-1	0
53	35	-1	0
35	55	-1	0
55	57	-1	0
57	47	-1	0
47	18	-1	0
18	31	-1	0
31	22	-1	0
22	4	-1	0
4	68	-1	0
68	37	-1	0
37	48	-1	0
48	72	-1	0
72	44	-1	0
44	30	-1	0
30	25	-1	0
25	39	-1	0
39	51	-1	0
51	17	-1	0
17	41	-1	0
41	65	-1	0
65	58	-1	0
58	69	-1	0
69	64	-1	0
64	70	-1	0
70	19	-1	0
19	20	-1	0
20	73	-1	0
73	56	-1	0
56	46	-1	0
46	29	-1	0
29	26	-1	0
26	23	-1	0
23	3	-1	0
3	6	-1	0
6	14	-1	0
14	13	-1	0
13	11	-1	0
11	59	-1	0
59	43	-1	0
43	74	-1	0
74	24	-1	0
24	66	-1	0
66	16	-1	0
16	33	-1	0
33	54	-1	0
54	52	-1	0
52	67	-1	0
67	2	-1	0
2	21	-1	0
21	10	-1	0
10	28	-1	0
28	63	-1	0
63	34	-1	0
34	71	-1	0
71	12	-1	0
12	62	-1	0
62	36	-1	0
36	0	-1	0
