/* Number of Operations */
75
/* List of Operations. */
/* Start	End	Fly	#Internal	Locations...*/
0	38	-1	0
38	43	-1	0
43	13	-1	0
13	44	-1	0
44	68	-1	0
68	21	-1	0
21	6	-1	0
6	25	-1	0
25	8	-1	0
8	69	-1	0
69	9	-1	0
9	56	-1	0
56	14	-1	0
14	24	-1	0
24	48	-1	0
48	16	-1	0
16	63	-1	0
63	49	-1	0
49	19	-1	0
19	40	-1	0
40	30	-1	0
30	58	-1	0
58	70	-1	0
70	27	-1	0
27	1	-1	0
1	22	-1	0
22	37	-1	0
37	41	-1	0
41	53	-1	0
53	52	-1	0
52	42	-1	0
42	54	-1	0
54	67	-1	0
67	59	-1	0
59	28	-1	0
28	5	-1	0
5	47	-1	0
47	32	-1	0
32	17	-1	0
17	39	-1	0
39	73	-1	0
73	31	-1	0
31	45	-1	0
45	7	-1	0
7	46	-1	0
46	34	-1	0
34	65	-1	0
65	66	-1	0
66	20	-1	0
20	62	-1	0
62	23	-1	0
23	57	-1	0
57	64	-1	0
64	55	-1	0
55	74	-1	0
74	35	-1	0
35	71	-1	0
71	11	-1	0
11	61	-1	0
61	26	-1	0
26	12	-1	0
12	72	-1	0
72	10	-1	0
10	50	-1	0
50	36	-1	0
36	33	-1	0
33	18	-1	0
18	51	-1	0
51	4	-1	0
4	2	-1	0
2	29	-1	0
29	60	-1	0
60	15	-1	0
15	3	-1	0
3	0	-1	0
