/* Number of Operations */
500
/* List of Operations. */
/* Start	End	Fly	#Internal	Locations...*/
0	344	-1	0
344	227	-1	0
227	309	-1	0
309	249	-1	0
249	113	-1	0
113	2	-1	0
2	290	-1	0
290	312	-1	0
312	78	-1	0
78	433	-1	0
433	265	-1	0
265	450	-1	0
450	242	-1	0
242	28	-1	0
28	317	-1	0
317	207	-1	0
207	87	-1	0
87	105	-1	0
105	215	-1	0
215	181	-1	0
181	273	-1	0
273	302	-1	0
302	394	-1	0
394	174	-1	0
174	408	-1	0
408	282	-1	0
282	203	-1	0
203	311	-1	0
311	159	-1	0
159	1	-1	0
1	144	-1	0
144	3	-1	0
3	79	-1	0
79	256	-1	0
256	98	-1	0
98	50	-1	0
50	304	-1	0
304	59	-1	0
59	140	-1	0
140	14	-1	0
14	264	-1	0
264	139	-1	0
139	89	-1	0
89	148	-1	0
148	111	-1	0
111	398	-1	0
398	356	-1	0
356	307	-1	0
307	17	-1	0
17	170	-1	0
170	206	-1	0
206	315	-1	0
315	157	-1	0
157	260	-1	0
260	368	-1	0
368	421	-1	0
421	155	-1	0
155	486	-1	0
486	235	-1	0
235	162	-1	0
162	455	-1	0
455	474	-1	0
474	62	-1	0
62	331	-1	0
331	237	-1	0
237	220	-1	0
220	423	-1	0
423	23	-1	0
23	354	-1	0
354	47	-1	0
47	15	-1	0
15	193	-1	0
193	283	-1	0
283	404	-1	0
404	281	-1	0
281	295	-1	0
295	405	-1	0
405	129	-1	0
129	13	-1	0
13	466	-1	0
466	380	-1	0
380	292	-1	0
292	257	-1	0
257	24	-1	0
24	7	-1	0
7	68	-1	0
68	189	-1	0
189	8	-1	0
8	487	-1	0
487	318	-1	0
318	55	-1	0
55	218	-1	0
218	85	-1	0
85	82	-1	0
82	437	-1	0
437	276	-1	0
276	241	-1	0
241	238	-1	0
238	41	-1	0
41	109	-1	0
109	369	-1	0
369	137	-1	0
137	66	-1	0
66	459	-1	0
459	201	-1	0
201	319	-1	0
319	58	-1	0
58	463	-1	0
463	252	-1	0
252	488	-1	0
488	323	-1	0
323	179	-1	0
179	51	-1	0
51	496	-1	0
496	208	-1	0
208	392	-1	0
392	449	-1	0
449	131	-1	0
131	173	-1	0
173	386	-1	0
386	494	-1	0
494	439	-1	0
439	313	-1	0
313	352	-1	0
352	110	-1	0
110	277	-1	0
277	52	-1	0
52	93	-1	0
93	167	-1	0
167	185	-1	0
185	382	-1	0
382	294	-1	0
294	143	-1	0
143	478	-1	0
478	337	-1	0
337	153	-1	0
153	336	-1	0
336	287	-1	0
287	224	-1	0
224	136	-1	0
136	88	-1	0
88	420	-1	0
420	270	-1	0
270	303	-1	0
303	462	-1	0
462	300	-1	0
300	160	-1	0
160	364	-1	0
364	460	-1	0
460	248	-1	0
248	32	-1	0
32	349	-1	0
349	35	-1	0
35	49	-1	0
49	330	-1	0
330	90	-1	0
90	91	-1	0
91	387	-1	0
387	340	-1	0
340	310	-1	0
310	9	-1	0
9	415	-1	0
415	481	-1	0
481	103	-1	0
103	482	-1	0
482	106	-1	0
106	226	-1	0
226	192	-1	0
192	377	-1	0
377	383	-1	0
383	278	-1	0
278	401	-1	0
401	271	-1	0
271	186	-1	0
186	100	-1	0
100	326	-1	0
326	328	-1	0
328	400	-1	0
400	363	-1	0
363	187	-1	0
187	232	-1	0
232	123	-1	0
123	133	-1	0
133	25	-1	0
25	434	-1	0
434	358	-1	0
358	150	-1	0
150	432	-1	0
432	236	-1	0
236	10	-1	0
10	251	-1	0
251	60	-1	0
60	202	-1	0
202	11	-1	0
11	80	-1	0
80	71	-1	0
71	393	-1	0
393	285	-1	0
285	346	-1	0
346	366	-1	0
366	286	-1	0
286	171	-1	0
171	373	-1	0
373	440	-1	0
440	274	-1	0
274	266	-1	0
266	83	-1	0
83	465	-1	0
465	306	-1	0
306	233	-1	0
233	48	-1	0
48	485	-1	0
485	169	-1	0
169	151	-1	0
151	414	-1	0
414	204	-1	0
204	225	-1	0
225	120	-1	0
120	343	-1	0
343	219	-1	0
219	480	-1	0
480	18	-1	0
18	272	-1	0
272	351	-1	0
351	39	-1	0
39	316	-1	0
316	493	-1	0
493	29	-1	0
29	178	-1	0
178	141	-1	0
141	195	-1	0
195	417	-1	0
417	268	-1	0
268	212	-1	0
212	267	-1	0
267	464	-1	0
464	472	-1	0
472	70	-1	0
70	34	-1	0
34	97	-1	0
97	243	-1	0
243	96	-1	0
96	147	-1	0
147	371	-1	0
371	325	-1	0
325	168	-1	0
168	461	-1	0
461	73	-1	0
73	375	-1	0
375	275	-1	0
275	154	-1	0
154	426	-1	0
426	217	-1	0
217	374	-1	0
374	54	-1	0
54	473	-1	0
473	301	-1	0
301	223	-1	0
223	63	-1	0
63	163	-1	0
163	324	-1	0
324	329	-1	0
329	411	-1	0
411	458	-1	0
458	26	-1	0
26	362	-1	0
362	69	-1	0
69	355	-1	0
355	483	-1	0
483	221	-1	0
221	445	-1	0
445	57	-1	0
57	498	-1	0
498	372	-1	0
372	253	-1	0
253	451	-1	0
451	146	-1	0
146	454	-1	0
454	441	-1	0
441	395	-1	0
395	477	-1	0
477	135	-1	0
135	191	-1	0
191	222	-1	0
222	390	-1	0
390	320	-1	0
320	197	-1	0
197	156	-1	0
156	230	-1	0
230	101	-1	0
101	280	-1	0
280	40	-1	0
40	298	-1	0
298	142	-1	0
142	456	-1	0
456	407	-1	0
407	184	-1	0
184	118	-1	0
118	497	-1	0
497	94	-1	0
94	36	-1	0
36	410	-1	0
410	128	-1	0
128	339	-1	0
339	289	-1	0
289	211	-1	0
211	21	-1	0
21	116	-1	0
116	102	-1	0
102	107	-1	0
107	240	-1	0
240	121	-1	0
121	244	-1	0
244	56	-1	0
56	446	-1	0
446	190	-1	0
190	22	-1	0
22	61	-1	0
61	239	-1	0
239	492	-1	0
492	490	-1	0
490	19	-1	0
19	152	-1	0
152	452	-1	0
452	65	-1	0
65	357	-1	0
357	149	-1	0
149	64	-1	0
64	263	-1	0
263	74	-1	0
74	199	-1	0
199	161	-1	0
161	33	-1	0
33	334	-1	0
334	419	-1	0
419	180	-1	0
180	125	-1	0
125	45	-1	0
45	447	-1	0
447	246	-1	0
246	341	-1	0
341	379	-1	0
379	6	-1	0
6	378	-1	0
378	288	-1	0
288	210	-1	0
210	254	-1	0
254	499	-1	0
499	476	-1	0
476	367	-1	0
367	114	-1	0
114	145	-1	0
145	293	-1	0
293	332	-1	0
332	81	-1	0
81	381	-1	0
381	250	-1	0
250	76	-1	0
76	402	-1	0
402	428	-1	0
428	453	-1	0
453	305	-1	0
305	182	-1	0
182	44	-1	0
44	385	-1	0
385	479	-1	0
479	30	-1	0
30	291	-1	0
291	279	-1	0
279	99	-1	0
99	435	-1	0
435	322	-1	0
322	261	-1	0
261	259	-1	0
259	262	-1	0
262	38	-1	0
38	327	-1	0
327	216	-1	0
216	72	-1	0
72	194	-1	0
194	418	-1	0
418	31	-1	0
31	427	-1	0
427	16	-1	0
16	108	-1	0
108	165	-1	0
165	422	-1	0
422	335	-1	0
335	457	-1	0
457	384	-1	0
384	228	-1	0
228	172	-1	0
172	443	-1	0
443	495	-1	0
495	27	-1	0
27	430	-1	0
430	175	-1	0
175	333	-1	0
333	484	-1	0
484	95	-1	0
95	425	-1	0
425	46	-1	0
46	299	-1	0
299	4	-1	0
4	467	-1	0
467	124	-1	0
124	321	-1	0
321	353	-1	0
353	158	-1	0
158	469	-1	0
469	164	-1	0
164	132	-1	0
132	134	-1	0
134	413	-1	0
413	342	-1	0
342	112	-1	0
112	436	-1	0
436	347	-1	0
347	229	-1	0
229	209	-1	0
209	77	-1	0
77	489	-1	0
489	297	-1	0
297	412	-1	0
412	284	-1	0
284	396	-1	0
396	231	-1	0
231	269	-1	0
269	119	-1	0
119	200	-1	0
200	431	-1	0
431	389	-1	0
389	406	-1	0
406	388	-1	0
388	359	-1	0
359	92	-1	0
92	104	-1	0
104	213	-1	0
213	438	-1	0
438	183	-1	0
183	399	-1	0
399	53	-1	0
53	196	-1	0
196	176	-1	0
176	448	-1	0
448	86	-1	0
86	130	-1	0
130	188	-1	0
188	308	-1	0
308	214	-1	0
214	338	-1	0
338	127	-1	0
127	198	-1	0
198	234	-1	0
234	442	-1	0
442	115	-1	0
115	84	-1	0
84	245	-1	0
245	370	-1	0
370	20	-1	0
20	470	-1	0
470	471	-1	0
471	122	-1	0
122	403	-1	0
403	177	-1	0
177	5	-1	0
5	75	-1	0
75	360	-1	0
360	468	-1	0
468	296	-1	0
296	345	-1	0
345	126	-1	0
126	247	-1	0
247	391	-1	0
391	117	-1	0
117	138	-1	0
138	409	-1	0
409	348	-1	0
348	67	-1	0
67	491	-1	0
491	43	-1	0
43	205	-1	0
205	376	-1	0
376	444	-1	0
444	42	-1	0
42	12	-1	0
12	475	-1	0
475	361	-1	0
361	424	-1	0
424	429	-1	0
429	365	-1	0
365	37	-1	0
37	258	-1	0
258	255	-1	0
255	314	-1	0
314	416	-1	0
416	397	-1	0
397	166	-1	0
166	350	-1	0
350	0	-1	0
