/* Number of Operations */
250
/* List of Operations. */
/* Start	End	Fly	#Internal	Locations...*/
0	220	-1	0
220	74	-1	0
74	100	-1	0
100	91	-1	0
91	223	-1	0
223	31	-1	0
31	149	-1	0
149	44	-1	0
44	170	-1	0
170	60	-1	0
60	173	-1	0
173	146	-1	0
146	88	-1	0
88	87	-1	0
87	43	-1	0
43	54	-1	0
54	132	-1	0
132	217	-1	0
217	134	-1	0
134	28	-1	0
28	126	-1	0
126	141	-1	0
141	203	-1	0
203	152	-1	0
152	204	-1	0
204	27	-1	0
27	158	-1	0
158	130	-1	0
130	225	-1	0
225	68	-1	0
68	79	-1	0
79	206	-1	0
206	16	-1	0
16	82	-1	0
82	18	-1	0
18	205	-1	0
205	230	-1	0
230	85	-1	0
85	21	-1	0
21	190	-1	0
190	37	-1	0
37	114	-1	0
114	239	-1	0
239	214	-1	0
214	55	-1	0
55	108	-1	0
108	123	-1	0
123	32	-1	0
32	194	-1	0
194	219	-1	0
219	172	-1	0
172	191	-1	0
191	136	-1	0
136	228	-1	0
228	246	-1	0
246	139	-1	0
139	118	-1	0
118	6	-1	0
6	226	-1	0
226	113	-1	0
113	164	-1	0
164	84	-1	0
84	193	-1	0
193	200	-1	0
200	150	-1	0
150	144	-1	0
144	50	-1	0
50	199	-1	0
199	9	-1	0
9	124	-1	0
124	95	-1	0
95	227	-1	0
227	167	-1	0
167	49	-1	0
49	238	-1	0
238	157	-1	0
157	180	-1	0
180	122	-1	0
122	40	-1	0
40	11	-1	0
11	185	-1	0
185	25	-1	0
25	184	-1	0
184	212	-1	0
212	17	-1	0
17	168	-1	0
168	42	-1	0
42	106	-1	0
106	247	-1	0
247	109	-1	0
109	165	-1	0
165	51	-1	0
51	196	-1	0
196	189	-1	0
189	45	-1	0
45	183	-1	0
183	38	-1	0
38	171	-1	0
171	234	-1	0
234	3	-1	0
3	242	-1	0
242	213	-1	0
213	148	-1	0
148	65	-1	0
65	78	-1	0
78	135	-1	0
135	177	-1	0
177	197	-1	0
197	72	-1	0
72	142	-1	0
142	207	-1	0
207	52	-1	0
52	208	-1	0
208	36	-1	0
36	182	-1	0
182	62	-1	0
62	245	-1	0
245	169	-1	0
169	2	-1	0
2	39	-1	0
39	10	-1	0
10	138	-1	0
138	105	-1	0
105	5	-1	0
5	163	-1	0
163	75	-1	0
75	160	-1	0
160	221	-1	0
221	97	-1	0
97	12	-1	0
12	121	-1	0
121	13	-1	0
13	119	-1	0
119	110	-1	0
110	20	-1	0
20	202	-1	0
202	59	-1	0
59	61	-1	0
61	210	-1	0
210	236	-1	0
236	69	-1	0
69	4	-1	0
4	229	-1	0
229	48	-1	0
48	98	-1	0
98	181	-1	0
181	58	-1	0
58	178	-1	0
178	46	-1	0
46	224	-1	0
224	125	-1	0
125	30	-1	0
30	143	-1	0
143	218	-1	0
218	211	-1	0
211	7	-1	0
7	176	-1	0
176	188	-1	0
188	1	-1	0
1	198	-1	0
198	73	-1	0
73	70	-1	0
70	175	-1	0
175	111	-1	0
111	232	-1	0
232	35	-1	0
35	64	-1	0
64	209	-1	0
209	67	-1	0
67	237	-1	0
237	53	-1	0
53	145	-1	0
145	23	-1	0
23	41	-1	0
41	154	-1	0
154	99	-1	0
99	133	-1	0
133	89	-1	0
89	71	-1	0
71	127	-1	0
127	66	-1	0
66	201	-1	0
201	115	-1	0
115	137	-1	0
137	86	-1	0
86	104	-1	0
104	240	-1	0
240	129	-1	0
129	24	-1	0
24	241	-1	0
241	187	-1	0
187	233	-1	0
233	243	-1	0
243	117	-1	0
117	63	-1	0
63	116	-1	0
116	94	-1	0
94	186	-1	0
186	156	-1	0
156	120	-1	0
120	96	-1	0
96	174	-1	0
174	83	-1	0
83	162	-1	0
162	249	-1	0
249	248	-1	0
248	107	-1	0
107	15	-1	0
15	222	-1	0
222	235	-1	0
235	29	-1	0
29	26	-1	0
26	216	-1	0
216	215	-1	0
215	101	-1	0
101	77	-1	0
77	128	-1	0
128	131	-1	0
131	56	-1	0
56	81	-1	0
81	140	-1	0
140	76	-1	0
76	166	-1	0
166	14	-1	0
14	8	-1	0
8	244	-1	0
244	155	-1	0
155	151	-1	0
151	33	-1	0
33	147	-1	0
147	93	-1	0
93	90	-1	0
90	19	-1	0
19	34	-1	0
34	192	-1	0
192	161	-1	0
161	57	-1	0
57	112	-1	0
112	22	-1	0
22	103	-1	0
103	231	-1	0
231	80	-1	0
80	195	-1	0
195	92	-1	0
92	179	-1	0
179	47	-1	0
47	102	-1	0
102	159	-1	0
159	153	-1	0
153	0	-1	0
