/* Number of Operations */
500
/* List of Operations. */
/* Start	End	Fly	#Internal	Locations...*/
0	488	-1	0
488	90	-1	0
90	408	-1	0
408	437	-1	0
437	418	-1	0
418	330	-1	0
330	439	-1	0
439	78	-1	0
78	365	-1	0
365	460	-1	0
460	440	-1	0
440	366	-1	0
366	237	-1	0
237	370	-1	0
370	14	-1	0
14	92	-1	0
92	208	-1	0
208	304	-1	0
304	272	-1	0
272	210	-1	0
210	121	-1	0
121	102	-1	0
102	361	-1	0
361	108	-1	0
108	499	-1	0
499	107	-1	0
107	286	-1	0
286	207	-1	0
207	479	-1	0
479	266	-1	0
266	326	-1	0
326	428	-1	0
428	178	-1	0
178	355	-1	0
355	308	-1	0
308	56	-1	0
56	74	-1	0
74	22	-1	0
22	481	-1	0
481	164	-1	0
164	431	-1	0
431	350	-1	0
350	170	-1	0
170	317	-1	0
317	157	-1	0
157	336	-1	0
336	323	-1	0
323	255	-1	0
255	396	-1	0
396	467	-1	0
467	153	-1	0
153	83	-1	0
83	368	-1	0
368	302	-1	0
302	446	-1	0
446	9	-1	0
9	475	-1	0
475	338	-1	0
338	492	-1	0
492	135	-1	0
135	301	-1	0
301	193	-1	0
193	267	-1	0
267	337	-1	0
337	169	-1	0
169	144	-1	0
144	456	-1	0
456	73	-1	0
73	103	-1	0
103	434	-1	0
434	288	-1	0
288	227	-1	0
227	24	-1	0
24	315	-1	0
315	174	-1	0
174	39	-1	0
39	213	-1	0
213	137	-1	0
137	198	-1	0
198	91	-1	0
91	252	-1	0
252	329	-1	0
329	248	-1	0
248	23	-1	0
23	356	-1	0
356	68	-1	0
68	451	-1	0
451	436	-1	0
436	57	-1	0
57	26	-1	0
26	109	-1	0
109	282	-1	0
282	185	-1	0
185	51	-1	0
51	295	-1	0
295	425	-1	0
425	206	-1	0
206	124	-1	0
124	349	-1	0
349	190	-1	0
190	268	-1	0
268	119	-1	0
119	463	-1	0
463	309	-1	0
309	195	-1	0
195	173	-1	0
173	146	-1	0
146	226	-1	0
226	476	-1	0
476	414	-1	0
414	264	-1	0
264	203	-1	0
203	332	-1	0
332	37	-1	0
37	171	-1	0
171	277	-1	0
277	373	-1	0
373	128	-1	0
128	353	-1	0
353	166	-1	0
166	494	-1	0
494	452	-1	0
452	297	-1	0
297	148	-1	0
148	293	-1	0
293	95	-1	0
95	347	-1	0
347	241	-1	0
241	384	-1	0
384	305	-1	0
305	380	-1	0
380	296	-1	0
296	240	-1	0
240	133	-1	0
133	150	-1	0
150	70	-1	0
70	134	-1	0
134	105	-1	0
105	453	-1	0
453	382	-1	0
382	112	-1	0
112	154	-1	0
154	141	-1	0
141	251	-1	0
251	459	-1	0
459	1	-1	0
1	470	-1	0
470	263	-1	0
263	215	-1	0
215	344	-1	0
344	310	-1	0
310	96	-1	0
96	212	-1	0
212	303	-1	0
303	21	-1	0
21	211	-1	0
211	48	-1	0
48	497	-1	0
497	82	-1	0
82	402	-1	0
402	216	-1	0
216	245	-1	0
245	313	-1	0
313	101	-1	0
101	197	-1	0
197	352	-1	0
352	234	-1	0
234	409	-1	0
409	403	-1	0
403	158	-1	0
158	106	-1	0
106	138	-1	0
138	220	-1	0
220	172	-1	0
172	11	-1	0
11	485	-1	0
485	466	-1	0
466	484	-1	0
484	7	-1	0
7	462	-1	0
462	311	-1	0
311	131	-1	0
131	391	-1	0
391	6	-1	0
6	312	-1	0
312	123	-1	0
123	45	-1	0
45	455	-1	0
455	191	-1	0
191	19	-1	0
19	443	-1	0
443	457	-1	0
457	358	-1	0
358	397	-1	0
397	393	-1	0
393	258	-1	0
258	89	-1	0
89	273	-1	0
273	244	-1	0
244	209	-1	0
209	233	-1	0
233	464	-1	0
464	156	-1	0
156	98	-1	0
98	410	-1	0
410	346	-1	0
346	55	-1	0
55	269	-1	0
269	235	-1	0
235	202	-1	0
202	482	-1	0
482	472	-1	0
472	88	-1	0
88	444	-1	0
444	189	-1	0
189	407	-1	0
407	334	-1	0
334	281	-1	0
281	147	-1	0
147	10	-1	0
10	280	-1	0
280	335	-1	0
335	469	-1	0
469	487	-1	0
487	238	-1	0
238	265	-1	0
265	283	-1	0
283	159	-1	0
159	229	-1	0
229	399	-1	0
399	232	-1	0
232	42	-1	0
42	201	-1	0
201	406	-1	0
406	285	-1	0
285	59	-1	0
59	165	-1	0
165	143	-1	0
143	316	-1	0
316	318	-1	0
318	377	-1	0
377	495	-1	0
495	306	-1	0
306	357	-1	0
357	279	-1	0
279	84	-1	0
84	81	-1	0
81	35	-1	0
35	374	-1	0
374	381	-1	0
381	168	-1	0
168	129	-1	0
129	359	-1	0
359	12	-1	0
12	122	-1	0
122	435	-1	0
435	230	-1	0
230	432	-1	0
432	17	-1	0
17	307	-1	0
307	420	-1	0
420	182	-1	0
182	34	-1	0
34	429	-1	0
429	142	-1	0
142	85	-1	0
85	257	-1	0
257	4	-1	0
4	200	-1	0
200	292	-1	0
292	228	-1	0
228	104	-1	0
104	97	-1	0
97	333	-1	0
333	180	-1	0
180	53	-1	0
53	289	-1	0
289	167	-1	0
167	222	-1	0
222	152	-1	0
152	490	-1	0
490	415	-1	0
415	145	-1	0
145	204	-1	0
204	62	-1	0
62	404	-1	0
404	111	-1	0
111	41	-1	0
41	87	-1	0
87	27	-1	0
27	424	-1	0
424	43	-1	0
43	126	-1	0
126	378	-1	0
378	276	-1	0
276	176	-1	0
176	385	-1	0
385	383	-1	0
383	477	-1	0
477	46	-1	0
46	223	-1	0
223	390	-1	0
390	64	-1	0
64	375	-1	0
375	188	-1	0
188	465	-1	0
465	388	-1	0
388	162	-1	0
162	325	-1	0
325	116	-1	0
116	474	-1	0
474	63	-1	0
63	387	-1	0
387	413	-1	0
413	354	-1	0
354	314	-1	0
314	130	-1	0
130	320	-1	0
320	489	-1	0
489	20	-1	0
20	433	-1	0
433	179	-1	0
179	225	-1	0
225	278	-1	0
278	260	-1	0
260	32	-1	0
32	496	-1	0
496	13	-1	0
13	114	-1	0
114	271	-1	0
271	298	-1	0
298	140	-1	0
140	386	-1	0
386	426	-1	0
426	294	-1	0
294	419	-1	0
419	115	-1	0
115	478	-1	0
478	120	-1	0
120	412	-1	0
412	183	-1	0
183	36	-1	0
36	398	-1	0
398	417	-1	0
417	331	-1	0
331	2	-1	0
2	8	-1	0
8	136	-1	0
136	50	-1	0
50	66	-1	0
66	367	-1	0
367	239	-1	0
239	247	-1	0
247	328	-1	0
328	118	-1	0
118	441	-1	0
441	246	-1	0
246	79	-1	0
79	15	-1	0
15	219	-1	0
219	67	-1	0
67	360	-1	0
360	372	-1	0
372	322	-1	0
322	100	-1	0
100	458	-1	0
458	473	-1	0
473	392	-1	0
392	71	-1	0
71	421	-1	0
421	16	-1	0
16	287	-1	0
287	253	-1	0
253	339	-1	0
339	486	-1	0
486	231	-1	0
231	25	-1	0
25	274	-1	0
274	33	-1	0
33	284	-1	0
284	389	-1	0
389	427	-1	0
427	61	-1	0
61	327	-1	0
327	340	-1	0
340	69	-1	0
69	450	-1	0
450	187	-1	0
187	256	-1	0
256	113	-1	0
113	49	-1	0
49	319	-1	0
319	342	-1	0
342	149	-1	0
149	28	-1	0
28	423	-1	0
423	454	-1	0
454	493	-1	0
493	44	-1	0
44	471	-1	0
471	290	-1	0
290	139	-1	0
139	60	-1	0
60	275	-1	0
275	205	-1	0
205	348	-1	0
348	262	-1	0
262	461	-1	0
461	324	-1	0
324	341	-1	0
341	300	-1	0
300	5	-1	0
5	54	-1	0
54	31	-1	0
31	132	-1	0
132	480	-1	0
480	379	-1	0
379	362	-1	0
362	3	-1	0
3	86	-1	0
86	30	-1	0
30	430	-1	0
430	218	-1	0
218	47	-1	0
47	196	-1	0
196	376	-1	0
376	224	-1	0
224	394	-1	0
394	199	-1	0
199	448	-1	0
448	468	-1	0
468	18	-1	0
18	364	-1	0
364	270	-1	0
270	151	-1	0
151	65	-1	0
65	76	-1	0
76	184	-1	0
184	254	-1	0
254	445	-1	0
445	40	-1	0
40	449	-1	0
449	405	-1	0
405	299	-1	0
299	161	-1	0
161	77	-1	0
77	250	-1	0
250	249	-1	0
249	261	-1	0
261	259	-1	0
259	214	-1	0
214	291	-1	0
291	94	-1	0
94	221	-1	0
221	447	-1	0
447	400	-1	0
400	242	-1	0
242	29	-1	0
29	175	-1	0
175	52	-1	0
52	58	-1	0
58	75	-1	0
75	369	-1	0
369	217	-1	0
217	498	-1	0
498	491	-1	0
491	163	-1	0
163	80	-1	0
80	483	-1	0
483	422	-1	0
422	93	-1	0
93	186	-1	0
186	371	-1	0
371	110	-1	0
110	117	-1	0
117	181	-1	0
181	72	-1	0
72	192	-1	0
192	401	-1	0
401	236	-1	0
236	438	-1	0
438	343	-1	0
343	194	-1	0
194	243	-1	0
243	160	-1	0
160	395	-1	0
395	127	-1	0
127	411	-1	0
411	125	-1	0
125	351	-1	0
351	416	-1	0
416	177	-1	0
177	155	-1	0
155	442	-1	0
442	363	-1	0
363	321	-1	0
321	99	-1	0
99	38	-1	0
38	345	-1	0
345	0	-1	0
