/* Number of Operations */
375
/* List of Operations. */
/* Start	End	Fly	#Internal	Locations...*/
0	328	-1	0
328	146	-1	0
146	196	-1	0
196	82	-1	0
82	176	-1	0
176	116	-1	0
116	337	-1	0
337	276	-1	0
276	97	-1	0
97	25	-1	0
25	224	-1	0
224	363	-1	0
363	365	-1	0
365	153	-1	0
153	96	-1	0
96	100	-1	0
100	132	-1	0
132	54	-1	0
54	178	-1	0
178	105	-1	0
105	147	-1	0
147	208	-1	0
208	230	-1	0
230	237	-1	0
237	209	-1	0
209	331	-1	0
331	201	-1	0
201	318	-1	0
318	56	-1	0
56	243	-1	0
243	69	-1	0
69	292	-1	0
292	313	-1	0
313	296	-1	0
296	190	-1	0
190	118	-1	0
118	348	-1	0
348	167	-1	0
167	355	-1	0
355	310	-1	0
310	154	-1	0
154	222	-1	0
222	66	-1	0
66	128	-1	0
128	170	-1	0
170	177	-1	0
177	332	-1	0
332	53	-1	0
53	44	-1	0
44	315	-1	0
315	131	-1	0
131	133	-1	0
133	256	-1	0
256	160	-1	0
160	183	-1	0
183	267	-1	0
267	70	-1	0
70	290	-1	0
290	23	-1	0
23	150	-1	0
150	2	-1	0
2	202	-1	0
202	269	-1	0
269	370	-1	0
370	42	-1	0
42	119	-1	0
119	60	-1	0
60	48	-1	0
48	220	-1	0
220	3	-1	0
3	163	-1	0
163	241	-1	0
241	324	-1	0
324	268	-1	0
268	221	-1	0
221	72	-1	0
72	168	-1	0
168	71	-1	0
71	285	-1	0
285	164	-1	0
164	288	-1	0
288	374	-1	0
374	304	-1	0
304	356	-1	0
356	142	-1	0
142	129	-1	0
129	246	-1	0
246	113	-1	0
113	115	-1	0
115	240	-1	0
240	212	-1	0
212	102	-1	0
102	35	-1	0
35	303	-1	0
303	314	-1	0
314	218	-1	0
218	278	-1	0
278	211	-1	0
211	193	-1	0
193	358	-1	0
358	15	-1	0
15	27	-1	0
27	353	-1	0
353	87	-1	0
87	207	-1	0
207	251	-1	0
251	13	-1	0
13	270	-1	0
270	352	-1	0
352	122	-1	0
122	149	-1	0
149	106	-1	0
106	16	-1	0
16	112	-1	0
112	258	-1	0
258	84	-1	0
84	192	-1	0
192	368	-1	0
368	83	-1	0
83	130	-1	0
130	301	-1	0
301	93	-1	0
93	354	-1	0
354	226	-1	0
226	21	-1	0
21	31	-1	0
31	302	-1	0
302	284	-1	0
284	95	-1	0
95	364	-1	0
364	281	-1	0
281	274	-1	0
274	265	-1	0
265	67	-1	0
67	325	-1	0
325	279	-1	0
279	107	-1	0
107	74	-1	0
74	349	-1	0
349	135	-1	0
135	300	-1	0
300	86	-1	0
86	125	-1	0
125	109	-1	0
109	99	-1	0
99	342	-1	0
342	335	-1	0
335	291	-1	0
291	242	-1	0
242	85	-1	0
85	234	-1	0
234	323	-1	0
323	197	-1	0
197	272	-1	0
272	75	-1	0
75	145	-1	0
145	141	-1	0
141	162	-1	0
162	367	-1	0
367	255	-1	0
255	250	-1	0
250	79	-1	0
79	360	-1	0
360	305	-1	0
305	253	-1	0
253	317	-1	0
317	338	-1	0
338	188	-1	0
188	11	-1	0
11	59	-1	0
59	259	-1	0
259	61	-1	0
61	286	-1	0
286	151	-1	0
151	320	-1	0
320	139	-1	0
139	339	-1	0
339	143	-1	0
143	236	-1	0
236	199	-1	0
199	137	-1	0
137	245	-1	0
245	369	-1	0
369	108	-1	0
108	336	-1	0
336	189	-1	0
189	1	-1	0
1	326	-1	0
326	297	-1	0
297	37	-1	0
37	4	-1	0
4	58	-1	0
58	293	-1	0
293	50	-1	0
50	195	-1	0
195	184	-1	0
184	110	-1	0
110	5	-1	0
5	158	-1	0
158	46	-1	0
46	6	-1	0
6	29	-1	0
29	182	-1	0
182	101	-1	0
101	273	-1	0
273	26	-1	0
26	319	-1	0
319	322	-1	0
322	19	-1	0
19	227	-1	0
227	8	-1	0
8	28	-1	0
28	127	-1	0
127	171	-1	0
171	14	-1	0
14	124	-1	0
124	98	-1	0
98	161	-1	0
161	280	-1	0
280	248	-1	0
248	165	-1	0
165	155	-1	0
155	327	-1	0
327	30	-1	0
30	166	-1	0
166	229	-1	0
229	120	-1	0
120	41	-1	0
41	65	-1	0
65	10	-1	0
10	257	-1	0
257	361	-1	0
361	77	-1	0
77	283	-1	0
283	244	-1	0
244	144	-1	0
144	249	-1	0
249	78	-1	0
78	32	-1	0
32	51	-1	0
51	333	-1	0
333	103	-1	0
103	47	-1	0
47	17	-1	0
17	275	-1	0
275	262	-1	0
262	43	-1	0
43	157	-1	0
157	277	-1	0
277	228	-1	0
228	136	-1	0
136	18	-1	0
18	238	-1	0
238	232	-1	0
232	362	-1	0
362	289	-1	0
289	39	-1	0
39	88	-1	0
88	306	-1	0
306	347	-1	0
347	264	-1	0
264	62	-1	0
62	357	-1	0
357	295	-1	0
295	179	-1	0
179	261	-1	0
261	111	-1	0
111	140	-1	0
140	329	-1	0
329	341	-1	0
341	311	-1	0
311	20	-1	0
20	90	-1	0
90	366	-1	0
366	36	-1	0
36	235	-1	0
235	180	-1	0
180	169	-1	0
169	89	-1	0
89	187	-1	0
187	57	-1	0
57	134	-1	0
134	373	-1	0
373	204	-1	0
204	12	-1	0
12	321	-1	0
321	172	-1	0
172	45	-1	0
45	55	-1	0
55	247	-1	0
247	200	-1	0
200	49	-1	0
49	126	-1	0
126	260	-1	0
260	68	-1	0
68	312	-1	0
312	294	-1	0
294	152	-1	0
152	7	-1	0
7	282	-1	0
282	52	-1	0
52	266	-1	0
266	73	-1	0
73	351	-1	0
351	287	-1	0
287	206	-1	0
206	121	-1	0
121	239	-1	0
239	138	-1	0
138	33	-1	0
33	173	-1	0
173	114	-1	0
114	350	-1	0
350	210	-1	0
210	186	-1	0
186	219	-1	0
219	371	-1	0
371	344	-1	0
344	205	-1	0
205	308	-1	0
308	34	-1	0
34	372	-1	0
372	214	-1	0
214	123	-1	0
123	343	-1	0
343	194	-1	0
194	334	-1	0
334	217	-1	0
217	309	-1	0
309	216	-1	0
216	254	-1	0
254	225	-1	0
225	191	-1	0
191	175	-1	0
175	22	-1	0
22	231	-1	0
231	299	-1	0
299	24	-1	0
24	9	-1	0
9	307	-1	0
307	91	-1	0
91	271	-1	0
271	185	-1	0
185	80	-1	0
80	233	-1	0
233	263	-1	0
263	38	-1	0
38	298	-1	0
298	203	-1	0
203	76	-1	0
76	198	-1	0
198	213	-1	0
213	64	-1	0
64	316	-1	0
316	94	-1	0
94	156	-1	0
156	345	-1	0
345	81	-1	0
81	215	-1	0
215	340	-1	0
340	346	-1	0
346	223	-1	0
223	40	-1	0
40	104	-1	0
104	359	-1	0
359	148	-1	0
148	330	-1	0
330	117	-1	0
117	252	-1	0
252	174	-1	0
174	181	-1	0
181	92	-1	0
92	159	-1	0
159	63	-1	0
63	0	-1	0
