/* Number of Operations */
500
/* List of Operations. */
/* Start	End	Fly	#Internal	Locations...*/
0	427	-1	0
427	292	-1	0
292	455	-1	0
455	217	-1	0
217	314	-1	0
314	419	-1	0
419	481	-1	0
481	362	-1	0
362	93	-1	0
93	176	-1	0
176	417	-1	0
417	183	-1	0
183	384	-1	0
384	405	-1	0
405	291	-1	0
291	467	-1	0
467	476	-1	0
476	190	-1	0
190	138	-1	0
138	158	-1	0
158	433	-1	0
433	381	-1	0
381	443	-1	0
443	416	-1	0
416	13	-1	0
13	209	-1	0
209	20	-1	0
20	47	-1	0
47	214	-1	0
214	225	-1	0
225	352	-1	0
352	65	-1	0
65	297	-1	0
297	426	-1	0
426	53	-1	0
53	378	-1	0
378	320	-1	0
320	463	-1	0
463	136	-1	0
136	115	-1	0
115	167	-1	0
167	156	-1	0
156	76	-1	0
76	458	-1	0
458	67	-1	0
67	310	-1	0
310	56	-1	0
56	278	-1	0
278	420	-1	0
420	230	-1	0
230	71	-1	0
71	42	-1	0
42	162	-1	0
162	359	-1	0
359	343	-1	0
343	88	-1	0
88	38	-1	0
38	487	-1	0
487	108	-1	0
108	7	-1	0
7	174	-1	0
174	262	-1	0
262	282	-1	0
282	289	-1	0
289	325	-1	0
325	263	-1	0
263	8	-1	0
8	375	-1	0
375	231	-1	0
231	390	-1	0
390	2	-1	0
2	270	-1	0
270	312	-1	0
312	184	-1	0
184	102	-1	0
102	236	-1	0
236	170	-1	0
170	296	-1	0
296	318	-1	0
318	331	-1	0
331	379	-1	0
379	226	-1	0
226	332	-1	0
332	66	-1	0
66	445	-1	0
445	448	-1	0
448	89	-1	0
89	128	-1	0
128	3	-1	0
3	408	-1	0
408	323	-1	0
323	139	-1	0
139	392	-1	0
392	211	-1	0
211	122	-1	0
122	464	-1	0
464	201	-1	0
201	97	-1	0
97	245	-1	0
245	146	-1	0
146	172	-1	0
172	454	-1	0
454	49	-1	0
49	322	-1	0
322	221	-1	0
221	434	-1	0
434	196	-1	0
196	194	-1	0
194	112	-1	0
112	80	-1	0
80	54	-1	0
54	369	-1	0
369	457	-1	0
457	229	-1	0
229	160	-1	0
160	182	-1	0
182	157	-1	0
157	303	-1	0
303	326	-1	0
326	72	-1	0
72	351	-1	0
351	161	-1	0
161	23	-1	0
23	449	-1	0
449	69	-1	0
69	210	-1	0
210	317	-1	0
317	235	-1	0
235	169	-1	0
169	480	-1	0
480	329	-1	0
329	17	-1	0
17	195	-1	0
195	470	-1	0
470	260	-1	0
260	354	-1	0
354	61	-1	0
61	491	-1	0
491	145	-1	0
145	358	-1	0
358	31	-1	0
31	25	-1	0
25	186	-1	0
186	171	-1	0
171	28	-1	0
28	474	-1	0
474	382	-1	0
382	222	-1	0
222	228	-1	0
228	383	-1	0
383	59	-1	0
59	55	-1	0
55	12	-1	0
12	436	-1	0
436	117	-1	0
117	432	-1	0
432	91	-1	0
91	148	-1	0
148	492	-1	0
492	32	-1	0
32	324	-1	0
324	399	-1	0
399	446	-1	0
446	460	-1	0
460	344	-1	0
344	233	-1	0
233	411	-1	0
411	415	-1	0
415	141	-1	0
141	77	-1	0
77	60	-1	0
60	198	-1	0
198	428	-1	0
428	1	-1	0
1	342	-1	0
342	308	-1	0
308	360	-1	0
360	95	-1	0
95	253	-1	0
253	394	-1	0
394	274	-1	0
274	166	-1	0
166	336	-1	0
336	227	-1	0
227	319	-1	0
319	300	-1	0
300	94	-1	0
94	199	-1	0
199	357	-1	0
357	99	-1	0
99	288	-1	0
288	140	-1	0
140	380	-1	0
380	243	-1	0
243	295	-1	0
295	73	-1	0
73	135	-1	0
135	429	-1	0
429	389	-1	0
389	315	-1	0
315	447	-1	0
447	45	-1	0
45	103	-1	0
103	489	-1	0
489	62	-1	0
62	151	-1	0
151	373	-1	0
373	407	-1	0
407	18	-1	0
18	350	-1	0
350	219	-1	0
219	111	-1	0
111	438	-1	0
438	353	-1	0
353	363	-1	0
363	285	-1	0
285	376	-1	0
376	96	-1	0
96	497	-1	0
497	207	-1	0
207	249	-1	0
249	109	-1	0
109	240	-1	0
240	367	-1	0
367	435	-1	0
435	129	-1	0
129	266	-1	0
266	106	-1	0
106	393	-1	0
393	264	-1	0
264	271	-1	0
271	280	-1	0
280	101	-1	0
101	203	-1	0
203	316	-1	0
316	37	-1	0
37	483	-1	0
483	232	-1	0
232	471	-1	0
471	267	-1	0
267	348	-1	0
348	301	-1	0
301	488	-1	0
488	191	-1	0
191	149	-1	0
149	461	-1	0
461	197	-1	0
197	85	-1	0
85	22	-1	0
22	121	-1	0
121	306	-1	0
306	388	-1	0
388	127	-1	0
127	10	-1	0
10	453	-1	0
453	440	-1	0
440	118	-1	0
118	442	-1	0
442	410	-1	0
410	14	-1	0
14	340	-1	0
340	208	-1	0
208	33	-1	0
33	185	-1	0
185	311	-1	0
311	276	-1	0
276	215	-1	0
215	132	-1	0
132	104	-1	0
104	144	-1	0
144	254	-1	0
254	134	-1	0
134	268	-1	0
268	163	-1	0
163	272	-1	0
272	370	-1	0
370	309	-1	0
309	347	-1	0
347	374	-1	0
374	244	-1	0
244	15	-1	0
15	345	-1	0
345	313	-1	0
313	466	-1	0
466	265	-1	0
265	355	-1	0
355	387	-1	0
387	450	-1	0
450	220	-1	0
220	44	-1	0
44	472	-1	0
472	238	-1	0
238	206	-1	0
206	125	-1	0
125	16	-1	0
16	465	-1	0
465	213	-1	0
213	119	-1	0
119	180	-1	0
180	75	-1	0
75	286	-1	0
286	484	-1	0
484	237	-1	0
237	281	-1	0
281	212	-1	0
212	78	-1	0
78	385	-1	0
385	9	-1	0
9	397	-1	0
397	441	-1	0
441	287	-1	0
287	11	-1	0
11	34	-1	0
34	68	-1	0
68	179	-1	0
179	46	-1	0
46	372	-1	0
372	334	-1	0
334	57	-1	0
57	337	-1	0
337	223	-1	0
223	346	-1	0
346	437	-1	0
437	304	-1	0
304	413	-1	0
413	35	-1	0
35	395	-1	0
395	110	-1	0
110	81	-1	0
81	298	-1	0
298	19	-1	0
19	400	-1	0
400	406	-1	0
406	143	-1	0
143	126	-1	0
126	79	-1	0
79	421	-1	0
421	294	-1	0
294	430	-1	0
430	204	-1	0
204	36	-1	0
36	261	-1	0
261	409	-1	0
409	256	-1	0
256	283	-1	0
283	21	-1	0
21	150	-1	0
150	153	-1	0
153	490	-1	0
490	84	-1	0
84	444	-1	0
444	456	-1	0
456	401	-1	0
401	494	-1	0
494	361	-1	0
361	27	-1	0
27	341	-1	0
341	279	-1	0
279	224	-1	0
224	41	-1	0
41	30	-1	0
30	51	-1	0
51	142	-1	0
142	259	-1	0
259	175	-1	0
175	24	-1	0
24	83	-1	0
83	246	-1	0
246	338	-1	0
338	189	-1	0
189	333	-1	0
333	403	-1	0
403	269	-1	0
269	356	-1	0
356	251	-1	0
251	100	-1	0
100	52	-1	0
52	391	-1	0
391	493	-1	0
493	5	-1	0
5	86	-1	0
86	113	-1	0
113	181	-1	0
181	498	-1	0
498	404	-1	0
404	26	-1	0
26	402	-1	0
402	250	-1	0
250	496	-1	0
496	92	-1	0
92	177	-1	0
177	365	-1	0
365	328	-1	0
328	218	-1	0
218	40	-1	0
40	248	-1	0
248	305	-1	0
305	98	-1	0
98	90	-1	0
90	147	-1	0
147	414	-1	0
414	423	-1	0
423	425	-1	0
425	192	-1	0
192	273	-1	0
273	216	-1	0
216	349	-1	0
349	478	-1	0
478	187	-1	0
187	247	-1	0
247	486	-1	0
486	159	-1	0
159	452	-1	0
452	152	-1	0
152	499	-1	0
499	495	-1	0
495	50	-1	0
50	321	-1	0
321	412	-1	0
412	123	-1	0
123	335	-1	0
335	371	-1	0
371	6	-1	0
6	431	-1	0
431	70	-1	0
70	377	-1	0
377	252	-1	0
252	164	-1	0
164	479	-1	0
479	43	-1	0
43	137	-1	0
137	130	-1	0
130	87	-1	0
87	290	-1	0
290	327	-1	0
327	462	-1	0
462	120	-1	0
120	275	-1	0
275	188	-1	0
188	255	-1	0
255	165	-1	0
165	439	-1	0
439	330	-1	0
330	475	-1	0
475	154	-1	0
154	257	-1	0
257	424	-1	0
424	339	-1	0
339	124	-1	0
124	307	-1	0
307	202	-1	0
202	200	-1	0
200	107	-1	0
107	82	-1	0
82	133	-1	0
133	364	-1	0
364	459	-1	0
459	396	-1	0
396	477	-1	0
477	234	-1	0
234	39	-1	0
39	258	-1	0
258	193	-1	0
193	469	-1	0
469	63	-1	0
63	418	-1	0
418	299	-1	0
299	422	-1	0
422	482	-1	0
482	398	-1	0
398	241	-1	0
241	178	-1	0
178	366	-1	0
366	242	-1	0
242	302	-1	0
302	277	-1	0
277	205	-1	0
205	64	-1	0
64	386	-1	0
386	48	-1	0
48	29	-1	0
29	131	-1	0
131	155	-1	0
155	451	-1	0
451	168	-1	0
168	58	-1	0
58	116	-1	0
116	284	-1	0
284	473	-1	0
473	105	-1	0
105	468	-1	0
468	485	-1	0
485	4	-1	0
4	368	-1	0
368	239	-1	0
239	173	-1	0
173	74	-1	0
74	293	-1	0
293	114	-1	0
114	0	-1	0
