/* Number of Operations */
375
/* List of Operations. */
/* Start	End	Fly	#Internal	Locations...*/
0	154	-1	0
154	322	-1	0
322	100	-1	0
100	168	-1	0
168	197	-1	0
197	136	-1	0
136	118	-1	0
118	339	-1	0
339	104	-1	0
104	68	-1	0
68	290	-1	0
290	128	-1	0
128	15	-1	0
15	25	-1	0
25	186	-1	0
186	177	-1	0
177	299	-1	0
299	22	-1	0
22	181	-1	0
181	93	-1	0
93	106	-1	0
106	313	-1	0
313	47	-1	0
47	1	-1	0
1	332	-1	0
332	370	-1	0
370	115	-1	0
115	31	-1	0
31	193	-1	0
193	52	-1	0
52	261	-1	0
261	119	-1	0
119	78	-1	0
78	204	-1	0
204	272	-1	0
272	215	-1	0
215	155	-1	0
155	320	-1	0
320	362	-1	0
362	30	-1	0
30	32	-1	0
32	205	-1	0
205	214	-1	0
214	233	-1	0
233	319	-1	0
319	129	-1	0
129	354	-1	0
354	125	-1	0
125	59	-1	0
59	219	-1	0
219	148	-1	0
148	82	-1	0
82	345	-1	0
345	146	-1	0
146	211	-1	0
211	56	-1	0
56	147	-1	0
147	49	-1	0
49	6	-1	0
6	303	-1	0
303	289	-1	0
289	61	-1	0
61	51	-1	0
51	317	-1	0
317	206	-1	0
206	288	-1	0
288	184	-1	0
184	179	-1	0
179	67	-1	0
67	85	-1	0
85	244	-1	0
244	57	-1	0
57	8	-1	0
8	374	-1	0
374	16	-1	0
16	242	-1	0
242	324	-1	0
324	40	-1	0
40	171	-1	0
171	359	-1	0
359	126	-1	0
126	20	-1	0
20	166	-1	0
166	344	-1	0
344	351	-1	0
351	314	-1	0
314	96	-1	0
96	187	-1	0
187	221	-1	0
221	46	-1	0
46	278	-1	0
278	247	-1	0
247	251	-1	0
251	45	-1	0
45	223	-1	0
223	102	-1	0
102	284	-1	0
284	10	-1	0
10	86	-1	0
86	17	-1	0
17	109	-1	0
109	209	-1	0
209	158	-1	0
158	353	-1	0
353	300	-1	0
300	84	-1	0
84	336	-1	0
336	357	-1	0
357	212	-1	0
212	296	-1	0
296	103	-1	0
103	316	-1	0
316	44	-1	0
44	210	-1	0
210	234	-1	0
234	159	-1	0
159	358	-1	0
358	365	-1	0
365	327	-1	0
327	228	-1	0
228	337	-1	0
337	131	-1	0
131	355	-1	0
355	213	-1	0
213	343	-1	0
343	180	-1	0
180	69	-1	0
69	114	-1	0
114	198	-1	0
198	262	-1	0
262	190	-1	0
190	297	-1	0
297	64	-1	0
64	253	-1	0
253	123	-1	0
123	58	-1	0
58	346	-1	0
346	175	-1	0
175	111	-1	0
111	250	-1	0
250	141	-1	0
141	169	-1	0
169	246	-1	0
246	24	-1	0
24	90	-1	0
90	66	-1	0
66	301	-1	0
301	348	-1	0
348	371	-1	0
371	276	-1	0
276	95	-1	0
95	283	-1	0
283	105	-1	0
105	208	-1	0
208	151	-1	0
151	112	-1	0
112	249	-1	0
249	92	-1	0
92	60	-1	0
60	178	-1	0
178	318	-1	0
318	356	-1	0
356	236	-1	0
236	224	-1	0
224	229	-1	0
229	298	-1	0
298	350	-1	0
350	368	-1	0
368	248	-1	0
248	117	-1	0
117	7	-1	0
7	2	-1	0
2	80	-1	0
80	310	-1	0
310	132	-1	0
132	19	-1	0
19	170	-1	0
170	315	-1	0
315	347	-1	0
347	352	-1	0
352	110	-1	0
110	189	-1	0
189	71	-1	0
71	323	-1	0
323	163	-1	0
163	333	-1	0
333	216	-1	0
216	35	-1	0
35	363	-1	0
363	226	-1	0
226	361	-1	0
361	304	-1	0
304	269	-1	0
269	254	-1	0
254	285	-1	0
285	274	-1	0
274	39	-1	0
39	38	-1	0
38	341	-1	0
341	144	-1	0
144	188	-1	0
188	79	-1	0
79	295	-1	0
295	277	-1	0
277	293	-1	0
293	328	-1	0
328	14	-1	0
14	88	-1	0
88	176	-1	0
176	9	-1	0
9	98	-1	0
98	307	-1	0
307	196	-1	0
196	116	-1	0
116	3	-1	0
3	162	-1	0
162	26	-1	0
26	11	-1	0
11	130	-1	0
130	306	-1	0
306	89	-1	0
89	113	-1	0
113	308	-1	0
308	54	-1	0
54	264	-1	0
264	160	-1	0
160	142	-1	0
142	275	-1	0
275	182	-1	0
182	252	-1	0
252	156	-1	0
156	63	-1	0
63	364	-1	0
364	282	-1	0
282	43	-1	0
43	174	-1	0
174	258	-1	0
258	245	-1	0
245	94	-1	0
94	302	-1	0
302	267	-1	0
267	270	-1	0
270	97	-1	0
97	280	-1	0
280	349	-1	0
349	83	-1	0
83	145	-1	0
145	367	-1	0
367	37	-1	0
37	21	-1	0
21	241	-1	0
241	74	-1	0
74	87	-1	0
87	143	-1	0
143	138	-1	0
138	222	-1	0
222	29	-1	0
29	127	-1	0
127	227	-1	0
227	342	-1	0
342	153	-1	0
153	281	-1	0
281	294	-1	0
294	120	-1	0
120	225	-1	0
225	4	-1	0
4	195	-1	0
195	292	-1	0
292	75	-1	0
75	266	-1	0
266	62	-1	0
62	259	-1	0
259	72	-1	0
72	99	-1	0
99	340	-1	0
340	199	-1	0
199	48	-1	0
48	172	-1	0
172	164	-1	0
164	53	-1	0
53	372	-1	0
372	133	-1	0
133	255	-1	0
255	191	-1	0
191	237	-1	0
237	91	-1	0
91	312	-1	0
312	55	-1	0
55	265	-1	0
265	41	-1	0
41	263	-1	0
263	28	-1	0
28	165	-1	0
165	334	-1	0
334	260	-1	0
260	338	-1	0
338	220	-1	0
220	279	-1	0
279	309	-1	0
309	108	-1	0
108	256	-1	0
256	311	-1	0
311	243	-1	0
243	13	-1	0
13	149	-1	0
149	139	-1	0
139	326	-1	0
326	161	-1	0
161	239	-1	0
239	325	-1	0
325	50	-1	0
50	369	-1	0
369	231	-1	0
231	286	-1	0
286	34	-1	0
34	42	-1	0
42	173	-1	0
173	360	-1	0
360	36	-1	0
36	235	-1	0
235	183	-1	0
183	373	-1	0
373	137	-1	0
137	185	-1	0
185	194	-1	0
194	200	-1	0
200	217	-1	0
217	77	-1	0
77	331	-1	0
331	335	-1	0
335	101	-1	0
101	271	-1	0
271	121	-1	0
121	27	-1	0
27	330	-1	0
330	305	-1	0
305	240	-1	0
240	124	-1	0
124	107	-1	0
107	238	-1	0
238	140	-1	0
140	18	-1	0
18	232	-1	0
232	273	-1	0
273	366	-1	0
366	23	-1	0
23	76	-1	0
76	268	-1	0
268	152	-1	0
152	218	-1	0
218	135	-1	0
135	202	-1	0
202	257	-1	0
257	167	-1	0
167	287	-1	0
287	12	-1	0
12	65	-1	0
65	329	-1	0
329	33	-1	0
33	122	-1	0
122	157	-1	0
157	5	-1	0
5	70	-1	0
70	207	-1	0
207	321	-1	0
321	201	-1	0
201	192	-1	0
192	203	-1	0
203	230	-1	0
230	150	-1	0
150	291	-1	0
291	81	-1	0
81	73	-1	0
73	134	-1	0
134	0	-1	0
