/* Number of Operations */
250
/* List of Operations. */
/* Start	End	Fly	#Internal	Locations...*/
0	161	-1	0
161	20	-1	0
20	166	-1	0
166	107	-1	0
107	121	-1	0
121	123	-1	0
123	37	-1	0
37	220	-1	0
220	59	-1	0
59	157	-1	0
157	73	-1	0
73	160	-1	0
160	58	-1	0
58	169	-1	0
169	83	-1	0
83	24	-1	0
24	22	-1	0
22	101	-1	0
101	237	-1	0
237	205	-1	0
205	162	-1	0
162	4	-1	0
4	61	-1	0
61	195	-1	0
195	109	-1	0
109	194	-1	0
194	77	-1	0
77	231	-1	0
231	185	-1	0
185	132	-1	0
132	74	-1	0
74	226	-1	0
226	229	-1	0
229	158	-1	0
158	116	-1	0
116	225	-1	0
225	112	-1	0
112	142	-1	0
142	244	-1	0
244	27	-1	0
27	163	-1	0
163	106	-1	0
106	30	-1	0
30	46	-1	0
46	124	-1	0
124	67	-1	0
67	56	-1	0
56	42	-1	0
42	164	-1	0
164	240	-1	0
240	23	-1	0
23	151	-1	0
151	17	-1	0
17	133	-1	0
133	122	-1	0
122	176	-1	0
176	113	-1	0
113	152	-1	0
152	21	-1	0
21	234	-1	0
234	202	-1	0
202	139	-1	0
139	53	-1	0
53	246	-1	0
246	236	-1	0
236	8	-1	0
8	40	-1	0
40	206	-1	0
206	208	-1	0
208	127	-1	0
127	154	-1	0
154	224	-1	0
224	80	-1	0
80	131	-1	0
131	187	-1	0
187	181	-1	0
181	100	-1	0
100	179	-1	0
179	150	-1	0
150	120	-1	0
120	147	-1	0
147	174	-1	0
174	7	-1	0
7	137	-1	0
137	235	-1	0
235	65	-1	0
65	19	-1	0
19	209	-1	0
209	136	-1	0
136	103	-1	0
103	51	-1	0
51	248	-1	0
248	156	-1	0
156	173	-1	0
173	110	-1	0
110	69	-1	0
69	49	-1	0
49	141	-1	0
141	104	-1	0
104	102	-1	0
102	57	-1	0
57	171	-1	0
171	62	-1	0
62	184	-1	0
184	243	-1	0
243	212	-1	0
212	159	-1	0
159	148	-1	0
148	39	-1	0
39	218	-1	0
218	85	-1	0
85	60	-1	0
60	223	-1	0
223	125	-1	0
125	15	-1	0
15	66	-1	0
66	189	-1	0
189	9	-1	0
9	214	-1	0
214	117	-1	0
117	210	-1	0
210	232	-1	0
232	6	-1	0
6	87	-1	0
87	12	-1	0
12	111	-1	0
111	16	-1	0
16	175	-1	0
175	2	-1	0
2	71	-1	0
71	72	-1	0
72	84	-1	0
84	155	-1	0
155	90	-1	0
90	193	-1	0
193	219	-1	0
219	241	-1	0
241	82	-1	0
82	170	-1	0
170	192	-1	0
192	134	-1	0
134	221	-1	0
221	52	-1	0
52	48	-1	0
48	55	-1	0
55	115	-1	0
115	68	-1	0
68	168	-1	0
168	88	-1	0
88	242	-1	0
242	1	-1	0
1	200	-1	0
200	118	-1	0
118	63	-1	0
63	50	-1	0
50	196	-1	0
196	215	-1	0
215	180	-1	0
180	43	-1	0
43	45	-1	0
45	5	-1	0
5	34	-1	0
34	44	-1	0
44	92	-1	0
92	172	-1	0
172	18	-1	0
18	114	-1	0
114	178	-1	0
178	26	-1	0
26	198	-1	0
198	149	-1	0
149	32	-1	0
32	97	-1	0
97	249	-1	0
249	138	-1	0
138	247	-1	0
247	177	-1	0
177	140	-1	0
140	191	-1	0
191	31	-1	0
31	239	-1	0
239	95	-1	0
95	126	-1	0
126	128	-1	0
128	14	-1	0
14	29	-1	0
29	79	-1	0
79	54	-1	0
54	207	-1	0
207	238	-1	0
238	144	-1	0
144	64	-1	0
64	91	-1	0
91	76	-1	0
76	70	-1	0
70	93	-1	0
93	25	-1	0
25	130	-1	0
130	89	-1	0
89	28	-1	0
28	99	-1	0
99	201	-1	0
201	96	-1	0
96	197	-1	0
197	165	-1	0
165	13	-1	0
13	233	-1	0
233	41	-1	0
41	35	-1	0
35	217	-1	0
217	36	-1	0
36	183	-1	0
183	3	-1	0
3	146	-1	0
146	94	-1	0
94	135	-1	0
135	105	-1	0
105	145	-1	0
145	245	-1	0
245	75	-1	0
75	119	-1	0
119	213	-1	0
213	204	-1	0
204	47	-1	0
47	190	-1	0
190	86	-1	0
86	153	-1	0
153	143	-1	0
143	227	-1	0
227	203	-1	0
203	228	-1	0
228	108	-1	0
108	167	-1	0
167	78	-1	0
78	11	-1	0
11	98	-1	0
98	211	-1	0
211	188	-1	0
188	81	-1	0
81	216	-1	0
216	199	-1	0
199	33	-1	0
33	38	-1	0
38	186	-1	0
186	230	-1	0
230	10	-1	0
10	222	-1	0
222	182	-1	0
182	129	-1	0
129	0	-1	0
