/* Number of Operations */
175
/* List of Operations. */
/* Start	End	Fly	#Internal	Locations...*/
0	156	-1	0
156	27	-1	0
27	160	-1	0
160	120	-1	0
120	155	-1	0
155	76	-1	0
76	151	-1	0
151	94	-1	0
94	62	-1	0
62	116	-1	0
116	56	-1	0
56	80	-1	0
80	145	-1	0
145	98	-1	0
98	128	-1	0
128	109	-1	0
109	132	-1	0
132	46	-1	0
46	130	-1	0
130	117	-1	0
117	74	-1	0
74	77	-1	0
77	43	-1	0
43	21	-1	0
21	129	-1	0
129	64	-1	0
64	138	-1	0
138	65	-1	0
65	52	-1	0
52	114	-1	0
114	131	-1	0
131	90	-1	0
90	7	-1	0
7	161	-1	0
161	159	-1	0
159	14	-1	0
14	166	-1	0
166	8	-1	0
8	169	-1	0
169	152	-1	0
152	29	-1	0
29	157	-1	0
157	37	-1	0
37	118	-1	0
118	36	-1	0
36	112	-1	0
112	150	-1	0
150	162	-1	0
162	1	-1	0
1	93	-1	0
93	2	-1	0
2	100	-1	0
100	134	-1	0
134	5	-1	0
5	53	-1	0
53	41	-1	0
41	172	-1	0
172	143	-1	0
143	163	-1	0
163	67	-1	0
67	105	-1	0
105	17	-1	0
17	78	-1	0
78	3	-1	0
3	42	-1	0
42	119	-1	0
119	38	-1	0
38	146	-1	0
146	126	-1	0
126	113	-1	0
113	45	-1	0
45	57	-1	0
57	127	-1	0
127	91	-1	0
91	158	-1	0
158	92	-1	0
92	140	-1	0
140	107	-1	0
107	85	-1	0
85	139	-1	0
139	58	-1	0
58	72	-1	0
72	99	-1	0
99	16	-1	0
16	54	-1	0
54	122	-1	0
122	83	-1	0
83	87	-1	0
87	137	-1	0
137	31	-1	0
31	174	-1	0
174	95	-1	0
95	170	-1	0
170	86	-1	0
86	30	-1	0
30	10	-1	0
10	24	-1	0
24	142	-1	0
142	103	-1	0
103	6	-1	0
6	35	-1	0
35	101	-1	0
101	23	-1	0
23	102	-1	0
102	148	-1	0
148	48	-1	0
48	63	-1	0
63	34	-1	0
34	124	-1	0
124	71	-1	0
71	70	-1	0
70	125	-1	0
125	28	-1	0
28	55	-1	0
55	73	-1	0
73	19	-1	0
19	22	-1	0
22	75	-1	0
75	108	-1	0
108	106	-1	0
106	69	-1	0
69	147	-1	0
147	96	-1	0
96	167	-1	0
167	25	-1	0
25	59	-1	0
59	136	-1	0
136	149	-1	0
149	20	-1	0
20	9	-1	0
9	97	-1	0
97	171	-1	0
171	164	-1	0
164	82	-1	0
82	18	-1	0
18	123	-1	0
123	47	-1	0
47	79	-1	0
79	12	-1	0
12	115	-1	0
115	165	-1	0
165	13	-1	0
13	168	-1	0
168	121	-1	0
121	60	-1	0
60	154	-1	0
154	44	-1	0
44	84	-1	0
84	66	-1	0
66	173	-1	0
173	144	-1	0
144	104	-1	0
104	110	-1	0
110	15	-1	0
15	50	-1	0
50	68	-1	0
68	61	-1	0
61	88	-1	0
88	89	-1	0
89	40	-1	0
40	39	-1	0
39	51	-1	0
51	49	-1	0
49	4	-1	0
4	81	-1	0
81	32	-1	0
32	11	-1	0
11	26	-1	0
26	133	-1	0
133	33	-1	0
33	141	-1	0
141	153	-1	0
153	111	-1	0
111	135	-1	0
135	0	-1	0
