/* Number of Operations */
250
/* List of Operations. */
/* Start	End	Fly	#Internal	Locations...*/
0	204	-1	0
204	140	-1	0
140	13	-1	0
13	136	-1	0
136	157	-1	0
157	210	-1	0
210	132	-1	0
132	115	-1	0
115	79	-1	0
79	155	-1	0
155	125	-1	0
125	214	-1	0
214	177	-1	0
177	101	-1	0
101	118	-1	0
118	23	-1	0
23	131	-1	0
131	242	-1	0
242	235	-1	0
235	127	-1	0
127	172	-1	0
172	90	-1	0
90	179	-1	0
179	56	-1	0
56	33	-1	0
33	41	-1	0
41	38	-1	0
38	133	-1	0
133	187	-1	0
187	37	-1	0
37	27	-1	0
27	89	-1	0
89	197	-1	0
197	185	-1	0
185	170	-1	0
170	43	-1	0
43	126	-1	0
126	191	-1	0
191	227	-1	0
227	52	-1	0
52	30	-1	0
30	234	-1	0
234	189	-1	0
189	50	-1	0
50	95	-1	0
95	146	-1	0
146	190	-1	0
190	240	-1	0
240	130	-1	0
130	83	-1	0
83	248	-1	0
248	32	-1	0
32	88	-1	0
88	65	-1	0
65	226	-1	0
226	19	-1	0
19	174	-1	0
174	104	-1	0
104	209	-1	0
209	145	-1	0
145	25	-1	0
25	94	-1	0
94	216	-1	0
216	245	-1	0
245	108	-1	0
108	85	-1	0
85	147	-1	0
147	150	-1	0
150	60	-1	0
60	202	-1	0
202	165	-1	0
165	100	-1	0
100	5	-1	0
5	167	-1	0
167	31	-1	0
31	102	-1	0
102	62	-1	0
62	143	-1	0
143	196	-1	0
196	244	-1	0
244	15	-1	0
15	12	-1	0
12	105	-1	0
105	247	-1	0
247	154	-1	0
154	58	-1	0
58	192	-1	0
192	93	-1	0
93	175	-1	0
175	215	-1	0
215	217	-1	0
217	61	-1	0
61	69	-1	0
69	59	-1	0
59	82	-1	0
82	97	-1	0
97	211	-1	0
211	249	-1	0
249	135	-1	0
135	10	-1	0
10	122	-1	0
122	80	-1	0
80	67	-1	0
67	28	-1	0
28	34	-1	0
34	180	-1	0
180	151	-1	0
151	113	-1	0
113	6	-1	0
6	123	-1	0
123	203	-1	0
203	121	-1	0
121	149	-1	0
149	112	-1	0
112	137	-1	0
137	86	-1	0
86	48	-1	0
48	72	-1	0
72	8	-1	0
8	168	-1	0
168	14	-1	0
14	70	-1	0
70	57	-1	0
57	153	-1	0
153	87	-1	0
87	183	-1	0
183	44	-1	0
44	1	-1	0
1	239	-1	0
239	99	-1	0
99	158	-1	0
158	198	-1	0
198	188	-1	0
188	77	-1	0
77	46	-1	0
46	159	-1	0
159	230	-1	0
230	194	-1	0
194	24	-1	0
24	21	-1	0
21	208	-1	0
208	92	-1	0
92	114	-1	0
114	107	-1	0
107	161	-1	0
161	236	-1	0
236	63	-1	0
63	110	-1	0
110	22	-1	0
22	233	-1	0
233	207	-1	0
207	139	-1	0
139	218	-1	0
218	246	-1	0
246	141	-1	0
141	96	-1	0
96	53	-1	0
53	142	-1	0
142	193	-1	0
193	162	-1	0
162	225	-1	0
225	98	-1	0
98	106	-1	0
106	129	-1	0
129	243	-1	0
243	164	-1	0
164	169	-1	0
169	224	-1	0
224	205	-1	0
205	186	-1	0
186	68	-1	0
68	75	-1	0
75	229	-1	0
229	228	-1	0
228	47	-1	0
47	156	-1	0
156	152	-1	0
152	120	-1	0
120	84	-1	0
84	4	-1	0
4	51	-1	0
51	45	-1	0
45	199	-1	0
199	18	-1	0
18	9	-1	0
9	238	-1	0
238	81	-1	0
81	128	-1	0
128	195	-1	0
195	221	-1	0
221	220	-1	0
220	91	-1	0
91	160	-1	0
160	119	-1	0
119	73	-1	0
73	138	-1	0
138	134	-1	0
134	7	-1	0
7	212	-1	0
212	163	-1	0
163	66	-1	0
66	71	-1	0
71	178	-1	0
178	231	-1	0
231	11	-1	0
11	200	-1	0
200	124	-1	0
124	182	-1	0
182	144	-1	0
144	2	-1	0
2	16	-1	0
16	36	-1	0
36	201	-1	0
201	103	-1	0
103	49	-1	0
49	176	-1	0
176	39	-1	0
39	55	-1	0
55	184	-1	0
184	117	-1	0
117	40	-1	0
40	116	-1	0
116	17	-1	0
17	54	-1	0
54	109	-1	0
109	237	-1	0
237	76	-1	0
76	173	-1	0
173	35	-1	0
35	42	-1	0
42	111	-1	0
111	213	-1	0
213	64	-1	0
64	222	-1	0
222	29	-1	0
29	148	-1	0
148	26	-1	0
26	74	-1	0
74	232	-1	0
232	171	-1	0
171	223	-1	0
223	3	-1	0
3	219	-1	0
219	166	-1	0
166	20	-1	0
20	241	-1	0
241	78	-1	0
78	206	-1	0
206	181	-1	0
181	0	-1	0
