/* Number of Operations */
250
/* List of Operations. */
/* Start	End	Fly	#Internal	Locations...*/
0	218	-1	0
218	240	-1	0
240	104	-1	0
104	233	-1	0
233	96	-1	0
96	78	-1	0
78	198	-1	0
198	19	-1	0
19	50	-1	0
50	131	-1	0
131	5	-1	0
5	130	-1	0
130	80	-1	0
80	139	-1	0
139	102	-1	0
102	8	-1	0
8	161	-1	0
161	197	-1	0
197	148	-1	0
148	226	-1	0
226	153	-1	0
153	146	-1	0
146	239	-1	0
239	23	-1	0
23	26	-1	0
26	40	-1	0
40	81	-1	0
81	82	-1	0
82	162	-1	0
162	74	-1	0
74	193	-1	0
193	2	-1	0
2	71	-1	0
71	62	-1	0
62	91	-1	0
91	177	-1	0
177	94	-1	0
94	97	-1	0
97	217	-1	0
217	183	-1	0
183	223	-1	0
223	114	-1	0
114	178	-1	0
178	124	-1	0
124	16	-1	0
16	141	-1	0
141	242	-1	0
242	51	-1	0
51	1	-1	0
1	227	-1	0
227	25	-1	0
25	61	-1	0
61	88	-1	0
88	234	-1	0
234	87	-1	0
87	138	-1	0
138	64	-1	0
64	159	-1	0
159	203	-1	0
203	186	-1	0
186	132	-1	0
132	169	-1	0
169	20	-1	0
20	30	-1	0
30	9	-1	0
9	210	-1	0
210	111	-1	0
111	216	-1	0
216	195	-1	0
195	160	-1	0
160	142	-1	0
142	39	-1	0
39	224	-1	0
224	151	-1	0
151	79	-1	0
79	127	-1	0
127	215	-1	0
215	53	-1	0
53	228	-1	0
228	211	-1	0
211	144	-1	0
144	92	-1	0
92	221	-1	0
221	147	-1	0
147	188	-1	0
188	137	-1	0
137	244	-1	0
244	48	-1	0
48	212	-1	0
212	17	-1	0
17	60	-1	0
60	126	-1	0
126	182	-1	0
182	213	-1	0
213	133	-1	0
133	31	-1	0
31	134	-1	0
134	176	-1	0
176	158	-1	0
158	84	-1	0
84	43	-1	0
43	101	-1	0
101	122	-1	0
122	164	-1	0
164	170	-1	0
170	42	-1	0
42	199	-1	0
199	73	-1	0
73	76	-1	0
76	232	-1	0
232	229	-1	0
229	32	-1	0
32	100	-1	0
100	128	-1	0
128	57	-1	0
57	192	-1	0
192	49	-1	0
49	243	-1	0
243	163	-1	0
163	219	-1	0
219	175	-1	0
175	109	-1	0
109	85	-1	0
85	27	-1	0
27	119	-1	0
119	202	-1	0
202	12	-1	0
12	107	-1	0
107	93	-1	0
93	154	-1	0
154	54	-1	0
54	214	-1	0
214	45	-1	0
45	145	-1	0
145	208	-1	0
208	230	-1	0
230	52	-1	0
52	13	-1	0
13	181	-1	0
181	47	-1	0
47	235	-1	0
235	112	-1	0
112	231	-1	0
231	98	-1	0
98	136	-1	0
136	72	-1	0
72	105	-1	0
105	201	-1	0
201	245	-1	0
245	56	-1	0
56	143	-1	0
143	10	-1	0
10	140	-1	0
140	55	-1	0
55	65	-1	0
65	190	-1	0
190	152	-1	0
152	24	-1	0
24	171	-1	0
171	116	-1	0
116	36	-1	0
36	237	-1	0
237	21	-1	0
21	90	-1	0
90	35	-1	0
35	173	-1	0
173	241	-1	0
241	67	-1	0
67	156	-1	0
156	99	-1	0
99	7	-1	0
7	29	-1	0
29	22	-1	0
22	207	-1	0
207	63	-1	0
63	185	-1	0
185	86	-1	0
86	37	-1	0
37	125	-1	0
125	123	-1	0
123	155	-1	0
155	103	-1	0
103	68	-1	0
68	220	-1	0
220	200	-1	0
200	149	-1	0
149	115	-1	0
115	166	-1	0
166	18	-1	0
18	191	-1	0
191	110	-1	0
110	222	-1	0
222	77	-1	0
77	167	-1	0
167	174	-1	0
174	204	-1	0
204	83	-1	0
83	95	-1	0
95	44	-1	0
44	187	-1	0
187	205	-1	0
205	179	-1	0
179	121	-1	0
121	225	-1	0
225	189	-1	0
189	118	-1	0
118	106	-1	0
106	75	-1	0
75	236	-1	0
236	11	-1	0
11	113	-1	0
113	180	-1	0
180	59	-1	0
59	209	-1	0
209	46	-1	0
46	4	-1	0
4	120	-1	0
120	14	-1	0
14	38	-1	0
38	6	-1	0
6	184	-1	0
184	194	-1	0
194	150	-1	0
150	135	-1	0
135	41	-1	0
41	89	-1	0
89	247	-1	0
247	70	-1	0
70	206	-1	0
206	172	-1	0
172	165	-1	0
165	248	-1	0
248	15	-1	0
15	66	-1	0
66	168	-1	0
168	117	-1	0
117	238	-1	0
238	108	-1	0
108	129	-1	0
129	58	-1	0
58	34	-1	0
34	3	-1	0
3	33	-1	0
33	196	-1	0
196	28	-1	0
28	249	-1	0
249	69	-1	0
69	246	-1	0
246	157	-1	0
157	0	-1	0
