/* Number of Operations */
100
/* List of Operations. */
/* Start	End	Fly	#Internal	Locations...*/
0	87	-1	0
87	5	-1	0
5	89	-1	0
89	38	-1	0
38	41	-1	0
41	45	-1	0
45	48	-1	0
48	51	-1	0
51	52	-1	0
52	11	-1	0
11	30	-1	0
30	95	-1	0
95	68	-1	0
68	47	-1	0
47	59	-1	0
59	26	-1	0
26	31	-1	0
31	79	-1	0
79	54	-1	0
54	57	-1	0
57	28	-1	0
28	81	-1	0
81	94	-1	0
94	56	-1	0
56	20	-1	0
20	92	-1	0
92	22	-1	0
22	65	-1	0
65	17	-1	0
17	91	-1	0
91	24	-1	0
24	99	-1	0
99	83	-1	0
83	8	-1	0
8	74	-1	0
74	4	-1	0
4	97	-1	0
97	85	-1	0
85	29	-1	0
29	18	-1	0
18	96	-1	0
96	46	-1	0
46	14	-1	0
14	37	-1	0
37	39	-1	0
39	35	-1	0
35	44	-1	0
44	32	-1	0
32	15	-1	0
15	16	-1	0
16	61	-1	0
61	76	-1	0
76	64	-1	0
64	70	-1	0
70	50	-1	0
50	67	-1	0
67	36	-1	0
36	71	-1	0
71	77	-1	0
77	72	-1	0
72	88	-1	0
88	13	-1	0
13	93	-1	0
93	21	-1	0
21	53	-1	0
53	90	-1	0
90	42	-1	0
42	49	-1	0
49	69	-1	0
69	33	-1	0
33	3	-1	0
3	78	-1	0
78	60	-1	0
60	66	-1	0
66	84	-1	0
84	82	-1	0
82	58	-1	0
58	40	-1	0
40	12	-1	0
12	73	-1	0
73	7	-1	0
7	86	-1	0
86	62	-1	0
62	80	-1	0
80	98	-1	0
98	1	-1	0
1	27	-1	0
27	6	-1	0
6	19	-1	0
19	23	-1	0
23	63	-1	0
63	25	-1	0
25	10	-1	0
10	2	-1	0
2	43	-1	0
43	9	-1	0
9	34	-1	0
34	75	-1	0
75	55	-1	0
55	0	-1	0
