/* Number of Operations */
250
/* List of Operations. */
/* Start	End	Fly	#Internal	Locations...*/
0	175	-1	0
175	194	-1	0
194	123	-1	0
123	30	-1	0
30	171	-1	0
171	219	-1	0
219	237	-1	0
237	242	-1	0
242	58	-1	0
58	129	-1	0
129	208	-1	0
208	11	-1	0
11	157	-1	0
157	216	-1	0
216	139	-1	0
139	122	-1	0
122	183	-1	0
183	147	-1	0
147	225	-1	0
225	67	-1	0
67	121	-1	0
121	223	-1	0
223	35	-1	0
35	27	-1	0
27	215	-1	0
215	140	-1	0
140	42	-1	0
42	187	-1	0
187	218	-1	0
218	75	-1	0
75	110	-1	0
110	119	-1	0
119	177	-1	0
177	120	-1	0
120	115	-1	0
115	245	-1	0
245	160	-1	0
160	18	-1	0
18	152	-1	0
152	59	-1	0
59	34	-1	0
34	105	-1	0
105	224	-1	0
224	104	-1	0
104	37	-1	0
37	235	-1	0
235	233	-1	0
233	232	-1	0
232	64	-1	0
64	82	-1	0
82	6	-1	0
6	88	-1	0
88	71	-1	0
71	49	-1	0
49	246	-1	0
246	51	-1	0
51	93	-1	0
93	95	-1	0
95	236	-1	0
236	217	-1	0
217	94	-1	0
94	205	-1	0
205	112	-1	0
112	240	-1	0
240	81	-1	0
81	198	-1	0
198	172	-1	0
172	28	-1	0
28	192	-1	0
192	63	-1	0
63	39	-1	0
39	50	-1	0
50	25	-1	0
25	1	-1	0
1	47	-1	0
47	162	-1	0
162	167	-1	0
167	98	-1	0
98	212	-1	0
212	241	-1	0
241	23	-1	0
23	56	-1	0
56	207	-1	0
207	22	-1	0
22	200	-1	0
200	109	-1	0
109	161	-1	0
161	151	-1	0
151	168	-1	0
168	203	-1	0
203	220	-1	0
220	213	-1	0
213	57	-1	0
57	21	-1	0
21	53	-1	0
53	214	-1	0
214	48	-1	0
48	131	-1	0
131	83	-1	0
83	100	-1	0
100	189	-1	0
189	3	-1	0
3	176	-1	0
176	13	-1	0
13	159	-1	0
159	181	-1	0
181	4	-1	0
4	61	-1	0
61	125	-1	0
125	138	-1	0
138	106	-1	0
106	74	-1	0
74	190	-1	0
190	173	-1	0
173	89	-1	0
89	19	-1	0
19	101	-1	0
101	2	-1	0
2	85	-1	0
85	111	-1	0
111	31	-1	0
31	26	-1	0
26	97	-1	0
97	32	-1	0
32	62	-1	0
62	45	-1	0
45	76	-1	0
76	211	-1	0
211	166	-1	0
166	146	-1	0
146	174	-1	0
174	8	-1	0
8	14	-1	0
14	150	-1	0
150	149	-1	0
149	54	-1	0
54	91	-1	0
91	80	-1	0
80	86	-1	0
86	226	-1	0
226	209	-1	0
209	221	-1	0
221	7	-1	0
7	38	-1	0
38	156	-1	0
156	16	-1	0
16	165	-1	0
165	40	-1	0
40	231	-1	0
231	134	-1	0
134	178	-1	0
178	78	-1	0
78	227	-1	0
227	87	-1	0
87	229	-1	0
229	137	-1	0
137	144	-1	0
144	142	-1	0
142	15	-1	0
15	133	-1	0
133	43	-1	0
43	249	-1	0
249	29	-1	0
29	60	-1	0
60	158	-1	0
158	118	-1	0
118	141	-1	0
141	135	-1	0
135	68	-1	0
68	84	-1	0
84	148	-1	0
148	46	-1	0
46	102	-1	0
102	193	-1	0
193	128	-1	0
128	228	-1	0
228	182	-1	0
182	136	-1	0
136	9	-1	0
9	185	-1	0
185	5	-1	0
5	36	-1	0
36	12	-1	0
12	69	-1	0
69	92	-1	0
92	10	-1	0
10	247	-1	0
247	90	-1	0
90	201	-1	0
201	195	-1	0
195	248	-1	0
248	72	-1	0
72	230	-1	0
230	238	-1	0
238	66	-1	0
66	204	-1	0
204	79	-1	0
79	143	-1	0
143	186	-1	0
186	132	-1	0
132	210	-1	0
210	243	-1	0
243	103	-1	0
103	239	-1	0
239	191	-1	0
191	96	-1	0
96	107	-1	0
107	33	-1	0
33	202	-1	0
202	163	-1	0
163	188	-1	0
188	73	-1	0
73	145	-1	0
145	41	-1	0
41	116	-1	0
116	164	-1	0
164	153	-1	0
153	17	-1	0
17	70	-1	0
70	170	-1	0
170	179	-1	0
179	124	-1	0
124	24	-1	0
24	154	-1	0
154	196	-1	0
196	99	-1	0
99	206	-1	0
206	197	-1	0
197	44	-1	0
44	52	-1	0
52	108	-1	0
108	130	-1	0
130	184	-1	0
184	222	-1	0
222	234	-1	0
234	199	-1	0
199	65	-1	0
65	169	-1	0
169	55	-1	0
55	77	-1	0
77	113	-1	0
113	114	-1	0
114	244	-1	0
244	155	-1	0
155	180	-1	0
180	20	-1	0
20	127	-1	0
127	126	-1	0
126	117	-1	0
117	0	-1	0
