/* Number of Operations */
175
/* List of Operations. */
/* Start	End	Fly	#Internal	Locations...*/
0	41	-1	0
41	84	-1	0
84	144	-1	0
144	62	-1	0
62	3	-1	0
3	90	-1	0
90	88	-1	0
88	145	-1	0
145	123	-1	0
123	113	-1	0
113	99	-1	0
99	26	-1	0
26	114	-1	0
114	148	-1	0
148	65	-1	0
65	154	-1	0
154	2	-1	0
2	159	-1	0
159	151	-1	0
151	85	-1	0
85	21	-1	0
21	44	-1	0
44	13	-1	0
13	47	-1	0
47	25	-1	0
25	138	-1	0
138	56	-1	0
56	72	-1	0
72	79	-1	0
79	37	-1	0
37	95	-1	0
95	42	-1	0
42	68	-1	0
68	64	-1	0
64	168	-1	0
168	112	-1	0
112	60	-1	0
60	174	-1	0
174	83	-1	0
83	108	-1	0
108	70	-1	0
70	20	-1	0
20	101	-1	0
101	122	-1	0
122	135	-1	0
135	125	-1	0
125	173	-1	0
173	103	-1	0
103	23	-1	0
23	107	-1	0
107	18	-1	0
18	128	-1	0
128	141	-1	0
141	14	-1	0
14	34	-1	0
34	111	-1	0
111	160	-1	0
160	33	-1	0
33	78	-1	0
78	155	-1	0
155	167	-1	0
167	139	-1	0
139	140	-1	0
140	156	-1	0
156	55	-1	0
55	24	-1	0
24	52	-1	0
52	63	-1	0
63	40	-1	0
40	150	-1	0
150	5	-1	0
5	19	-1	0
19	164	-1	0
164	165	-1	0
165	102	-1	0
102	80	-1	0
80	106	-1	0
106	16	-1	0
16	134	-1	0
134	15	-1	0
15	69	-1	0
69	126	-1	0
126	115	-1	0
115	169	-1	0
169	76	-1	0
76	158	-1	0
158	30	-1	0
30	170	-1	0
170	121	-1	0
121	89	-1	0
89	22	-1	0
22	153	-1	0
153	98	-1	0
98	119	-1	0
119	157	-1	0
157	48	-1	0
48	36	-1	0
36	149	-1	0
149	109	-1	0
109	133	-1	0
133	11	-1	0
11	66	-1	0
66	53	-1	0
53	117	-1	0
117	71	-1	0
71	152	-1	0
152	92	-1	0
92	100	-1	0
100	131	-1	0
131	171	-1	0
171	94	-1	0
94	161	-1	0
161	46	-1	0
46	75	-1	0
75	172	-1	0
172	118	-1	0
118	146	-1	0
146	50	-1	0
50	104	-1	0
104	9	-1	0
9	27	-1	0
27	162	-1	0
162	136	-1	0
136	7	-1	0
7	166	-1	0
166	91	-1	0
91	4	-1	0
4	74	-1	0
74	105	-1	0
105	124	-1	0
124	147	-1	0
147	67	-1	0
67	142	-1	0
142	57	-1	0
57	81	-1	0
81	82	-1	0
82	12	-1	0
12	59	-1	0
59	143	-1	0
143	97	-1	0
97	129	-1	0
129	51	-1	0
51	10	-1	0
10	29	-1	0
29	127	-1	0
127	110	-1	0
110	87	-1	0
87	1	-1	0
1	116	-1	0
116	73	-1	0
73	35	-1	0
35	43	-1	0
43	32	-1	0
32	17	-1	0
17	8	-1	0
8	120	-1	0
120	132	-1	0
132	61	-1	0
61	49	-1	0
49	86	-1	0
86	38	-1	0
38	77	-1	0
77	28	-1	0
28	31	-1	0
31	163	-1	0
163	93	-1	0
93	137	-1	0
137	58	-1	0
58	96	-1	0
96	45	-1	0
45	39	-1	0
39	54	-1	0
54	6	-1	0
6	130	-1	0
130	0	-1	0
