/* Number of Operations */
250
/* List of Operations. */
/* Start	End	Fly	#Internal	Locations...*/
0	26	-1	0
26	14	-1	0
14	80	-1	0
80	228	-1	0
228	159	-1	0
159	122	-1	0
122	53	-1	0
53	90	-1	0
90	42	-1	0
42	189	-1	0
189	205	-1	0
205	115	-1	0
115	22	-1	0
22	64	-1	0
64	4	-1	0
4	57	-1	0
57	238	-1	0
238	181	-1	0
181	144	-1	0
144	186	-1	0
186	175	-1	0
175	182	-1	0
182	136	-1	0
136	32	-1	0
32	142	-1	0
142	143	-1	0
143	5	-1	0
5	86	-1	0
86	17	-1	0
17	51	-1	0
51	50	-1	0
50	184	-1	0
184	187	-1	0
187	212	-1	0
212	54	-1	0
54	117	-1	0
117	163	-1	0
163	190	-1	0
190	99	-1	0
99	208	-1	0
208	214	-1	0
214	123	-1	0
123	236	-1	0
236	109	-1	0
109	149	-1	0
149	172	-1	0
172	44	-1	0
44	3	-1	0
3	141	-1	0
141	157	-1	0
157	71	-1	0
71	11	-1	0
11	69	-1	0
69	63	-1	0
63	107	-1	0
107	45	-1	0
45	36	-1	0
36	62	-1	0
62	156	-1	0
156	203	-1	0
203	242	-1	0
242	88	-1	0
88	94	-1	0
94	76	-1	0
76	197	-1	0
197	191	-1	0
191	195	-1	0
195	100	-1	0
100	180	-1	0
180	27	-1	0
27	237	-1	0
237	132	-1	0
132	68	-1	0
68	59	-1	0
59	161	-1	0
161	96	-1	0
96	240	-1	0
240	48	-1	0
48	47	-1	0
47	222	-1	0
222	38	-1	0
38	194	-1	0
194	166	-1	0
166	92	-1	0
92	37	-1	0
37	87	-1	0
87	232	-1	0
232	200	-1	0
200	95	-1	0
95	202	-1	0
202	2	-1	0
2	89	-1	0
89	234	-1	0
234	146	-1	0
146	217	-1	0
217	188	-1	0
188	227	-1	0
227	196	-1	0
196	211	-1	0
211	134	-1	0
134	247	-1	0
247	169	-1	0
169	30	-1	0
30	246	-1	0
246	193	-1	0
193	213	-1	0
213	221	-1	0
221	164	-1	0
164	130	-1	0
130	82	-1	0
82	177	-1	0
177	20	-1	0
20	224	-1	0
224	178	-1	0
178	198	-1	0
198	160	-1	0
160	128	-1	0
128	70	-1	0
70	97	-1	0
97	6	-1	0
6	114	-1	0
114	133	-1	0
133	248	-1	0
248	106	-1	0
106	249	-1	0
249	25	-1	0
25	165	-1	0
165	155	-1	0
155	104	-1	0
104	231	-1	0
231	140	-1	0
140	66	-1	0
66	158	-1	0
158	126	-1	0
126	244	-1	0
244	125	-1	0
125	29	-1	0
29	60	-1	0
60	153	-1	0
153	216	-1	0
216	103	-1	0
103	79	-1	0
79	185	-1	0
185	39	-1	0
39	207	-1	0
207	43	-1	0
43	21	-1	0
21	170	-1	0
170	85	-1	0
85	199	-1	0
199	18	-1	0
18	241	-1	0
241	171	-1	0
171	135	-1	0
135	220	-1	0
220	102	-1	0
102	46	-1	0
46	111	-1	0
111	233	-1	0
233	120	-1	0
120	148	-1	0
148	129	-1	0
129	223	-1	0
223	154	-1	0
154	179	-1	0
179	12	-1	0
12	105	-1	0
105	55	-1	0
55	225	-1	0
225	93	-1	0
93	101	-1	0
101	152	-1	0
152	192	-1	0
192	118	-1	0
118	201	-1	0
201	243	-1	0
243	239	-1	0
239	73	-1	0
73	15	-1	0
15	204	-1	0
204	34	-1	0
34	78	-1	0
78	183	-1	0
183	229	-1	0
229	215	-1	0
215	74	-1	0
74	108	-1	0
108	33	-1	0
33	31	-1	0
31	218	-1	0
218	91	-1	0
91	124	-1	0
124	176	-1	0
176	226	-1	0
226	49	-1	0
49	72	-1	0
72	137	-1	0
137	67	-1	0
67	162	-1	0
162	23	-1	0
23	235	-1	0
235	119	-1	0
119	145	-1	0
145	150	-1	0
150	173	-1	0
173	58	-1	0
58	168	-1	0
168	24	-1	0
24	121	-1	0
121	113	-1	0
113	10	-1	0
10	206	-1	0
206	7	-1	0
7	174	-1	0
174	139	-1	0
139	110	-1	0
110	81	-1	0
81	61	-1	0
61	147	-1	0
147	75	-1	0
75	28	-1	0
28	210	-1	0
210	1	-1	0
1	209	-1	0
209	230	-1	0
230	151	-1	0
151	245	-1	0
245	52	-1	0
52	77	-1	0
77	138	-1	0
138	40	-1	0
40	83	-1	0
83	35	-1	0
35	219	-1	0
219	9	-1	0
9	65	-1	0
65	8	-1	0
8	167	-1	0
167	56	-1	0
56	16	-1	0
16	19	-1	0
19	98	-1	0
98	116	-1	0
116	112	-1	0
112	84	-1	0
84	13	-1	0
13	41	-1	0
41	131	-1	0
131	127	-1	0
127	0	-1	0
