/* Number of Operations */
100
/* List of Operations. */
/* Start	End	Fly	#Internal	Locations...*/
0	54	-1	0
54	82	-1	0
82	46	-1	0
46	44	-1	0
44	11	-1	0
11	32	-1	0
32	94	-1	0
94	8	-1	0
8	60	-1	0
60	95	-1	0
95	52	-1	0
52	50	-1	0
50	41	-1	0
41	70	-1	0
70	43	-1	0
43	47	-1	0
47	5	-1	0
5	53	-1	0
53	90	-1	0
90	85	-1	0
85	75	-1	0
75	72	-1	0
72	17	-1	0
17	2	-1	0
2	35	-1	0
35	19	-1	0
19	91	-1	0
91	81	-1	0
81	61	-1	0
61	27	-1	0
27	33	-1	0
33	48	-1	0
48	6	-1	0
6	71	-1	0
71	28	-1	0
28	83	-1	0
83	57	-1	0
57	84	-1	0
84	22	-1	0
22	40	-1	0
40	36	-1	0
36	64	-1	0
64	68	-1	0
68	24	-1	0
24	12	-1	0
12	76	-1	0
76	97	-1	0
97	38	-1	0
38	42	-1	0
42	55	-1	0
55	59	-1	0
59	63	-1	0
63	26	-1	0
26	87	-1	0
87	73	-1	0
73	10	-1	0
10	21	-1	0
21	9	-1	0
9	92	-1	0
92	1	-1	0
1	99	-1	0
99	77	-1	0
77	14	-1	0
14	93	-1	0
93	30	-1	0
30	18	-1	0
18	29	-1	0
29	31	-1	0
31	4	-1	0
4	58	-1	0
58	39	-1	0
39	66	-1	0
66	15	-1	0
15	80	-1	0
80	67	-1	0
67	89	-1	0
89	69	-1	0
69	37	-1	0
37	16	-1	0
16	56	-1	0
56	7	-1	0
7	74	-1	0
74	34	-1	0
34	65	-1	0
65	88	-1	0
88	3	-1	0
3	62	-1	0
62	20	-1	0
20	98	-1	0
98	51	-1	0
51	86	-1	0
86	23	-1	0
23	96	-1	0
96	45	-1	0
45	49	-1	0
49	25	-1	0
25	79	-1	0
79	13	-1	0
13	78	-1	0
78	0	-1	0
