/* Number of Operations */
250
/* List of Operations. */
/* Start	End	Fly	#Internal	Locations...*/
0	75	-1	0
75	39	-1	0
39	56	-1	0
56	139	-1	0
139	232	-1	0
232	84	-1	0
84	155	-1	0
155	87	-1	0
87	199	-1	0
199	61	-1	0
61	227	-1	0
227	186	-1	0
186	150	-1	0
150	141	-1	0
141	49	-1	0
49	221	-1	0
221	162	-1	0
162	78	-1	0
78	197	-1	0
197	248	-1	0
248	125	-1	0
125	16	-1	0
16	136	-1	0
136	82	-1	0
82	36	-1	0
36	144	-1	0
144	47	-1	0
47	178	-1	0
178	42	-1	0
42	163	-1	0
163	198	-1	0
198	129	-1	0
129	113	-1	0
113	176	-1	0
176	118	-1	0
118	120	-1	0
120	104	-1	0
104	67	-1	0
67	80	-1	0
80	210	-1	0
210	44	-1	0
44	8	-1	0
8	12	-1	0
12	231	-1	0
231	180	-1	0
180	194	-1	0
194	9	-1	0
9	18	-1	0
18	249	-1	0
249	34	-1	0
34	168	-1	0
168	79	-1	0
79	103	-1	0
103	134	-1	0
134	214	-1	0
214	225	-1	0
225	133	-1	0
133	244	-1	0
244	167	-1	0
167	106	-1	0
106	94	-1	0
94	20	-1	0
20	91	-1	0
91	143	-1	0
143	223	-1	0
223	157	-1	0
157	5	-1	0
5	52	-1	0
52	179	-1	0
179	57	-1	0
57	25	-1	0
25	182	-1	0
182	95	-1	0
95	92	-1	0
92	30	-1	0
30	195	-1	0
195	54	-1	0
54	128	-1	0
128	193	-1	0
193	41	-1	0
41	105	-1	0
105	11	-1	0
11	216	-1	0
216	93	-1	0
93	177	-1	0
177	161	-1	0
161	212	-1	0
212	110	-1	0
110	15	-1	0
15	171	-1	0
171	156	-1	0
156	77	-1	0
77	122	-1	0
122	222	-1	0
222	38	-1	0
38	145	-1	0
145	201	-1	0
201	126	-1	0
126	224	-1	0
224	203	-1	0
203	137	-1	0
137	238	-1	0
238	237	-1	0
237	123	-1	0
123	58	-1	0
58	29	-1	0
29	131	-1	0
131	37	-1	0
37	22	-1	0
22	68	-1	0
68	114	-1	0
114	219	-1	0
219	107	-1	0
107	164	-1	0
164	1	-1	0
1	71	-1	0
71	100	-1	0
100	152	-1	0
152	159	-1	0
159	181	-1	0
181	45	-1	0
45	213	-1	0
213	117	-1	0
117	147	-1	0
147	89	-1	0
89	215	-1	0
215	59	-1	0
59	230	-1	0
230	55	-1	0
55	86	-1	0
86	17	-1	0
17	6	-1	0
6	236	-1	0
236	200	-1	0
200	65	-1	0
65	26	-1	0
26	202	-1	0
202	3	-1	0
3	149	-1	0
149	70	-1	0
70	119	-1	0
119	146	-1	0
146	73	-1	0
73	239	-1	0
239	10	-1	0
10	112	-1	0
112	108	-1	0
108	226	-1	0
226	229	-1	0
229	240	-1	0
240	51	-1	0
51	165	-1	0
165	160	-1	0
160	208	-1	0
208	188	-1	0
188	196	-1	0
196	102	-1	0
102	218	-1	0
218	32	-1	0
32	247	-1	0
247	96	-1	0
96	189	-1	0
189	148	-1	0
148	135	-1	0
135	132	-1	0
132	185	-1	0
185	66	-1	0
66	64	-1	0
64	85	-1	0
85	72	-1	0
72	154	-1	0
154	206	-1	0
206	153	-1	0
153	235	-1	0
235	169	-1	0
169	88	-1	0
88	174	-1	0
174	175	-1	0
175	246	-1	0
246	217	-1	0
217	60	-1	0
60	228	-1	0
228	172	-1	0
172	83	-1	0
83	50	-1	0
50	242	-1	0
242	111	-1	0
111	124	-1	0
124	138	-1	0
138	191	-1	0
191	43	-1	0
43	211	-1	0
211	19	-1	0
19	98	-1	0
98	121	-1	0
121	99	-1	0
99	116	-1	0
116	24	-1	0
24	205	-1	0
205	166	-1	0
166	2	-1	0
2	109	-1	0
109	204	-1	0
204	46	-1	0
46	234	-1	0
234	184	-1	0
184	243	-1	0
243	151	-1	0
151	69	-1	0
69	4	-1	0
4	241	-1	0
241	173	-1	0
173	31	-1	0
31	40	-1	0
40	48	-1	0
48	183	-1	0
183	21	-1	0
21	233	-1	0
233	207	-1	0
207	81	-1	0
81	127	-1	0
127	74	-1	0
74	63	-1	0
63	101	-1	0
101	35	-1	0
35	13	-1	0
13	220	-1	0
220	33	-1	0
33	53	-1	0
53	170	-1	0
170	28	-1	0
28	23	-1	0
23	130	-1	0
130	209	-1	0
209	97	-1	0
97	90	-1	0
90	158	-1	0
158	142	-1	0
142	192	-1	0
192	245	-1	0
245	7	-1	0
7	76	-1	0
76	140	-1	0
140	187	-1	0
187	115	-1	0
115	62	-1	0
62	27	-1	0
27	190	-1	0
190	14	-1	0
14	0	-1	0
