/* Number of Operations */
500
/* List of Operations. */
/* Start	End	Fly	#Internal	Locations...*/
0	114	-1	0
114	293	-1	0
293	74	-1	0
74	173	-1	0
173	239	-1	0
239	4	-1	0
4	368	-1	0
368	485	-1	0
485	468	-1	0
468	105	-1	0
105	473	-1	0
473	284	-1	0
284	116	-1	0
116	58	-1	0
58	168	-1	0
168	451	-1	0
451	155	-1	0
155	131	-1	0
131	29	-1	0
29	48	-1	0
48	386	-1	0
386	64	-1	0
64	205	-1	0
205	277	-1	0
277	302	-1	0
302	242	-1	0
242	366	-1	0
366	178	-1	0
178	241	-1	0
241	398	-1	0
398	482	-1	0
482	422	-1	0
422	299	-1	0
299	418	-1	0
418	63	-1	0
63	469	-1	0
469	193	-1	0
193	258	-1	0
258	39	-1	0
39	234	-1	0
234	477	-1	0
477	82	-1	0
82	107	-1	0
107	133	-1	0
133	364	-1	0
364	396	-1	0
396	459	-1	0
459	307	-1	0
307	124	-1	0
124	339	-1	0
339	424	-1	0
424	257	-1	0
257	154	-1	0
154	475	-1	0
475	202	-1	0
202	200	-1	0
200	330	-1	0
330	439	-1	0
439	165	-1	0
165	255	-1	0
255	188	-1	0
188	275	-1	0
275	120	-1	0
120	462	-1	0
462	327	-1	0
327	290	-1	0
290	87	-1	0
87	130	-1	0
130	137	-1	0
137	43	-1	0
43	479	-1	0
479	164	-1	0
164	252	-1	0
252	377	-1	0
377	431	-1	0
431	70	-1	0
70	6	-1	0
6	335	-1	0
335	371	-1	0
371	123	-1	0
123	412	-1	0
412	321	-1	0
321	50	-1	0
50	499	-1	0
499	495	-1	0
495	152	-1	0
152	452	-1	0
452	159	-1	0
159	486	-1	0
486	247	-1	0
247	187	-1	0
187	478	-1	0
478	349	-1	0
349	216	-1	0
216	273	-1	0
273	192	-1	0
192	425	-1	0
425	423	-1	0
423	414	-1	0
414	147	-1	0
147	90	-1	0
90	98	-1	0
98	305	-1	0
305	248	-1	0
248	40	-1	0
40	328	-1	0
328	365	-1	0
365	177	-1	0
177	92	-1	0
92	496	-1	0
496	250	-1	0
250	402	-1	0
402	26	-1	0
26	404	-1	0
404	218	-1	0
218	498	-1	0
498	181	-1	0
181	113	-1	0
113	86	-1	0
86	5	-1	0
5	493	-1	0
493	391	-1	0
391	52	-1	0
52	100	-1	0
100	251	-1	0
251	356	-1	0
356	269	-1	0
269	403	-1	0
403	333	-1	0
333	189	-1	0
189	338	-1	0
338	246	-1	0
246	83	-1	0
83	24	-1	0
24	175	-1	0
175	259	-1	0
259	142	-1	0
142	51	-1	0
51	30	-1	0
30	41	-1	0
41	224	-1	0
224	279	-1	0
279	341	-1	0
341	27	-1	0
27	361	-1	0
361	494	-1	0
494	401	-1	0
401	456	-1	0
456	444	-1	0
444	84	-1	0
84	490	-1	0
490	153	-1	0
153	150	-1	0
150	430	-1	0
430	294	-1	0
294	421	-1	0
421	79	-1	0
79	126	-1	0
126	143	-1	0
143	406	-1	0
406	400	-1	0
400	19	-1	0
19	298	-1	0
298	81	-1	0
81	110	-1	0
110	395	-1	0
395	35	-1	0
35	413	-1	0
413	304	-1	0
304	437	-1	0
437	346	-1	0
346	223	-1	0
223	409	-1	0
409	261	-1	0
261	36	-1	0
36	204	-1	0
204	21	-1	0
21	283	-1	0
283	256	-1	0
256	46	-1	0
46	372	-1	0
372	179	-1	0
179	68	-1	0
68	34	-1	0
34	11	-1	0
11	287	-1	0
287	334	-1	0
334	337	-1	0
337	57	-1	0
57	441	-1	0
441	397	-1	0
397	9	-1	0
9	385	-1	0
385	78	-1	0
78	212	-1	0
212	281	-1	0
281	237	-1	0
237	75	-1	0
75	286	-1	0
286	484	-1	0
484	180	-1	0
180	119	-1	0
119	213	-1	0
213	465	-1	0
465	16	-1	0
16	125	-1	0
125	206	-1	0
206	238	-1	0
238	472	-1	0
472	44	-1	0
44	220	-1	0
220	450	-1	0
450	387	-1	0
387	355	-1	0
355	265	-1	0
265	466	-1	0
466	313	-1	0
313	345	-1	0
345	15	-1	0
15	244	-1	0
244	374	-1	0
374	347	-1	0
347	272	-1	0
272	309	-1	0
309	370	-1	0
370	163	-1	0
163	268	-1	0
268	134	-1	0
134	254	-1	0
254	144	-1	0
144	104	-1	0
104	132	-1	0
132	215	-1	0
215	276	-1	0
276	311	-1	0
311	185	-1	0
185	208	-1	0
208	33	-1	0
33	340	-1	0
340	14	-1	0
14	410	-1	0
410	442	-1	0
442	118	-1	0
118	440	-1	0
440	453	-1	0
453	10	-1	0
10	127	-1	0
127	388	-1	0
388	306	-1	0
306	22	-1	0
22	121	-1	0
121	197	-1	0
197	85	-1	0
85	461	-1	0
461	149	-1	0
149	191	-1	0
191	488	-1	0
488	301	-1	0
301	348	-1	0
348	267	-1	0
267	471	-1	0
471	232	-1	0
232	483	-1	0
483	37	-1	0
37	316	-1	0
316	203	-1	0
203	101	-1	0
101	280	-1	0
280	271	-1	0
271	264	-1	0
264	393	-1	0
393	106	-1	0
106	266	-1	0
266	129	-1	0
129	435	-1	0
435	240	-1	0
240	367	-1	0
367	249	-1	0
249	109	-1	0
109	96	-1	0
96	376	-1	0
376	497	-1	0
497	207	-1	0
207	363	-1	0
363	285	-1	0
285	438	-1	0
438	353	-1	0
353	62	-1	0
62	151	-1	0
151	111	-1	0
111	219	-1	0
219	350	-1	0
350	18	-1	0
18	407	-1	0
407	373	-1	0
373	489	-1	0
489	103	-1	0
103	45	-1	0
45	447	-1	0
447	315	-1	0
315	389	-1	0
389	429	-1	0
429	135	-1	0
135	73	-1	0
73	295	-1	0
295	243	-1	0
243	380	-1	0
380	140	-1	0
140	288	-1	0
288	99	-1	0
99	357	-1	0
357	199	-1	0
199	94	-1	0
94	300	-1	0
300	319	-1	0
319	227	-1	0
227	336	-1	0
336	166	-1	0
166	274	-1	0
274	394	-1	0
394	253	-1	0
253	95	-1	0
95	360	-1	0
360	308	-1	0
308	342	-1	0
342	1	-1	0
1	428	-1	0
428	198	-1	0
198	60	-1	0
60	77	-1	0
77	141	-1	0
141	148	-1	0
148	492	-1	0
492	415	-1	0
415	411	-1	0
411	233	-1	0
233	344	-1	0
344	460	-1	0
460	446	-1	0
446	324	-1	0
324	32	-1	0
32	399	-1	0
399	436	-1	0
436	432	-1	0
432	117	-1	0
117	91	-1	0
91	12	-1	0
12	55	-1	0
55	59	-1	0
59	383	-1	0
383	228	-1	0
228	222	-1	0
222	382	-1	0
382	474	-1	0
474	171	-1	0
171	28	-1	0
28	186	-1	0
186	25	-1	0
25	31	-1	0
31	358	-1	0
358	491	-1	0
491	61	-1	0
61	354	-1	0
354	260	-1	0
260	470	-1	0
470	195	-1	0
195	17	-1	0
17	329	-1	0
329	145	-1	0
145	169	-1	0
169	480	-1	0
480	235	-1	0
235	317	-1	0
317	210	-1	0
210	69	-1	0
69	449	-1	0
449	23	-1	0
23	161	-1	0
161	351	-1	0
351	72	-1	0
72	326	-1	0
326	303	-1	0
303	157	-1	0
157	182	-1	0
182	160	-1	0
160	229	-1	0
229	457	-1	0
457	369	-1	0
369	54	-1	0
54	80	-1	0
80	112	-1	0
112	194	-1	0
194	196	-1	0
196	434	-1	0
434	221	-1	0
221	322	-1	0
322	49	-1	0
49	454	-1	0
454	172	-1	0
172	146	-1	0
146	245	-1	0
245	97	-1	0
97	201	-1	0
201	464	-1	0
464	122	-1	0
122	211	-1	0
211	392	-1	0
392	139	-1	0
139	323	-1	0
323	408	-1	0
408	3	-1	0
3	128	-1	0
128	89	-1	0
89	448	-1	0
448	445	-1	0
445	66	-1	0
66	332	-1	0
332	226	-1	0
226	379	-1	0
379	331	-1	0
331	318	-1	0
318	170	-1	0
170	296	-1	0
296	236	-1	0
236	102	-1	0
102	184	-1	0
184	312	-1	0
312	270	-1	0
270	2	-1	0
2	390	-1	0
390	231	-1	0
231	375	-1	0
375	8	-1	0
8	263	-1	0
263	325	-1	0
325	289	-1	0
289	282	-1	0
282	262	-1	0
262	174	-1	0
174	7	-1	0
7	108	-1	0
108	487	-1	0
487	38	-1	0
38	88	-1	0
88	343	-1	0
343	359	-1	0
359	162	-1	0
162	42	-1	0
42	71	-1	0
71	230	-1	0
230	420	-1	0
420	278	-1	0
278	56	-1	0
56	310	-1	0
310	67	-1	0
67	458	-1	0
458	76	-1	0
76	156	-1	0
156	136	-1	0
136	115	-1	0
115	167	-1	0
167	463	-1	0
463	320	-1	0
320	53	-1	0
53	378	-1	0
378	426	-1	0
426	297	-1	0
297	65	-1	0
65	352	-1	0
352	225	-1	0
225	214	-1	0
214	47	-1	0
47	20	-1	0
20	209	-1	0
209	13	-1	0
13	416	-1	0
416	443	-1	0
443	381	-1	0
381	433	-1	0
433	190	-1	0
190	138	-1	0
138	158	-1	0
158	476	-1	0
476	467	-1	0
467	291	-1	0
291	405	-1	0
405	384	-1	0
384	183	-1	0
183	417	-1	0
417	176	-1	0
176	93	-1	0
93	362	-1	0
362	481	-1	0
481	419	-1	0
419	314	-1	0
314	217	-1	0
217	455	-1	0
455	292	-1	0
292	427	-1	0
427	0	-1	0
