/* Number of Operations */
500
/* List of Operations. */
/* Start	End	Fly	#Internal	Locations...*/
0	182	-1	0
182	322	-1	0
322	36	-1	0
36	242	-1	0
242	145	-1	0
145	101	-1	0
101	110	-1	0
110	344	-1	0
344	83	-1	0
83	166	-1	0
166	177	-1	0
177	280	-1	0
280	282	-1	0
282	300	-1	0
300	205	-1	0
205	294	-1	0
294	69	-1	0
69	338	-1	0
338	98	-1	0
98	221	-1	0
221	4	-1	0
4	387	-1	0
387	289	-1	0
289	485	-1	0
485	361	-1	0
361	325	-1	0
325	112	-1	0
112	434	-1	0
434	192	-1	0
192	103	-1	0
103	133	-1	0
133	111	-1	0
111	147	-1	0
147	203	-1	0
203	402	-1	0
402	175	-1	0
175	47	-1	0
47	206	-1	0
206	90	-1	0
90	149	-1	0
149	266	-1	0
266	6	-1	0
6	27	-1	0
27	59	-1	0
59	355	-1	0
355	100	-1	0
100	430	-1	0
430	447	-1	0
447	428	-1	0
428	252	-1	0
252	480	-1	0
480	446	-1	0
446	71	-1	0
71	128	-1	0
128	54	-1	0
54	408	-1	0
408	304	-1	0
304	270	-1	0
270	16	-1	0
16	220	-1	0
220	20	-1	0
20	37	-1	0
37	371	-1	0
371	216	-1	0
216	421	-1	0
421	76	-1	0
76	404	-1	0
404	213	-1	0
213	346	-1	0
346	79	-1	0
79	407	-1	0
407	163	-1	0
163	39	-1	0
39	77	-1	0
77	497	-1	0
497	479	-1	0
479	450	-1	0
450	168	-1	0
168	15	-1	0
15	207	-1	0
207	23	-1	0
23	109	-1	0
109	249	-1	0
249	120	-1	0
120	471	-1	0
471	157	-1	0
157	482	-1	0
482	78	-1	0
78	135	-1	0
135	362	-1	0
362	398	-1	0
398	438	-1	0
438	183	-1	0
183	420	-1	0
420	185	-1	0
185	269	-1	0
269	358	-1	0
358	34	-1	0
34	209	-1	0
209	264	-1	0
264	169	-1	0
169	391	-1	0
391	491	-1	0
491	234	-1	0
234	317	-1	0
317	189	-1	0
189	155	-1	0
155	379	-1	0
379	342	-1	0
342	490	-1	0
490	188	-1	0
188	411	-1	0
411	320	-1	0
320	180	-1	0
180	240	-1	0
240	451	-1	0
451	475	-1	0
475	370	-1	0
370	152	-1	0
152	357	-1	0
357	489	-1	0
489	38	-1	0
38	261	-1	0
261	53	-1	0
53	194	-1	0
194	55	-1	0
55	339	-1	0
339	410	-1	0
410	260	-1	0
260	464	-1	0
464	470	-1	0
470	333	-1	0
333	81	-1	0
81	326	-1	0
326	201	-1	0
201	478	-1	0
478	85	-1	0
85	116	-1	0
116	173	-1	0
173	154	-1	0
154	340	-1	0
340	244	-1	0
244	237	-1	0
237	383	-1	0
383	190	-1	0
190	165	-1	0
165	30	-1	0
30	422	-1	0
422	164	-1	0
164	319	-1	0
319	281	-1	0
281	61	-1	0
61	313	-1	0
313	324	-1	0
324	197	-1	0
197	230	-1	0
230	41	-1	0
41	49	-1	0
49	66	-1	0
66	181	-1	0
181	463	-1	0
463	439	-1	0
439	227	-1	0
227	457	-1	0
457	217	-1	0
217	268	-1	0
268	2	-1	0
2	347	-1	0
347	385	-1	0
385	426	-1	0
426	295	-1	0
295	388	-1	0
388	380	-1	0
380	247	-1	0
247	341	-1	0
341	151	-1	0
151	186	-1	0
186	236	-1	0
236	226	-1	0
226	18	-1	0
18	160	-1	0
160	312	-1	0
312	93	-1	0
93	293	-1	0
293	156	-1	0
156	330	-1	0
330	63	-1	0
63	29	-1	0
29	245	-1	0
245	311	-1	0
311	92	-1	0
92	486	-1	0
486	272	-1	0
272	321	-1	0
321	389	-1	0
389	170	-1	0
170	352	-1	0
352	248	-1	0
248	97	-1	0
97	267	-1	0
267	94	-1	0
94	368	-1	0
368	82	-1	0
82	297	-1	0
297	343	-1	0
343	376	-1	0
376	243	-1	0
243	146	-1	0
146	57	-1	0
57	95	-1	0
95	124	-1	0
124	316	-1	0
316	184	-1	0
184	73	-1	0
73	250	-1	0
250	19	-1	0
19	314	-1	0
314	214	-1	0
214	231	-1	0
231	144	-1	0
144	148	-1	0
148	212	-1	0
212	46	-1	0
46	417	-1	0
417	436	-1	0
436	425	-1	0
425	494	-1	0
494	459	-1	0
459	332	-1	0
332	31	-1	0
31	356	-1	0
356	257	-1	0
257	131	-1	0
131	397	-1	0
397	140	-1	0
140	277	-1	0
277	5	-1	0
5	62	-1	0
62	345	-1	0
345	84	-1	0
84	52	-1	0
52	409	-1	0
409	367	-1	0
367	415	-1	0
415	290	-1	0
290	308	-1	0
308	460	-1	0
460	433	-1	0
433	413	-1	0
413	393	-1	0
393	279	-1	0
279	106	-1	0
106	384	-1	0
384	21	-1	0
21	350	-1	0
350	199	-1	0
199	359	-1	0
359	377	-1	0
377	42	-1	0
42	153	-1	0
153	122	-1	0
122	476	-1	0
476	150	-1	0
150	14	-1	0
14	372	-1	0
372	303	-1	0
303	315	-1	0
315	441	-1	0
441	285	-1	0
285	259	-1	0
259	369	-1	0
369	12	-1	0
12	309	-1	0
309	32	-1	0
32	10	-1	0
10	136	-1	0
136	28	-1	0
28	468	-1	0
468	75	-1	0
75	469	-1	0
469	127	-1	0
127	363	-1	0
363	461	-1	0
461	353	-1	0
353	105	-1	0
105	3	-1	0
3	48	-1	0
48	360	-1	0
360	22	-1	0
22	375	-1	0
375	99	-1	0
99	202	-1	0
202	195	-1	0
195	390	-1	0
390	224	-1	0
224	373	-1	0
373	291	-1	0
291	121	-1	0
121	143	-1	0
143	466	-1	0
466	495	-1	0
495	283	-1	0
283	458	-1	0
458	196	-1	0
196	204	-1	0
204	45	-1	0
45	456	-1	0
456	126	-1	0
126	104	-1	0
104	454	-1	0
454	178	-1	0
178	274	-1	0
274	492	-1	0
492	310	-1	0
310	17	-1	0
17	80	-1	0
80	258	-1	0
258	378	-1	0
378	334	-1	0
334	273	-1	0
273	235	-1	0
235	35	-1	0
35	445	-1	0
445	228	-1	0
228	318	-1	0
318	276	-1	0
276	396	-1	0
396	254	-1	0
254	44	-1	0
44	296	-1	0
296	416	-1	0
416	246	-1	0
246	123	-1	0
123	174	-1	0
174	253	-1	0
253	50	-1	0
50	424	-1	0
424	137	-1	0
137	159	-1	0
159	132	-1	0
132	211	-1	0
211	119	-1	0
119	67	-1	0
67	271	-1	0
271	225	-1	0
225	60	-1	0
60	335	-1	0
335	302	-1	0
302	219	-1	0
219	467	-1	0
467	496	-1	0
496	298	-1	0
298	481	-1	0
481	108	-1	0
108	406	-1	0
406	176	-1	0
176	64	-1	0
64	134	-1	0
134	118	-1	0
118	427	-1	0
427	263	-1	0
263	256	-1	0
256	498	-1	0
498	113	-1	0
113	233	-1	0
233	473	-1	0
473	198	-1	0
198	423	-1	0
423	400	-1	0
400	222	-1	0
222	443	-1	0
443	70	-1	0
70	262	-1	0
262	432	-1	0
432	255	-1	0
255	200	-1	0
200	251	-1	0
251	158	-1	0
158	138	-1	0
138	405	-1	0
405	161	-1	0
161	483	-1	0
483	394	-1	0
394	218	-1	0
218	448	-1	0
448	40	-1	0
40	472	-1	0
472	305	-1	0
305	142	-1	0
142	238	-1	0
238	465	-1	0
465	354	-1	0
354	449	-1	0
449	392	-1	0
392	365	-1	0
365	386	-1	0
386	455	-1	0
455	349	-1	0
349	337	-1	0
337	453	-1	0
453	26	-1	0
26	24	-1	0
24	307	-1	0
307	292	-1	0
292	401	-1	0
401	56	-1	0
56	11	-1	0
11	331	-1	0
331	474	-1	0
474	215	-1	0
215	327	-1	0
327	107	-1	0
107	8	-1	0
8	25	-1	0
25	33	-1	0
33	329	-1	0
329	493	-1	0
493	89	-1	0
89	477	-1	0
477	96	-1	0
96	278	-1	0
278	125	-1	0
125	139	-1	0
139	462	-1	0
462	68	-1	0
68	7	-1	0
7	51	-1	0
51	288	-1	0
288	171	-1	0
171	43	-1	0
43	115	-1	0
115	72	-1	0
72	284	-1	0
284	440	-1	0
440	232	-1	0
232	364	-1	0
364	87	-1	0
87	488	-1	0
488	210	-1	0
210	223	-1	0
223	91	-1	0
91	328	-1	0
328	162	-1	0
162	429	-1	0
429	444	-1	0
444	65	-1	0
65	336	-1	0
336	179	-1	0
179	351	-1	0
351	484	-1	0
484	58	-1	0
58	102	-1	0
102	129	-1	0
129	286	-1	0
286	187	-1	0
187	499	-1	0
499	431	-1	0
431	141	-1	0
141	442	-1	0
442	167	-1	0
167	452	-1	0
452	435	-1	0
435	74	-1	0
74	418	-1	0
418	382	-1	0
382	414	-1	0
414	193	-1	0
193	265	-1	0
265	9	-1	0
9	88	-1	0
88	487	-1	0
487	191	-1	0
191	172	-1	0
172	306	-1	0
306	117	-1	0
117	301	-1	0
301	399	-1	0
399	86	-1	0
86	395	-1	0
395	366	-1	0
366	412	-1	0
412	208	-1	0
208	241	-1	0
241	114	-1	0
114	299	-1	0
299	13	-1	0
13	348	-1	0
348	130	-1	0
130	403	-1	0
403	275	-1	0
275	287	-1	0
287	437	-1	0
437	419	-1	0
419	229	-1	0
229	1	-1	0
1	323	-1	0
323	381	-1	0
381	239	-1	0
239	374	-1	0
374	0	-1	0
