/* Number of Operations */
500
/* List of Operations. */
/* Start	End	Fly	#Internal	Locations...*/
0	32	-1	0
32	165	-1	0
165	434	-1	0
434	128	-1	0
128	59	-1	0
59	284	-1	0
284	96	-1	0
96	48	-1	0
48	497	-1	0
497	477	-1	0
477	121	-1	0
121	283	-1	0
283	211	-1	0
211	195	-1	0
195	471	-1	0
471	328	-1	0
328	244	-1	0
244	398	-1	0
398	187	-1	0
187	438	-1	0
438	150	-1	0
150	172	-1	0
172	393	-1	0
393	288	-1	0
288	98	-1	0
98	200	-1	0
200	44	-1	0
44	375	-1	0
375	326	-1	0
326	485	-1	0
485	43	-1	0
43	93	-1	0
93	238	-1	0
238	206	-1	0
206	208	-1	0
208	101	-1	0
101	374	-1	0
374	286	-1	0
286	385	-1	0
385	444	-1	0
444	336	-1	0
336	8	-1	0
8	316	-1	0
316	95	-1	0
95	312	-1	0
312	432	-1	0
432	240	-1	0
240	3	-1	0
3	350	-1	0
350	341	-1	0
341	152	-1	0
152	309	-1	0
309	400	-1	0
400	223	-1	0
223	194	-1	0
194	467	-1	0
467	202	-1	0
202	313	-1	0
313	233	-1	0
233	217	-1	0
217	140	-1	0
140	253	-1	0
253	353	-1	0
353	175	-1	0
175	36	-1	0
36	252	-1	0
252	297	-1	0
297	277	-1	0
277	170	-1	0
170	276	-1	0
276	394	-1	0
394	88	-1	0
88	298	-1	0
298	136	-1	0
136	380	-1	0
380	322	-1	0
322	227	-1	0
227	376	-1	0
376	399	-1	0
399	296	-1	0
296	243	-1	0
243	365	-1	0
365	262	-1	0
262	33	-1	0
33	448	-1	0
448	428	-1	0
428	94	-1	0
94	451	-1	0
451	275	-1	0
275	248	-1	0
248	299	-1	0
299	100	-1	0
100	82	-1	0
82	203	-1	0
203	197	-1	0
197	337	-1	0
337	201	-1	0
201	264	-1	0
264	106	-1	0
106	186	-1	0
186	404	-1	0
404	449	-1	0
449	270	-1	0
270	342	-1	0
342	386	-1	0
386	348	-1	0
348	323	-1	0
323	412	-1	0
412	359	-1	0
359	142	-1	0
142	188	-1	0
188	395	-1	0
395	256	-1	0
256	287	-1	0
287	383	-1	0
383	492	-1	0
492	420	-1	0
420	368	-1	0
368	181	-1	0
181	402	-1	0
402	392	-1	0
392	361	-1	0
361	102	-1	0
102	246	-1	0
246	363	-1	0
363	410	-1	0
410	422	-1	0
422	282	-1	0
282	138	-1	0
138	219	-1	0
219	199	-1	0
199	291	-1	0
291	436	-1	0
436	74	-1	0
74	65	-1	0
65	167	-1	0
167	488	-1	0
488	271	-1	0
271	493	-1	0
493	54	-1	0
54	53	-1	0
53	228	-1	0
228	411	-1	0
411	425	-1	0
425	429	-1	0
429	192	-1	0
192	397	-1	0
397	63	-1	0
63	372	-1	0
372	10	-1	0
10	388	-1	0
388	28	-1	0
28	70	-1	0
70	267	-1	0
267	440	-1	0
440	278	-1	0
278	468	-1	0
468	461	-1	0
461	38	-1	0
38	265	-1	0
265	295	-1	0
295	148	-1	0
148	442	-1	0
442	354	-1	0
354	214	-1	0
214	105	-1	0
105	196	-1	0
196	330	-1	0
330	304	-1	0
304	78	-1	0
78	55	-1	0
55	480	-1	0
480	224	-1	0
224	97	-1	0
97	396	-1	0
396	494	-1	0
494	130	-1	0
130	232	-1	0
232	182	-1	0
182	2	-1	0
2	320	-1	0
320	129	-1	0
129	220	-1	0
220	242	-1	0
242	115	-1	0
115	155	-1	0
155	325	-1	0
325	178	-1	0
178	483	-1	0
483	50	-1	0
50	9	-1	0
9	292	-1	0
292	163	-1	0
163	147	-1	0
147	259	-1	0
259	415	-1	0
415	77	-1	0
77	301	-1	0
301	426	-1	0
426	209	-1	0
209	162	-1	0
162	68	-1	0
68	42	-1	0
42	377	-1	0
377	51	-1	0
51	495	-1	0
495	418	-1	0
418	113	-1	0
113	69	-1	0
69	358	-1	0
358	75	-1	0
75	371	-1	0
371	17	-1	0
17	357	-1	0
357	24	-1	0
24	205	-1	0
205	351	-1	0
351	91	-1	0
91	349	-1	0
349	176	-1	0
176	27	-1	0
27	49	-1	0
49	441	-1	0
441	213	-1	0
213	45	-1	0
45	191	-1	0
191	85	-1	0
85	450	-1	0
450	352	-1	0
352	109	-1	0
109	310	-1	0
310	343	-1	0
343	413	-1	0
413	76	-1	0
76	12	-1	0
12	384	-1	0
384	103	-1	0
103	166	-1	0
166	134	-1	0
134	345	-1	0
345	204	-1	0
204	417	-1	0
417	183	-1	0
183	266	-1	0
266	389	-1	0
389	184	-1	0
184	274	-1	0
274	269	-1	0
269	26	-1	0
26	496	-1	0
496	454	-1	0
454	230	-1	0
230	366	-1	0
366	333	-1	0
333	430	-1	0
430	489	-1	0
489	331	-1	0
331	112	-1	0
112	255	-1	0
255	319	-1	0
319	31	-1	0
31	439	-1	0
439	254	-1	0
254	120	-1	0
120	306	-1	0
306	460	-1	0
460	139	-1	0
139	478	-1	0
478	222	-1	0
222	315	-1	0
315	273	-1	0
273	159	-1	0
159	66	-1	0
66	35	-1	0
35	131	-1	0
131	427	-1	0
427	416	-1	0
416	171	-1	0
171	161	-1	0
161	321	-1	0
321	237	-1	0
237	110	-1	0
110	484	-1	0
484	146	-1	0
146	72	-1	0
72	164	-1	0
164	437	-1	0
437	132	-1	0
132	407	-1	0
407	250	-1	0
250	281	-1	0
281	263	-1	0
263	317	-1	0
317	294	-1	0
294	268	-1	0
268	406	-1	0
406	239	-1	0
239	463	-1	0
463	117	-1	0
117	369	-1	0
369	226	-1	0
226	141	-1	0
141	247	-1	0
247	334	-1	0
334	177	-1	0
177	39	-1	0
39	419	-1	0
419	490	-1	0
490	37	-1	0
37	447	-1	0
447	114	-1	0
114	445	-1	0
445	499	-1	0
499	80	-1	0
80	308	-1	0
308	189	-1	0
189	235	-1	0
235	221	-1	0
221	364	-1	0
364	307	-1	0
307	108	-1	0
108	466	-1	0
466	52	-1	0
52	126	-1	0
126	154	-1	0
154	135	-1	0
135	391	-1	0
391	229	-1	0
229	421	-1	0
421	433	-1	0
433	160	-1	0
160	185	-1	0
185	387	-1	0
387	18	-1	0
18	111	-1	0
111	431	-1	0
431	408	-1	0
408	61	-1	0
61	285	-1	0
285	403	-1	0
403	464	-1	0
464	84	-1	0
84	487	-1	0
487	279	-1	0
279	40	-1	0
40	305	-1	0
305	107	-1	0
107	198	-1	0
198	367	-1	0
367	158	-1	0
158	498	-1	0
498	99	-1	0
99	405	-1	0
405	446	-1	0
446	455	-1	0
455	231	-1	0
231	423	-1	0
423	260	-1	0
260	124	-1	0
124	207	-1	0
207	470	-1	0
470	458	-1	0
458	249	-1	0
249	482	-1	0
482	245	-1	0
245	257	-1	0
257	474	-1	0
474	79	-1	0
79	424	-1	0
424	21	-1	0
21	332	-1	0
332	272	-1	0
272	303	-1	0
303	210	-1	0
210	339	-1	0
339	143	-1	0
143	73	-1	0
73	168	-1	0
168	29	-1	0
29	241	-1	0
241	125	-1	0
125	151	-1	0
151	156	-1	0
156	179	-1	0
179	381	-1	0
381	174	-1	0
174	64	-1	0
64	324	-1	0
324	261	-1	0
261	355	-1	0
355	362	-1	0
362	491	-1	0
491	127	-1	0
127	401	-1	0
401	119	-1	0
119	360	-1	0
360	16	-1	0
16	382	-1	0
382	13	-1	0
13	329	-1	0
329	212	-1	0
212	469	-1	0
469	452	-1	0
452	486	-1	0
486	30	-1	0
30	456	-1	0
456	481	-1	0
481	145	-1	0
145	180	-1	0
180	465	-1	0
465	5	-1	0
5	258	-1	0
258	116	-1	0
116	87	-1	0
87	67	-1	0
67	347	-1	0
347	153	-1	0
153	81	-1	0
81	311	-1	0
311	346	-1	0
346	34	-1	0
34	216	-1	0
216	300	-1	0
300	7	-1	0
7	462	-1	0
462	215	-1	0
215	236	-1	0
236	157	-1	0
157	457	-1	0
457	47	-1	0
47	19	-1	0
19	314	-1	0
314	90	-1	0
90	379	-1	0
379	122	-1	0
122	104	-1	0
104	435	-1	0
435	251	-1	0
251	289	-1	0
289	475	-1	0
475	58	-1	0
58	344	-1	0
344	83	-1	0
83	476	-1	0
476	46	-1	0
46	338	-1	0
338	144	-1	0
144	459	-1	0
459	414	-1	0
414	373	-1	0
373	453	-1	0
453	4	-1	0
4	123	-1	0
123	356	-1	0
356	290	-1	0
290	169	-1	0
169	60	-1	0
60	6	-1	0
6	318	-1	0
318	218	-1	0
218	193	-1	0
193	1	-1	0
1	56	-1	0
56	190	-1	0
190	370	-1	0
370	149	-1	0
149	11	-1	0
11	293	-1	0
293	92	-1	0
92	23	-1	0
23	340	-1	0
340	390	-1	0
390	57	-1	0
57	89	-1	0
89	41	-1	0
41	378	-1	0
378	335	-1	0
335	225	-1	0
225	15	-1	0
15	71	-1	0
71	14	-1	0
14	173	-1	0
173	62	-1	0
62	472	-1	0
472	327	-1	0
327	22	-1	0
22	280	-1	0
280	25	-1	0
25	409	-1	0
409	86	-1	0
86	234	-1	0
234	20	-1	0
20	118	-1	0
118	443	-1	0
443	302	-1	0
302	473	-1	0
473	137	-1	0
137	479	-1	0
479	133	-1	0
133	0	-1	0
