/* Number of Operations */
250
/* List of Operations. */
/* Start	End	Fly	#Internal	Locations...*/
0	43	-1	0
43	184	-1	0
184	150	-1	0
150	246	-1	0
246	21	-1	0
21	68	-1	0
68	213	-1	0
213	175	-1	0
175	25	-1	0
25	212	-1	0
212	69	-1	0
69	139	-1	0
139	138	-1	0
138	179	-1	0
179	242	-1	0
242	134	-1	0
134	29	-1	0
29	226	-1	0
226	67	-1	0
67	116	-1	0
116	115	-1	0
115	27	-1	0
27	57	-1	0
57	77	-1	0
77	50	-1	0
50	53	-1	0
53	173	-1	0
173	82	-1	0
82	91	-1	0
91	141	-1	0
141	208	-1	0
208	54	-1	0
54	94	-1	0
94	18	-1	0
18	38	-1	0
38	32	-1	0
32	177	-1	0
177	185	-1	0
185	126	-1	0
126	229	-1	0
229	12	-1	0
12	234	-1	0
234	102	-1	0
102	143	-1	0
143	133	-1	0
133	166	-1	0
166	152	-1	0
152	170	-1	0
170	109	-1	0
109	161	-1	0
161	233	-1	0
233	124	-1	0
124	28	-1	0
28	145	-1	0
145	190	-1	0
190	11	-1	0
11	83	-1	0
83	127	-1	0
127	89	-1	0
89	136	-1	0
136	64	-1	0
64	153	-1	0
153	66	-1	0
66	36	-1	0
36	6	-1	0
6	100	-1	0
100	202	-1	0
202	209	-1	0
209	19	-1	0
19	181	-1	0
181	8	-1	0
8	129	-1	0
129	113	-1	0
113	24	-1	0
24	238	-1	0
238	218	-1	0
218	76	-1	0
76	119	-1	0
119	245	-1	0
245	131	-1	0
131	81	-1	0
81	247	-1	0
247	34	-1	0
34	243	-1	0
243	111	-1	0
111	183	-1	0
183	95	-1	0
95	71	-1	0
71	45	-1	0
45	221	-1	0
221	188	-1	0
188	231	-1	0
231	160	-1	0
160	137	-1	0
137	235	-1	0
235	61	-1	0
61	156	-1	0
156	33	-1	0
33	224	-1	0
224	5	-1	0
5	78	-1	0
78	167	-1	0
167	42	-1	0
42	159	-1	0
159	236	-1	0
236	118	-1	0
118	244	-1	0
244	99	-1	0
99	112	-1	0
112	98	-1	0
98	92	-1	0
92	90	-1	0
90	182	-1	0
182	191	-1	0
191	93	-1	0
93	51	-1	0
51	84	-1	0
84	154	-1	0
154	16	-1	0
16	192	-1	0
192	40	-1	0
40	169	-1	0
169	189	-1	0
189	3	-1	0
3	106	-1	0
106	104	-1	0
104	151	-1	0
151	163	-1	0
163	23	-1	0
23	37	-1	0
37	140	-1	0
140	117	-1	0
117	63	-1	0
63	121	-1	0
121	39	-1	0
39	135	-1	0
135	17	-1	0
17	237	-1	0
237	195	-1	0
195	74	-1	0
74	107	-1	0
107	10	-1	0
10	15	-1	0
15	130	-1	0
130	7	-1	0
7	158	-1	0
158	86	-1	0
86	125	-1	0
125	230	-1	0
230	171	-1	0
171	72	-1	0
72	60	-1	0
60	180	-1	0
180	201	-1	0
201	47	-1	0
47	219	-1	0
219	14	-1	0
14	56	-1	0
56	168	-1	0
168	157	-1	0
157	62	-1	0
62	225	-1	0
225	178	-1	0
178	148	-1	0
148	22	-1	0
22	35	-1	0
35	9	-1	0
9	58	-1	0
58	4	-1	0
4	147	-1	0
147	204	-1	0
204	110	-1	0
110	75	-1	0
75	48	-1	0
48	207	-1	0
207	174	-1	0
174	132	-1	0
132	162	-1	0
162	128	-1	0
128	172	-1	0
172	149	-1	0
149	26	-1	0
26	144	-1	0
144	228	-1	0
228	205	-1	0
205	49	-1	0
49	105	-1	0
105	186	-1	0
186	240	-1	0
240	80	-1	0
80	44	-1	0
44	13	-1	0
13	73	-1	0
73	46	-1	0
46	20	-1	0
20	248	-1	0
248	196	-1	0
196	187	-1	0
187	146	-1	0
146	239	-1	0
239	108	-1	0
108	164	-1	0
164	1	-1	0
1	211	-1	0
211	199	-1	0
199	223	-1	0
223	215	-1	0
215	165	-1	0
165	142	-1	0
142	232	-1	0
232	103	-1	0
103	96	-1	0
96	2	-1	0
2	65	-1	0
65	122	-1	0
122	31	-1	0
31	97	-1	0
97	59	-1	0
59	79	-1	0
79	217	-1	0
217	200	-1	0
200	155	-1	0
155	114	-1	0
114	194	-1	0
194	249	-1	0
249	222	-1	0
222	197	-1	0
197	227	-1	0
227	193	-1	0
193	210	-1	0
210	101	-1	0
101	123	-1	0
123	70	-1	0
70	206	-1	0
206	88	-1	0
88	52	-1	0
52	87	-1	0
87	41	-1	0
41	203	-1	0
203	85	-1	0
85	216	-1	0
216	30	-1	0
30	176	-1	0
176	241	-1	0
241	120	-1	0
120	198	-1	0
198	55	-1	0
55	214	-1	0
214	220	-1	0
220	0	-1	0
