/* Number of Operations */
175
/* List of Operations. */
/* Start	End	Fly	#Internal	Locations...*/
0	122	-1	0
122	160	-1	0
160	117	-1	0
117	105	-1	0
105	16	-1	0
16	51	-1	0
51	6	-1	0
6	57	-1	0
57	95	-1	0
95	48	-1	0
48	173	-1	0
173	68	-1	0
68	157	-1	0
157	80	-1	0
80	2	-1	0
2	148	-1	0
148	162	-1	0
162	138	-1	0
138	119	-1	0
119	22	-1	0
22	115	-1	0
115	163	-1	0
163	13	-1	0
13	114	-1	0
114	165	-1	0
165	35	-1	0
35	12	-1	0
12	27	-1	0
27	152	-1	0
152	111	-1	0
111	130	-1	0
130	25	-1	0
25	97	-1	0
97	81	-1	0
81	73	-1	0
73	96	-1	0
96	1	-1	0
1	41	-1	0
41	141	-1	0
141	120	-1	0
120	140	-1	0
140	90	-1	0
90	76	-1	0
76	172	-1	0
172	93	-1	0
93	107	-1	0
107	17	-1	0
17	77	-1	0
77	43	-1	0
43	131	-1	0
131	45	-1	0
45	159	-1	0
159	58	-1	0
58	158	-1	0
158	84	-1	0
84	133	-1	0
133	92	-1	0
92	118	-1	0
118	46	-1	0
46	63	-1	0
63	132	-1	0
132	65	-1	0
65	21	-1	0
21	14	-1	0
14	83	-1	0
83	147	-1	0
147	53	-1	0
53	113	-1	0
113	39	-1	0
39	7	-1	0
7	100	-1	0
100	150	-1	0
150	139	-1	0
139	4	-1	0
4	161	-1	0
161	26	-1	0
26	69	-1	0
69	29	-1	0
29	144	-1	0
144	62	-1	0
62	85	-1	0
85	38	-1	0
38	33	-1	0
33	86	-1	0
86	91	-1	0
91	5	-1	0
5	174	-1	0
174	75	-1	0
75	20	-1	0
20	127	-1	0
127	143	-1	0
143	142	-1	0
142	134	-1	0
134	9	-1	0
9	3	-1	0
3	136	-1	0
136	151	-1	0
151	129	-1	0
129	103	-1	0
103	137	-1	0
137	124	-1	0
124	112	-1	0
112	47	-1	0
47	11	-1	0
11	74	-1	0
74	54	-1	0
54	154	-1	0
154	145	-1	0
145	126	-1	0
126	125	-1	0
125	50	-1	0
50	108	-1	0
108	72	-1	0
72	24	-1	0
24	121	-1	0
121	30	-1	0
30	34	-1	0
34	170	-1	0
170	55	-1	0
55	109	-1	0
109	67	-1	0
67	64	-1	0
64	149	-1	0
149	15	-1	0
15	167	-1	0
167	52	-1	0
52	106	-1	0
106	116	-1	0
116	18	-1	0
18	171	-1	0
171	99	-1	0
99	8	-1	0
8	123	-1	0
123	31	-1	0
31	104	-1	0
104	66	-1	0
66	87	-1	0
87	71	-1	0
71	166	-1	0
166	164	-1	0
164	135	-1	0
135	61	-1	0
61	49	-1	0
49	82	-1	0
82	168	-1	0
168	156	-1	0
156	110	-1	0
110	169	-1	0
169	155	-1	0
155	60	-1	0
60	42	-1	0
42	78	-1	0
78	36	-1	0
36	146	-1	0
146	37	-1	0
37	89	-1	0
89	56	-1	0
56	153	-1	0
153	98	-1	0
98	40	-1	0
40	32	-1	0
32	23	-1	0
23	128	-1	0
128	44	-1	0
44	102	-1	0
102	94	-1	0
94	28	-1	0
28	101	-1	0
101	10	-1	0
10	70	-1	0
70	19	-1	0
19	59	-1	0
59	79	-1	0
79	88	-1	0
88	0	-1	0
