/* Number of Operations */
375
/* List of Operations. */
/* Start	End	Fly	#Internal	Locations...*/
0	129	-1	0
129	334	-1	0
334	276	-1	0
276	101	-1	0
101	175	-1	0
175	285	-1	0
285	241	-1	0
241	7	-1	0
7	259	-1	0
259	5	-1	0
5	256	-1	0
256	239	-1	0
239	330	-1	0
330	43	-1	0
43	282	-1	0
282	162	-1	0
162	372	-1	0
372	18	-1	0
18	46	-1	0
46	195	-1	0
195	19	-1	0
19	320	-1	0
320	244	-1	0
244	367	-1	0
367	298	-1	0
298	291	-1	0
291	203	-1	0
203	357	-1	0
357	374	-1	0
374	145	-1	0
145	279	-1	0
279	219	-1	0
219	97	-1	0
97	132	-1	0
132	332	-1	0
332	51	-1	0
51	23	-1	0
23	273	-1	0
273	365	-1	0
365	310	-1	0
310	11	-1	0
11	296	-1	0
296	221	-1	0
221	373	-1	0
373	311	-1	0
311	295	-1	0
295	67	-1	0
67	176	-1	0
176	359	-1	0
359	305	-1	0
305	161	-1	0
161	15	-1	0
15	77	-1	0
77	307	-1	0
307	301	-1	0
301	260	-1	0
260	245	-1	0
245	340	-1	0
340	74	-1	0
74	226	-1	0
226	157	-1	0
157	265	-1	0
265	163	-1	0
163	100	-1	0
100	274	-1	0
274	35	-1	0
35	327	-1	0
327	134	-1	0
134	27	-1	0
27	75	-1	0
75	258	-1	0
258	185	-1	0
185	292	-1	0
292	272	-1	0
272	142	-1	0
142	240	-1	0
240	267	-1	0
267	84	-1	0
84	165	-1	0
165	173	-1	0
173	36	-1	0
36	95	-1	0
95	322	-1	0
322	263	-1	0
263	52	-1	0
52	164	-1	0
164	108	-1	0
108	139	-1	0
139	329	-1	0
329	86	-1	0
86	82	-1	0
82	106	-1	0
106	156	-1	0
156	236	-1	0
236	252	-1	0
252	255	-1	0
255	337	-1	0
337	33	-1	0
33	211	-1	0
211	212	-1	0
212	312	-1	0
312	138	-1	0
138	167	-1	0
167	346	-1	0
346	251	-1	0
251	196	-1	0
196	248	-1	0
248	155	-1	0
155	120	-1	0
120	83	-1	0
83	199	-1	0
199	102	-1	0
102	63	-1	0
63	345	-1	0
345	283	-1	0
283	293	-1	0
293	37	-1	0
37	294	-1	0
294	289	-1	0
289	297	-1	0
297	181	-1	0
181	109	-1	0
109	331	-1	0
331	49	-1	0
49	154	-1	0
154	3	-1	0
3	50	-1	0
50	324	-1	0
324	210	-1	0
210	69	-1	0
69	20	-1	0
20	56	-1	0
56	336	-1	0
336	218	-1	0
218	290	-1	0
290	125	-1	0
125	284	-1	0
284	323	-1	0
323	187	-1	0
187	200	-1	0
200	159	-1	0
159	166	-1	0
166	29	-1	0
29	103	-1	0
103	352	-1	0
352	309	-1	0
309	57	-1	0
57	16	-1	0
16	39	-1	0
39	136	-1	0
136	123	-1	0
123	230	-1	0
230	146	-1	0
146	78	-1	0
78	254	-1	0
254	113	-1	0
113	303	-1	0
303	152	-1	0
152	116	-1	0
116	85	-1	0
85	141	-1	0
141	347	-1	0
347	70	-1	0
70	59	-1	0
59	13	-1	0
13	38	-1	0
38	362	-1	0
362	168	-1	0
168	354	-1	0
354	191	-1	0
191	229	-1	0
229	79	-1	0
79	188	-1	0
188	216	-1	0
216	280	-1	0
280	277	-1	0
277	115	-1	0
115	302	-1	0
302	333	-1	0
333	190	-1	0
190	21	-1	0
21	80	-1	0
80	231	-1	0
231	53	-1	0
53	183	-1	0
183	45	-1	0
45	217	-1	0
217	133	-1	0
133	30	-1	0
30	348	-1	0
348	9	-1	0
9	153	-1	0
153	370	-1	0
370	363	-1	0
363	192	-1	0
192	124	-1	0
124	68	-1	0
68	278	-1	0
278	366	-1	0
366	319	-1	0
319	130	-1	0
130	172	-1	0
172	117	-1	0
117	343	-1	0
343	215	-1	0
215	91	-1	0
91	355	-1	0
355	238	-1	0
238	223	-1	0
223	180	-1	0
180	257	-1	0
257	40	-1	0
40	110	-1	0
110	300	-1	0
300	170	-1	0
170	48	-1	0
48	313	-1	0
313	270	-1	0
270	326	-1	0
326	206	-1	0
206	328	-1	0
328	264	-1	0
264	160	-1	0
160	61	-1	0
61	228	-1	0
228	368	-1	0
368	73	-1	0
73	6	-1	0
6	213	-1	0
213	126	-1	0
126	25	-1	0
25	342	-1	0
342	304	-1	0
304	149	-1	0
149	114	-1	0
114	8	-1	0
8	220	-1	0
220	314	-1	0
314	26	-1	0
26	144	-1	0
144	227	-1	0
227	1	-1	0
1	214	-1	0
214	361	-1	0
361	131	-1	0
131	268	-1	0
268	271	-1	0
271	189	-1	0
189	209	-1	0
209	194	-1	0
194	147	-1	0
147	92	-1	0
92	225	-1	0
225	31	-1	0
31	2	-1	0
2	158	-1	0
158	261	-1	0
261	44	-1	0
44	356	-1	0
356	143	-1	0
143	107	-1	0
107	76	-1	0
76	349	-1	0
349	12	-1	0
12	317	-1	0
317	28	-1	0
28	17	-1	0
17	10	-1	0
10	315	-1	0
315	338	-1	0
338	150	-1	0
150	325	-1	0
325	186	-1	0
186	353	-1	0
353	96	-1	0
96	253	-1	0
253	246	-1	0
246	262	-1	0
262	369	-1	0
369	184	-1	0
184	4	-1	0
4	81	-1	0
81	198	-1	0
198	47	-1	0
47	266	-1	0
266	247	-1	0
247	202	-1	0
202	127	-1	0
127	299	-1	0
299	64	-1	0
64	88	-1	0
88	249	-1	0
249	151	-1	0
151	24	-1	0
24	308	-1	0
308	286	-1	0
286	14	-1	0
14	140	-1	0
140	135	-1	0
135	335	-1	0
335	371	-1	0
371	118	-1	0
118	62	-1	0
62	237	-1	0
237	22	-1	0
22	66	-1	0
66	178	-1	0
178	197	-1	0
197	306	-1	0
306	32	-1	0
32	351	-1	0
351	98	-1	0
98	94	-1	0
94	54	-1	0
54	99	-1	0
99	234	-1	0
234	179	-1	0
179	171	-1	0
171	111	-1	0
111	288	-1	0
288	137	-1	0
137	344	-1	0
344	60	-1	0
60	121	-1	0
121	42	-1	0
42	205	-1	0
205	204	-1	0
204	321	-1	0
321	90	-1	0
90	112	-1	0
112	243	-1	0
243	316	-1	0
316	122	-1	0
122	58	-1	0
58	287	-1	0
287	318	-1	0
318	222	-1	0
222	41	-1	0
41	358	-1	0
358	169	-1	0
169	55	-1	0
55	364	-1	0
364	341	-1	0
341	275	-1	0
275	233	-1	0
233	360	-1	0
360	93	-1	0
93	34	-1	0
34	193	-1	0
193	148	-1	0
148	350	-1	0
350	281	-1	0
281	250	-1	0
250	208	-1	0
208	235	-1	0
235	242	-1	0
242	339	-1	0
339	87	-1	0
87	128	-1	0
128	207	-1	0
207	72	-1	0
72	89	-1	0
89	232	-1	0
232	119	-1	0
119	174	-1	0
174	224	-1	0
224	201	-1	0
201	269	-1	0
269	182	-1	0
182	65	-1	0
65	71	-1	0
71	104	-1	0
104	105	-1	0
105	177	-1	0
177	0	-1	0
