/* Number of Operations */
500
/* List of Operations. */
/* Start	End	Fly	#Internal	Locations...*/
0	4	-1	0
4	111	-1	0
111	313	-1	0
313	356	-1	0
356	416	-1	0
416	100	-1	0
100	464	-1	0
464	267	-1	0
267	188	-1	0
188	275	-1	0
275	334	-1	0
334	92	-1	0
92	166	-1	0
166	362	-1	0
362	490	-1	0
490	165	-1	0
165	395	-1	0
395	385	-1	0
385	191	-1	0
191	227	-1	0
227	17	-1	0
17	360	-1	0
360	183	-1	0
183	417	-1	0
417	138	-1	0
138	460	-1	0
460	10	-1	0
10	332	-1	0
332	193	-1	0
193	446	-1	0
446	5	-1	0
5	355	-1	0
355	265	-1	0
265	69	-1	0
69	236	-1	0
236	470	-1	0
470	18	-1	0
18	497	-1	0
497	384	-1	0
384	237	-1	0
237	440	-1	0
440	336	-1	0
336	340	-1	0
340	314	-1	0
314	257	-1	0
257	351	-1	0
351	217	-1	0
217	260	-1	0
260	16	-1	0
16	319	-1	0
319	66	-1	0
66	297	-1	0
297	410	-1	0
410	465	-1	0
465	328	-1	0
328	344	-1	0
344	14	-1	0
14	456	-1	0
456	187	-1	0
187	258	-1	0
258	373	-1	0
373	292	-1	0
292	342	-1	0
342	380	-1	0
380	101	-1	0
101	143	-1	0
143	62	-1	0
62	110	-1	0
110	407	-1	0
407	397	-1	0
397	445	-1	0
445	93	-1	0
93	375	-1	0
375	84	-1	0
84	295	-1	0
295	106	-1	0
106	133	-1	0
133	208	-1	0
208	379	-1	0
379	290	-1	0
290	449	-1	0
449	234	-1	0
234	51	-1	0
51	383	-1	0
383	163	-1	0
163	80	-1	0
80	216	-1	0
216	432	-1	0
432	3	-1	0
3	201	-1	0
201	116	-1	0
116	144	-1	0
144	481	-1	0
481	1	-1	0
1	277	-1	0
277	167	-1	0
167	422	-1	0
422	312	-1	0
312	122	-1	0
122	350	-1	0
350	159	-1	0
159	60	-1	0
60	305	-1	0
305	181	-1	0
181	82	-1	0
82	117	-1	0
117	306	-1	0
306	175	-1	0
175	286	-1	0
286	229	-1	0
229	400	-1	0
400	499	-1	0
499	225	-1	0
225	158	-1	0
158	413	-1	0
413	72	-1	0
72	463	-1	0
463	240	-1	0
240	394	-1	0
394	71	-1	0
71	252	-1	0
252	259	-1	0
259	120	-1	0
120	249	-1	0
249	26	-1	0
26	85	-1	0
85	94	-1	0
94	105	-1	0
105	439	-1	0
439	411	-1	0
411	427	-1	0
427	77	-1	0
77	96	-1	0
96	447	-1	0
447	250	-1	0
250	412	-1	0
412	428	-1	0
428	153	-1	0
153	327	-1	0
327	296	-1	0
296	169	-1	0
169	55	-1	0
55	150	-1	0
150	127	-1	0
127	219	-1	0
219	452	-1	0
452	7	-1	0
7	2	-1	0
2	324	-1	0
324	335	-1	0
335	213	-1	0
213	145	-1	0
145	162	-1	0
162	374	-1	0
374	437	-1	0
437	436	-1	0
436	291	-1	0
291	136	-1	0
136	498	-1	0
498	288	-1	0
288	378	-1	0
378	485	-1	0
485	198	-1	0
198	352	-1	0
352	450	-1	0
450	211	-1	0
211	118	-1	0
118	347	-1	0
347	444	-1	0
444	177	-1	0
177	155	-1	0
155	43	-1	0
43	433	-1	0
433	318	-1	0
318	495	-1	0
495	443	-1	0
443	366	-1	0
366	58	-1	0
58	59	-1	0
59	390	-1	0
390	224	-1	0
224	243	-1	0
243	90	-1	0
90	418	-1	0
418	455	-1	0
455	322	-1	0
322	103	-1	0
103	285	-1	0
285	448	-1	0
448	268	-1	0
268	142	-1	0
142	293	-1	0
293	248	-1	0
248	357	-1	0
357	180	-1	0
180	199	-1	0
199	160	-1	0
160	471	-1	0
471	75	-1	0
75	316	-1	0
316	461	-1	0
461	242	-1	0
242	299	-1	0
299	47	-1	0
47	281	-1	0
281	376	-1	0
376	468	-1	0
468	185	-1	0
185	154	-1	0
154	186	-1	0
186	184	-1	0
184	40	-1	0
40	196	-1	0
196	53	-1	0
53	206	-1	0
206	174	-1	0
174	28	-1	0
28	451	-1	0
451	98	-1	0
98	125	-1	0
125	113	-1	0
113	492	-1	0
492	256	-1	0
256	396	-1	0
396	377	-1	0
377	247	-1	0
247	484	-1	0
484	99	-1	0
99	220	-1	0
220	151	-1	0
151	231	-1	0
231	251	-1	0
251	61	-1	0
61	70	-1	0
70	414	-1	0
414	339	-1	0
339	207	-1	0
207	419	-1	0
419	19	-1	0
19	459	-1	0
459	343	-1	0
343	255	-1	0
255	45	-1	0
45	67	-1	0
67	52	-1	0
52	389	-1	0
389	325	-1	0
325	478	-1	0
478	364	-1	0
364	424	-1	0
424	372	-1	0
372	50	-1	0
50	123	-1	0
123	403	-1	0
403	212	-1	0
212	233	-1	0
233	87	-1	0
87	398	-1	0
398	387	-1	0
387	238	-1	0
238	102	-1	0
102	173	-1	0
173	235	-1	0
235	15	-1	0
15	406	-1	0
406	287	-1	0
287	32	-1	0
32	341	-1	0
341	441	-1	0
441	171	-1	0
171	348	-1	0
348	108	-1	0
108	22	-1	0
22	430	-1	0
430	132	-1	0
132	152	-1	0
152	65	-1	0
65	269	-1	0
269	271	-1	0
271	467	-1	0
467	302	-1	0
302	393	-1	0
393	457	-1	0
457	39	-1	0
39	442	-1	0
442	112	-1	0
112	20	-1	0
20	190	-1	0
190	91	-1	0
91	246	-1	0
246	97	-1	0
97	232	-1	0
232	83	-1	0
83	239	-1	0
239	361	-1	0
361	294	-1	0
294	479	-1	0
479	496	-1	0
496	425	-1	0
425	124	-1	0
124	370	-1	0
370	391	-1	0
391	194	-1	0
194	25	-1	0
25	126	-1	0
126	203	-1	0
203	429	-1	0
429	176	-1	0
176	320	-1	0
320	86	-1	0
86	308	-1	0
308	421	-1	0
421	381	-1	0
381	405	-1	0
405	283	-1	0
283	205	-1	0
205	254	-1	0
254	458	-1	0
458	214	-1	0
214	37	-1	0
37	200	-1	0
200	493	-1	0
493	338	-1	0
338	226	-1	0
226	157	-1	0
157	241	-1	0
241	202	-1	0
202	204	-1	0
204	24	-1	0
24	266	-1	0
266	121	-1	0
121	195	-1	0
195	42	-1	0
42	482	-1	0
482	41	-1	0
41	329	-1	0
329	477	-1	0
477	140	-1	0
140	119	-1	0
119	353	-1	0
353	197	-1	0
197	13	-1	0
13	480	-1	0
480	46	-1	0
46	261	-1	0
261	27	-1	0
27	68	-1	0
68	244	-1	0
244	369	-1	0
369	466	-1	0
466	134	-1	0
134	131	-1	0
131	323	-1	0
323	282	-1	0
282	107	-1	0
107	81	-1	0
81	401	-1	0
401	415	-1	0
415	12	-1	0
12	489	-1	0
489	354	-1	0
354	284	-1	0
284	331	-1	0
331	209	-1	0
209	473	-1	0
473	57	-1	0
57	36	-1	0
36	56	-1	0
56	363	-1	0
363	6	-1	0
6	276	-1	0
276	346	-1	0
346	88	-1	0
88	218	-1	0
218	9	-1	0
9	23	-1	0
23	491	-1	0
491	264	-1	0
264	279	-1	0
279	438	-1	0
438	31	-1	0
31	79	-1	0
79	130	-1	0
130	476	-1	0
476	30	-1	0
30	114	-1	0
114	272	-1	0
272	301	-1	0
301	399	-1	0
399	382	-1	0
382	359	-1	0
359	307	-1	0
307	345	-1	0
345	273	-1	0
273	388	-1	0
388	156	-1	0
156	35	-1	0
35	78	-1	0
78	54	-1	0
54	454	-1	0
454	315	-1	0
315	304	-1	0
304	230	-1	0
230	289	-1	0
289	73	-1	0
73	280	-1	0
280	392	-1	0
392	404	-1	0
404	89	-1	0
89	253	-1	0
253	333	-1	0
333	245	-1	0
245	486	-1	0
486	494	-1	0
494	104	-1	0
104	8	-1	0
8	303	-1	0
303	349	-1	0
349	300	-1	0
300	161	-1	0
161	310	-1	0
310	453	-1	0
453	358	-1	0
358	139	-1	0
139	321	-1	0
321	474	-1	0
474	64	-1	0
64	223	-1	0
223	408	-1	0
408	434	-1	0
434	263	-1	0
263	146	-1	0
146	74	-1	0
74	135	-1	0
135	49	-1	0
49	431	-1	0
431	189	-1	0
189	483	-1	0
483	423	-1	0
423	63	-1	0
63	29	-1	0
29	172	-1	0
172	309	-1	0
309	137	-1	0
137	367	-1	0
367	44	-1	0
44	270	-1	0
270	141	-1	0
141	147	-1	0
147	371	-1	0
371	298	-1	0
298	386	-1	0
386	420	-1	0
420	337	-1	0
337	426	-1	0
426	95	-1	0
95	178	-1	0
178	462	-1	0
462	472	-1	0
472	274	-1	0
274	129	-1	0
129	262	-1	0
262	149	-1	0
149	179	-1	0
179	222	-1	0
222	48	-1	0
48	115	-1	0
115	182	-1	0
182	365	-1	0
365	164	-1	0
164	109	-1	0
109	435	-1	0
435	34	-1	0
34	488	-1	0
488	170	-1	0
170	11	-1	0
11	475	-1	0
475	487	-1	0
487	192	-1	0
192	330	-1	0
330	409	-1	0
409	128	-1	0
128	368	-1	0
368	326	-1	0
326	278	-1	0
278	33	-1	0
33	311	-1	0
311	21	-1	0
21	317	-1	0
317	148	-1	0
148	215	-1	0
215	221	-1	0
221	168	-1	0
168	228	-1	0
228	210	-1	0
210	76	-1	0
76	38	-1	0
38	402	-1	0
402	469	-1	0
469	0	-1	0
