/* Number of Operations */
50
/* List of Operations. */
/* Start	End	Fly	#Internal	Locations...*/
0	49	-1	0
49	11	-1	0
11	46	-1	0
46	29	-1	0
29	31	-1	0
31	27	-1	0
27	34	-1	0
34	38	-1	0
38	41	-1	0
41	9	-1	0
9	35	-1	0
35	16	-1	0
16	48	-1	0
48	30	-1	0
30	26	-1	0
26	42	-1	0
42	45	-1	0
45	1	-1	0
1	2	-1	0
2	44	-1	0
44	20	-1	0
20	19	-1	0
19	6	-1	0
6	21	-1	0
21	7	-1	0
7	28	-1	0
28	13	-1	0
13	47	-1	0
47	5	-1	0
5	8	-1	0
8	37	-1	0
37	39	-1	0
39	43	-1	0
43	36	-1	0
36	18	-1	0
18	10	-1	0
10	3	-1	0
3	17	-1	0
17	4	-1	0
4	15	-1	0
15	12	-1	0
12	33	-1	0
33	23	-1	0
23	24	-1	0
24	40	-1	0
40	25	-1	0
25	32	-1	0
32	22	-1	0
22	14	-1	0
14	0	-1	0
