/* Number of Operations */
375
/* List of Operations. */
/* Start	End	Fly	#Internal	Locations...*/
0	205	-1	0
205	271	-1	0
271	20	-1	0
20	255	-1	0
255	298	-1	0
298	96	-1	0
96	261	-1	0
261	151	-1	0
151	74	-1	0
74	119	-1	0
119	121	-1	0
121	109	-1	0
109	110	-1	0
110	309	-1	0
309	265	-1	0
265	21	-1	0
21	159	-1	0
159	356	-1	0
356	131	-1	0
131	158	-1	0
158	374	-1	0
374	305	-1	0
305	114	-1	0
114	44	-1	0
44	11	-1	0
11	224	-1	0
224	130	-1	0
130	328	-1	0
328	308	-1	0
308	59	-1	0
59	254	-1	0
254	84	-1	0
84	236	-1	0
236	56	-1	0
56	78	-1	0
78	290	-1	0
290	99	-1	0
99	227	-1	0
227	188	-1	0
188	107	-1	0
107	106	-1	0
106	301	-1	0
301	277	-1	0
277	191	-1	0
191	258	-1	0
258	43	-1	0
43	272	-1	0
272	338	-1	0
338	154	-1	0
154	286	-1	0
286	246	-1	0
246	279	-1	0
279	136	-1	0
136	36	-1	0
36	337	-1	0
337	245	-1	0
245	243	-1	0
243	247	-1	0
247	273	-1	0
273	214	-1	0
214	174	-1	0
174	138	-1	0
138	120	-1	0
120	85	-1	0
85	293	-1	0
293	349	-1	0
349	39	-1	0
39	180	-1	0
180	362	-1	0
362	334	-1	0
334	22	-1	0
22	185	-1	0
185	248	-1	0
248	325	-1	0
325	48	-1	0
48	235	-1	0
235	83	-1	0
83	250	-1	0
250	238	-1	0
238	284	-1	0
284	264	-1	0
264	64	-1	0
64	5	-1	0
5	275	-1	0
275	350	-1	0
350	361	-1	0
361	12	-1	0
12	82	-1	0
82	27	-1	0
27	149	-1	0
149	88	-1	0
88	193	-1	0
193	40	-1	0
40	117	-1	0
117	289	-1	0
289	2	-1	0
2	60	-1	0
60	152	-1	0
152	234	-1	0
234	241	-1	0
241	28	-1	0
28	167	-1	0
167	280	-1	0
280	42	-1	0
42	79	-1	0
79	364	-1	0
364	220	-1	0
220	182	-1	0
182	371	-1	0
371	232	-1	0
232	295	-1	0
295	90	-1	0
90	292	-1	0
292	219	-1	0
219	270	-1	0
270	206	-1	0
206	129	-1	0
129	95	-1	0
95	237	-1	0
237	355	-1	0
355	166	-1	0
166	217	-1	0
217	139	-1	0
139	176	-1	0
176	178	-1	0
178	3	-1	0
3	25	-1	0
25	62	-1	0
62	342	-1	0
342	332	-1	0
332	49	-1	0
49	304	-1	0
304	145	-1	0
145	266	-1	0
266	61	-1	0
61	92	-1	0
92	259	-1	0
259	89	-1	0
89	19	-1	0
19	143	-1	0
143	125	-1	0
125	98	-1	0
98	347	-1	0
347	329	-1	0
329	372	-1	0
372	195	-1	0
195	140	-1	0
140	7	-1	0
7	141	-1	0
141	267	-1	0
267	194	-1	0
194	104	-1	0
104	69	-1	0
69	133	-1	0
133	118	-1	0
118	253	-1	0
253	257	-1	0
257	218	-1	0
218	317	-1	0
317	303	-1	0
303	315	-1	0
315	51	-1	0
51	172	-1	0
172	251	-1	0
251	93	-1	0
93	324	-1	0
324	16	-1	0
16	171	-1	0
171	322	-1	0
322	344	-1	0
344	326	-1	0
326	345	-1	0
345	32	-1	0
32	80	-1	0
80	10	-1	0
10	18	-1	0
18	263	-1	0
263	269	-1	0
269	94	-1	0
94	212	-1	0
212	57	-1	0
57	173	-1	0
173	105	-1	0
105	76	-1	0
76	262	-1	0
262	357	-1	0
357	360	-1	0
360	71	-1	0
71	163	-1	0
163	72	-1	0
72	170	-1	0
170	204	-1	0
204	75	-1	0
75	123	-1	0
123	330	-1	0
330	319	-1	0
319	111	-1	0
111	1	-1	0
1	14	-1	0
14	313	-1	0
313	242	-1	0
242	354	-1	0
354	26	-1	0
26	213	-1	0
213	233	-1	0
233	312	-1	0
312	367	-1	0
367	156	-1	0
156	100	-1	0
100	240	-1	0
240	165	-1	0
165	244	-1	0
244	101	-1	0
101	207	-1	0
207	368	-1	0
368	157	-1	0
157	153	-1	0
153	8	-1	0
8	31	-1	0
31	137	-1	0
137	192	-1	0
192	63	-1	0
63	124	-1	0
124	373	-1	0
373	274	-1	0
274	336	-1	0
336	86	-1	0
86	6	-1	0
6	33	-1	0
33	55	-1	0
55	169	-1	0
169	323	-1	0
323	128	-1	0
128	50	-1	0
50	209	-1	0
209	66	-1	0
66	285	-1	0
285	155	-1	0
155	45	-1	0
45	142	-1	0
142	363	-1	0
363	296	-1	0
296	311	-1	0
311	216	-1	0
216	108	-1	0
108	189	-1	0
189	112	-1	0
112	58	-1	0
58	73	-1	0
73	34	-1	0
34	175	-1	0
175	87	-1	0
87	148	-1	0
148	294	-1	0
294	316	-1	0
316	4	-1	0
4	29	-1	0
29	197	-1	0
197	127	-1	0
127	183	-1	0
183	115	-1	0
115	256	-1	0
256	327	-1	0
327	13	-1	0
13	196	-1	0
196	17	-1	0
17	177	-1	0
177	30	-1	0
30	210	-1	0
210	291	-1	0
291	24	-1	0
24	341	-1	0
341	162	-1	0
162	228	-1	0
228	53	-1	0
53	161	-1	0
161	306	-1	0
306	352	-1	0
352	198	-1	0
198	335	-1	0
335	168	-1	0
168	215	-1	0
215	179	-1	0
179	202	-1	0
202	9	-1	0
9	38	-1	0
38	288	-1	0
288	186	-1	0
186	70	-1	0
70	132	-1	0
132	164	-1	0
164	68	-1	0
68	221	-1	0
221	359	-1	0
359	146	-1	0
146	67	-1	0
67	339	-1	0
339	126	-1	0
126	150	-1	0
150	331	-1	0
331	353	-1	0
353	283	-1	0
283	314	-1	0
314	116	-1	0
116	310	-1	0
310	47	-1	0
47	200	-1	0
200	187	-1	0
187	287	-1	0
287	249	-1	0
249	144	-1	0
144	134	-1	0
134	199	-1	0
199	346	-1	0
346	91	-1	0
91	113	-1	0
113	147	-1	0
147	281	-1	0
281	252	-1	0
252	365	-1	0
365	318	-1	0
318	333	-1	0
333	222	-1	0
222	239	-1	0
239	340	-1	0
340	160	-1	0
160	201	-1	0
201	184	-1	0
184	321	-1	0
321	208	-1	0
208	65	-1	0
65	135	-1	0
135	122	-1	0
122	351	-1	0
351	23	-1	0
23	358	-1	0
358	77	-1	0
77	46	-1	0
46	231	-1	0
231	369	-1	0
369	229	-1	0
229	370	-1	0
370	35	-1	0
35	102	-1	0
102	260	-1	0
260	307	-1	0
307	81	-1	0
81	41	-1	0
41	52	-1	0
52	203	-1	0
203	54	-1	0
54	103	-1	0
103	211	-1	0
211	276	-1	0
276	37	-1	0
37	181	-1	0
181	223	-1	0
223	302	-1	0
302	15	-1	0
15	366	-1	0
366	343	-1	0
343	282	-1	0
282	299	-1	0
299	320	-1	0
320	225	-1	0
225	190	-1	0
190	278	-1	0
278	297	-1	0
297	300	-1	0
300	97	-1	0
97	230	-1	0
230	226	-1	0
226	268	-1	0
268	348	-1	0
348	0	-1	0
