/* Number of Operations */
75
/* List of Operations. */
/* Start	End	Fly	#Internal	Locations...*/
0	52	-1	0
52	25	-1	0
25	62	-1	0
62	14	-1	0
14	28	-1	0
28	37	-1	0
37	7	-1	0
7	55	-1	0
55	12	-1	0
12	23	-1	0
23	22	-1	0
22	58	-1	0
58	4	-1	0
4	36	-1	0
36	29	-1	0
29	64	-1	0
64	10	-1	0
10	9	-1	0
9	59	-1	0
59	61	-1	0
61	67	-1	0
67	19	-1	0
19	20	-1	0
20	68	-1	0
68	31	-1	0
31	40	-1	0
40	2	-1	0
2	54	-1	0
54	69	-1	0
69	42	-1	0
42	8	-1	0
8	34	-1	0
34	17	-1	0
17	60	-1	0
60	66	-1	0
66	48	-1	0
48	72	-1	0
72	16	-1	0
16	43	-1	0
43	35	-1	0
35	41	-1	0
41	57	-1	0
57	11	-1	0
11	51	-1	0
51	15	-1	0
15	32	-1	0
32	1	-1	0
1	38	-1	0
38	18	-1	0
18	74	-1	0
74	5	-1	0
5	3	-1	0
3	63	-1	0
63	21	-1	0
21	44	-1	0
44	39	-1	0
39	46	-1	0
46	6	-1	0
6	50	-1	0
50	27	-1	0
27	65	-1	0
65	73	-1	0
73	45	-1	0
45	30	-1	0
30	71	-1	0
71	26	-1	0
26	53	-1	0
53	33	-1	0
33	47	-1	0
47	49	-1	0
49	24	-1	0
24	70	-1	0
70	56	-1	0
56	13	-1	0
13	0	-1	0
