/* Number of Operations */
100
/* List of Operations. */
/* Start	End	Fly	#Internal	Locations...*/
0	29	-1	0
29	94	-1	0
94	74	-1	0
74	34	-1	0
34	26	-1	0
26	83	-1	0
83	7	-1	0
7	98	-1	0
98	24	-1	0
24	44	-1	0
44	3	-1	0
3	38	-1	0
38	2	-1	0
2	25	-1	0
25	64	-1	0
64	75	-1	0
75	58	-1	0
58	82	-1	0
82	33	-1	0
33	79	-1	0
79	62	-1	0
62	15	-1	0
15	17	-1	0
17	46	-1	0
46	48	-1	0
48	16	-1	0
16	96	-1	0
96	93	-1	0
93	8	-1	0
8	97	-1	0
97	5	-1	0
5	81	-1	0
81	53	-1	0
53	27	-1	0
27	84	-1	0
84	77	-1	0
77	13	-1	0
13	31	-1	0
31	30	-1	0
30	35	-1	0
35	76	-1	0
76	9	-1	0
9	71	-1	0
71	39	-1	0
39	87	-1	0
87	47	-1	0
47	21	-1	0
21	85	-1	0
85	32	-1	0
32	45	-1	0
45	65	-1	0
65	42	-1	0
42	37	-1	0
37	69	-1	0
69	18	-1	0
18	43	-1	0
43	60	-1	0
60	90	-1	0
90	63	-1	0
63	57	-1	0
57	54	-1	0
54	56	-1	0
56	68	-1	0
68	40	-1	0
40	80	-1	0
80	70	-1	0
70	99	-1	0
99	61	-1	0
61	55	-1	0
55	14	-1	0
14	11	-1	0
11	19	-1	0
19	78	-1	0
78	4	-1	0
4	86	-1	0
86	89	-1	0
89	20	-1	0
20	12	-1	0
12	92	-1	0
92	51	-1	0
51	72	-1	0
72	1	-1	0
1	28	-1	0
28	49	-1	0
49	22	-1	0
22	36	-1	0
36	23	-1	0
23	66	-1	0
66	73	-1	0
73	6	-1	0
6	59	-1	0
59	88	-1	0
88	95	-1	0
95	41	-1	0
41	52	-1	0
52	67	-1	0
67	91	-1	0
91	10	-1	0
10	50	-1	0
50	0	-1	0
