/* Number of Operations */
375
/* List of Operations. */
/* Start	End	Fly	#Internal	Locations...*/
0	213	-1	0
213	219	-1	0
219	162	-1	0
162	352	-1	0
352	369	-1	0
369	116	-1	0
116	141	-1	0
141	191	-1	0
191	188	-1	0
188	137	-1	0
137	161	-1	0
161	275	-1	0
275	276	-1	0
276	86	-1	0
86	89	-1	0
89	329	-1	0
329	295	-1	0
295	282	-1	0
282	75	-1	0
75	167	-1	0
167	308	-1	0
308	349	-1	0
349	309	-1	0
309	2	-1	0
2	42	-1	0
42	222	-1	0
222	180	-1	0
180	143	-1	0
143	156	-1	0
156	234	-1	0
234	38	-1	0
38	216	-1	0
216	246	-1	0
246	325	-1	0
325	321	-1	0
321	176	-1	0
176	154	-1	0
154	357	-1	0
357	6	-1	0
6	303	-1	0
303	177	-1	0
177	322	-1	0
322	123	-1	0
123	34	-1	0
34	331	-1	0
331	347	-1	0
347	247	-1	0
247	301	-1	0
301	84	-1	0
84	189	-1	0
189	50	-1	0
50	12	-1	0
12	333	-1	0
333	300	-1	0
300	164	-1	0
164	146	-1	0
146	80	-1	0
80	45	-1	0
45	170	-1	0
170	179	-1	0
179	354	-1	0
354	73	-1	0
73	324	-1	0
324	181	-1	0
181	72	-1	0
72	157	-1	0
157	281	-1	0
281	220	-1	0
220	65	-1	0
65	223	-1	0
223	328	-1	0
328	135	-1	0
135	351	-1	0
351	96	-1	0
96	242	-1	0
242	268	-1	0
268	58	-1	0
58	112	-1	0
112	267	-1	0
267	202	-1	0
202	257	-1	0
257	132	-1	0
132	311	-1	0
311	49	-1	0
49	138	-1	0
138	195	-1	0
195	20	-1	0
20	237	-1	0
237	356	-1	0
356	332	-1	0
332	28	-1	0
28	169	-1	0
169	225	-1	0
225	337	-1	0
337	307	-1	0
307	166	-1	0
166	315	-1	0
315	71	-1	0
71	100	-1	0
100	182	-1	0
182	240	-1	0
240	245	-1	0
245	85	-1	0
85	244	-1	0
244	10	-1	0
10	228	-1	0
228	102	-1	0
102	359	-1	0
359	31	-1	0
31	77	-1	0
77	313	-1	0
313	4	-1	0
4	310	-1	0
310	27	-1	0
27	272	-1	0
272	47	-1	0
47	139	-1	0
139	266	-1	0
266	317	-1	0
317	128	-1	0
128	285	-1	0
285	9	-1	0
9	190	-1	0
190	346	-1	0
346	76	-1	0
76	287	-1	0
287	326	-1	0
326	184	-1	0
184	155	-1	0
155	69	-1	0
69	259	-1	0
259	53	-1	0
53	348	-1	0
348	109	-1	0
109	227	-1	0
227	298	-1	0
298	36	-1	0
36	217	-1	0
217	344	-1	0
344	353	-1	0
353	361	-1	0
361	110	-1	0
110	334	-1	0
334	111	-1	0
111	256	-1	0
256	249	-1	0
249	105	-1	0
105	363	-1	0
363	21	-1	0
21	243	-1	0
243	40	-1	0
40	29	-1	0
29	204	-1	0
204	98	-1	0
98	231	-1	0
231	294	-1	0
294	63	-1	0
63	302	-1	0
302	1	-1	0
1	273	-1	0
273	314	-1	0
314	13	-1	0
13	208	-1	0
208	125	-1	0
125	19	-1	0
19	368	-1	0
368	64	-1	0
64	289	-1	0
289	372	-1	0
372	108	-1	0
108	158	-1	0
158	241	-1	0
241	118	-1	0
118	319	-1	0
319	37	-1	0
37	330	-1	0
330	17	-1	0
17	129	-1	0
129	296	-1	0
296	335	-1	0
335	350	-1	0
350	270	-1	0
270	121	-1	0
121	119	-1	0
119	198	-1	0
198	70	-1	0
70	99	-1	0
99	62	-1	0
62	342	-1	0
342	371	-1	0
371	229	-1	0
229	305	-1	0
305	122	-1	0
122	60	-1	0
60	165	-1	0
165	343	-1	0
343	367	-1	0
367	262	-1	0
262	338	-1	0
338	370	-1	0
370	197	-1	0
197	175	-1	0
175	261	-1	0
261	318	-1	0
318	365	-1	0
365	25	-1	0
25	238	-1	0
238	126	-1	0
126	339	-1	0
339	8	-1	0
8	187	-1	0
187	316	-1	0
316	131	-1	0
131	11	-1	0
11	149	-1	0
149	193	-1	0
193	159	-1	0
159	214	-1	0
214	32	-1	0
32	51	-1	0
51	293	-1	0
293	54	-1	0
54	101	-1	0
101	83	-1	0
83	205	-1	0
205	113	-1	0
113	297	-1	0
297	127	-1	0
127	124	-1	0
124	95	-1	0
95	292	-1	0
292	323	-1	0
323	284	-1	0
284	106	-1	0
106	185	-1	0
185	90	-1	0
90	203	-1	0
203	358	-1	0
358	278	-1	0
278	364	-1	0
364	271	-1	0
271	67	-1	0
67	236	-1	0
236	43	-1	0
43	248	-1	0
248	171	-1	0
171	30	-1	0
30	235	-1	0
235	130	-1	0
130	133	-1	0
133	258	-1	0
258	61	-1	0
61	345	-1	0
345	82	-1	0
82	163	-1	0
163	374	-1	0
374	172	-1	0
172	117	-1	0
117	221	-1	0
221	252	-1	0
252	355	-1	0
355	269	-1	0
269	24	-1	0
24	360	-1	0
360	94	-1	0
94	15	-1	0
15	150	-1	0
150	55	-1	0
55	79	-1	0
79	153	-1	0
153	207	-1	0
207	93	-1	0
93	211	-1	0
211	312	-1	0
312	362	-1	0
362	215	-1	0
215	304	-1	0
304	14	-1	0
14	68	-1	0
68	74	-1	0
74	226	-1	0
226	136	-1	0
136	200	-1	0
200	16	-1	0
16	340	-1	0
340	107	-1	0
107	239	-1	0
239	152	-1	0
152	3	-1	0
3	255	-1	0
255	140	-1	0
140	291	-1	0
291	26	-1	0
26	251	-1	0
251	196	-1	0
196	288	-1	0
288	306	-1	0
306	199	-1	0
199	178	-1	0
178	66	-1	0
66	286	-1	0
286	173	-1	0
173	224	-1	0
224	144	-1	0
144	253	-1	0
253	210	-1	0
210	260	-1	0
260	373	-1	0
373	59	-1	0
59	57	-1	0
57	250	-1	0
250	81	-1	0
81	97	-1	0
97	145	-1	0
145	290	-1	0
290	5	-1	0
5	265	-1	0
265	78	-1	0
78	366	-1	0
366	142	-1	0
142	52	-1	0
52	218	-1	0
218	87	-1	0
87	264	-1	0
264	263	-1	0
263	212	-1	0
212	186	-1	0
186	88	-1	0
88	194	-1	0
194	33	-1	0
33	48	-1	0
48	201	-1	0
201	336	-1	0
336	341	-1	0
341	299	-1	0
299	274	-1	0
274	174	-1	0
174	44	-1	0
44	254	-1	0
254	279	-1	0
279	232	-1	0
232	92	-1	0
92	115	-1	0
115	168	-1	0
168	183	-1	0
183	39	-1	0
39	56	-1	0
56	46	-1	0
46	320	-1	0
320	114	-1	0
114	277	-1	0
277	192	-1	0
192	103	-1	0
103	35	-1	0
35	147	-1	0
147	148	-1	0
148	206	-1	0
206	233	-1	0
233	120	-1	0
120	230	-1	0
230	18	-1	0
18	104	-1	0
104	22	-1	0
22	209	-1	0
209	91	-1	0
91	283	-1	0
283	151	-1	0
151	160	-1	0
160	134	-1	0
134	23	-1	0
23	41	-1	0
41	7	-1	0
7	327	-1	0
327	280	-1	0
280	0	-1	0
