/* Number of Operations */
250
/* List of Operations. */
/* Start	End	Fly	#Internal	Locations...*/
0	157	-1	0
157	246	-1	0
246	69	-1	0
69	249	-1	0
249	28	-1	0
28	196	-1	0
196	33	-1	0
33	3	-1	0
3	34	-1	0
34	58	-1	0
58	129	-1	0
129	108	-1	0
108	238	-1	0
238	117	-1	0
117	168	-1	0
168	66	-1	0
66	15	-1	0
15	248	-1	0
248	165	-1	0
165	172	-1	0
172	206	-1	0
206	70	-1	0
70	247	-1	0
247	41	-1	0
41	89	-1	0
89	135	-1	0
135	150	-1	0
150	194	-1	0
194	6	-1	0
6	38	-1	0
38	184	-1	0
184	14	-1	0
14	120	-1	0
120	4	-1	0
4	46	-1	0
46	209	-1	0
209	59	-1	0
59	180	-1	0
180	76	-1	0
76	73	-1	0
73	199	-1	0
199	57	-1	0
57	128	-1	0
128	100	-1	0
100	32	-1	0
32	229	-1	0
229	232	-1	0
232	113	-1	0
113	11	-1	0
11	236	-1	0
236	75	-1	0
75	106	-1	0
106	189	-1	0
189	118	-1	0
118	225	-1	0
225	121	-1	0
121	179	-1	0
179	205	-1	0
205	187	-1	0
187	44	-1	0
44	204	-1	0
204	95	-1	0
95	83	-1	0
83	174	-1	0
174	167	-1	0
167	77	-1	0
77	222	-1	0
222	110	-1	0
110	191	-1	0
191	18	-1	0
18	166	-1	0
166	115	-1	0
115	149	-1	0
149	200	-1	0
200	220	-1	0
220	68	-1	0
68	103	-1	0
103	155	-1	0
155	123	-1	0
123	125	-1	0
125	37	-1	0
37	86	-1	0
86	22	-1	0
22	7	-1	0
7	29	-1	0
29	207	-1	0
207	185	-1	0
185	63	-1	0
63	21	-1	0
21	90	-1	0
90	173	-1	0
173	35	-1	0
35	237	-1	0
237	116	-1	0
116	36	-1	0
36	171	-1	0
171	24	-1	0
24	152	-1	0
152	190	-1	0
190	65	-1	0
65	55	-1	0
55	140	-1	0
140	10	-1	0
10	143	-1	0
143	56	-1	0
56	245	-1	0
245	201	-1	0
201	105	-1	0
105	72	-1	0
72	136	-1	0
136	98	-1	0
98	231	-1	0
231	112	-1	0
112	235	-1	0
235	47	-1	0
47	181	-1	0
181	13	-1	0
13	52	-1	0
52	230	-1	0
230	208	-1	0
208	145	-1	0
145	45	-1	0
45	214	-1	0
214	54	-1	0
54	154	-1	0
154	93	-1	0
93	107	-1	0
107	12	-1	0
12	119	-1	0
119	202	-1	0
202	175	-1	0
175	109	-1	0
109	27	-1	0
27	85	-1	0
85	241	-1	0
241	67	-1	0
67	156	-1	0
156	99	-1	0
99	163	-1	0
163	219	-1	0
219	243	-1	0
243	49	-1	0
49	192	-1	0
192	42	-1	0
42	170	-1	0
170	122	-1	0
122	164	-1	0
164	101	-1	0
101	43	-1	0
43	84	-1	0
84	158	-1	0
158	176	-1	0
176	134	-1	0
134	31	-1	0
31	133	-1	0
133	213	-1	0
213	182	-1	0
182	126	-1	0
126	60	-1	0
60	17	-1	0
17	212	-1	0
212	48	-1	0
48	244	-1	0
244	137	-1	0
137	188	-1	0
188	147	-1	0
147	221	-1	0
221	92	-1	0
92	144	-1	0
144	211	-1	0
211	228	-1	0
228	53	-1	0
53	215	-1	0
215	127	-1	0
127	79	-1	0
79	151	-1	0
151	224	-1	0
224	39	-1	0
39	142	-1	0
142	160	-1	0
160	195	-1	0
195	216	-1	0
216	111	-1	0
111	210	-1	0
210	9	-1	0
9	30	-1	0
30	20	-1	0
20	169	-1	0
169	132	-1	0
132	186	-1	0
186	203	-1	0
203	159	-1	0
159	64	-1	0
64	138	-1	0
138	87	-1	0
87	234	-1	0
234	88	-1	0
88	61	-1	0
61	25	-1	0
25	227	-1	0
227	1	-1	0
1	51	-1	0
51	242	-1	0
242	141	-1	0
141	16	-1	0
16	124	-1	0
124	178	-1	0
178	114	-1	0
114	223	-1	0
223	217	-1	0
217	183	-1	0
183	97	-1	0
97	94	-1	0
94	177	-1	0
177	91	-1	0
91	62	-1	0
62	71	-1	0
71	2	-1	0
2	193	-1	0
193	74	-1	0
74	162	-1	0
162	82	-1	0
82	81	-1	0
81	40	-1	0
40	26	-1	0
26	23	-1	0
23	239	-1	0
239	146	-1	0
146	148	-1	0
148	153	-1	0
153	226	-1	0
226	197	-1	0
197	161	-1	0
161	8	-1	0
8	102	-1	0
102	139	-1	0
139	80	-1	0
80	130	-1	0
130	5	-1	0
5	131	-1	0
131	50	-1	0
50	19	-1	0
19	198	-1	0
198	78	-1	0
78	96	-1	0
96	233	-1	0
233	104	-1	0
104	240	-1	0
240	218	-1	0
218	0	-1	0
