/* Number of Operations */
375
/* List of Operations. */
/* Start	End	Fly	#Internal	Locations...*/
0	45	-1	0
45	253	-1	0
253	88	-1	0
88	148	-1	0
148	308	-1	0
308	196	-1	0
196	291	-1	0
291	66	-1	0
66	7	-1	0
7	245	-1	0
245	370	-1	0
370	358	-1	0
358	323	-1	0
323	363	-1	0
363	117	-1	0
117	127	-1	0
127	274	-1	0
274	222	-1	0
222	94	-1	0
94	92	-1	0
92	269	-1	0
269	149	-1	0
149	64	-1	0
64	192	-1	0
192	232	-1	0
232	116	-1	0
116	229	-1	0
229	172	-1	0
172	202	-1	0
202	290	-1	0
290	87	-1	0
87	178	-1	0
178	366	-1	0
366	304	-1	0
304	346	-1	0
346	74	-1	0
74	112	-1	0
112	336	-1	0
336	24	-1	0
24	272	-1	0
272	188	-1	0
188	105	-1	0
105	281	-1	0
281	139	-1	0
139	311	-1	0
311	129	-1	0
129	177	-1	0
177	286	-1	0
286	107	-1	0
107	27	-1	0
27	259	-1	0
259	341	-1	0
341	111	-1	0
111	329	-1	0
329	22	-1	0
22	181	-1	0
181	115	-1	0
115	38	-1	0
38	18	-1	0
18	350	-1	0
350	132	-1	0
132	231	-1	0
231	145	-1	0
145	195	-1	0
195	349	-1	0
349	352	-1	0
352	239	-1	0
239	295	-1	0
295	371	-1	0
371	126	-1	0
126	326	-1	0
326	171	-1	0
171	246	-1	0
246	261	-1	0
261	266	-1	0
266	292	-1	0
292	37	-1	0
37	255	-1	0
255	299	-1	0
299	164	-1	0
164	267	-1	0
267	174	-1	0
174	305	-1	0
305	189	-1	0
189	125	-1	0
125	321	-1	0
321	199	-1	0
199	34	-1	0
34	275	-1	0
275	309	-1	0
309	162	-1	0
162	80	-1	0
80	343	-1	0
343	332	-1	0
332	233	-1	0
233	279	-1	0
279	1	-1	0
1	3	-1	0
3	242	-1	0
242	93	-1	0
93	360	-1	0
360	362	-1	0
362	26	-1	0
26	211	-1	0
211	368	-1	0
368	228	-1	0
228	157	-1	0
157	102	-1	0
102	357	-1	0
357	123	-1	0
123	161	-1	0
161	328	-1	0
328	52	-1	0
52	40	-1	0
40	373	-1	0
373	351	-1	0
351	153	-1	0
153	113	-1	0
113	137	-1	0
137	15	-1	0
15	282	-1	0
282	190	-1	0
190	225	-1	0
225	70	-1	0
70	322	-1	0
322	338	-1	0
338	325	-1	0
325	121	-1	0
121	57	-1	0
57	315	-1	0
315	210	-1	0
210	96	-1	0
96	277	-1	0
277	104	-1	0
104	135	-1	0
135	175	-1	0
175	227	-1	0
227	50	-1	0
50	165	-1	0
165	98	-1	0
98	280	-1	0
280	294	-1	0
294	302	-1	0
302	122	-1	0
122	250	-1	0
250	200	-1	0
200	108	-1	0
108	54	-1	0
54	187	-1	0
187	335	-1	0
335	150	-1	0
150	176	-1	0
176	367	-1	0
367	268	-1	0
268	260	-1	0
260	79	-1	0
79	240	-1	0
240	182	-1	0
182	278	-1	0
278	119	-1	0
119	130	-1	0
130	173	-1	0
173	73	-1	0
73	19	-1	0
19	138	-1	0
138	252	-1	0
252	230	-1	0
230	20	-1	0
20	314	-1	0
314	110	-1	0
110	217	-1	0
217	84	-1	0
84	106	-1	0
106	169	-1	0
169	168	-1	0
168	288	-1	0
288	244	-1	0
244	23	-1	0
23	337	-1	0
337	213	-1	0
213	9	-1	0
9	342	-1	0
342	82	-1	0
82	154	-1	0
154	44	-1	0
44	340	-1	0
340	179	-1	0
179	237	-1	0
237	159	-1	0
159	143	-1	0
143	243	-1	0
243	285	-1	0
285	144	-1	0
144	160	-1	0
160	59	-1	0
59	28	-1	0
28	235	-1	0
235	67	-1	0
67	369	-1	0
369	276	-1	0
276	56	-1	0
56	320	-1	0
320	184	-1	0
184	262	-1	0
262	310	-1	0
310	324	-1	0
324	17	-1	0
17	48	-1	0
48	193	-1	0
193	31	-1	0
31	318	-1	0
318	13	-1	0
13	287	-1	0
287	298	-1	0
298	11	-1	0
11	257	-1	0
257	170	-1	0
170	8	-1	0
8	78	-1	0
78	95	-1	0
95	216	-1	0
216	270	-1	0
270	109	-1	0
109	128	-1	0
128	224	-1	0
224	256	-1	0
256	183	-1	0
183	347	-1	0
347	307	-1	0
307	156	-1	0
156	344	-1	0
344	234	-1	0
234	359	-1	0
359	75	-1	0
75	293	-1	0
293	191	-1	0
191	312	-1	0
312	151	-1	0
151	313	-1	0
313	71	-1	0
71	146	-1	0
146	306	-1	0
306	317	-1	0
317	263	-1	0
263	214	-1	0
214	61	-1	0
61	209	-1	0
209	85	-1	0
85	355	-1	0
355	86	-1	0
86	16	-1	0
16	63	-1	0
63	205	-1	0
205	319	-1	0
319	147	-1	0
147	221	-1	0
221	289	-1	0
289	212	-1	0
212	248	-1	0
248	365	-1	0
365	316	-1	0
316	101	-1	0
101	198	-1	0
198	372	-1	0
372	133	-1	0
133	55	-1	0
55	14	-1	0
14	4	-1	0
4	33	-1	0
33	131	-1	0
131	283	-1	0
283	114	-1	0
114	91	-1	0
91	5	-1	0
5	345	-1	0
345	238	-1	0
238	208	-1	0
208	334	-1	0
334	120	-1	0
120	77	-1	0
77	39	-1	0
39	186	-1	0
186	47	-1	0
47	36	-1	0
36	333	-1	0
333	21	-1	0
21	330	-1	0
330	12	-1	0
12	124	-1	0
124	136	-1	0
136	247	-1	0
247	219	-1	0
219	207	-1	0
207	220	-1	0
220	167	-1	0
167	374	-1	0
374	226	-1	0
226	273	-1	0
273	218	-1	0
218	65	-1	0
65	303	-1	0
303	206	-1	0
206	53	-1	0
53	297	-1	0
297	35	-1	0
35	81	-1	0
81	32	-1	0
32	42	-1	0
42	185	-1	0
185	90	-1	0
90	251	-1	0
251	356	-1	0
356	258	-1	0
258	223	-1	0
223	140	-1	0
140	166	-1	0
166	361	-1	0
361	249	-1	0
249	327	-1	0
327	203	-1	0
203	89	-1	0
89	25	-1	0
25	180	-1	0
180	271	-1	0
271	51	-1	0
51	29	-1	0
29	331	-1	0
331	142	-1	0
142	197	-1	0
197	60	-1	0
60	76	-1	0
76	83	-1	0
83	296	-1	0
296	46	-1	0
46	68	-1	0
68	72	-1	0
72	364	-1	0
364	99	-1	0
99	41	-1	0
41	2	-1	0
2	265	-1	0
265	103	-1	0
103	30	-1	0
30	118	-1	0
118	152	-1	0
152	69	-1	0
69	158	-1	0
158	264	-1	0
264	301	-1	0
301	215	-1	0
215	155	-1	0
155	163	-1	0
163	6	-1	0
6	204	-1	0
204	194	-1	0
194	354	-1	0
354	300	-1	0
300	97	-1	0
97	241	-1	0
241	100	-1	0
100	141	-1	0
141	62	-1	0
62	254	-1	0
254	348	-1	0
348	58	-1	0
58	10	-1	0
10	43	-1	0
43	49	-1	0
49	236	-1	0
236	353	-1	0
353	339	-1	0
339	284	-1	0
284	134	-1	0
134	201	-1	0
201	0	-1	0
