/* Number of Operations */
250
/* List of Operations. */
/* Start	End	Fly	#Internal	Locations...*/
0	84	-1	0
84	12	-1	0
12	65	-1	0
65	198	-1	0
198	62	-1	0
62	47	-1	0
47	15	-1	0
15	201	-1	0
201	100	-1	0
100	143	-1	0
143	232	-1	0
232	249	-1	0
249	246	-1	0
246	152	-1	0
152	188	-1	0
188	123	-1	0
123	115	-1	0
115	179	-1	0
179	27	-1	0
27	103	-1	0
103	238	-1	0
238	214	-1	0
214	80	-1	0
80	136	-1	0
136	151	-1	0
151	241	-1	0
241	128	-1	0
128	78	-1	0
78	223	-1	0
223	134	-1	0
134	213	-1	0
213	139	-1	0
139	93	-1	0
93	163	-1	0
163	164	-1	0
164	85	-1	0
85	53	-1	0
53	59	-1	0
59	204	-1	0
204	101	-1	0
101	196	-1	0
196	235	-1	0
235	2	-1	0
2	108	-1	0
108	154	-1	0
154	107	-1	0
107	160	-1	0
160	111	-1	0
111	104	-1	0
104	146	-1	0
146	199	-1	0
199	212	-1	0
212	245	-1	0
245	73	-1	0
73	19	-1	0
19	129	-1	0
129	200	-1	0
200	122	-1	0
122	113	-1	0
113	222	-1	0
222	1	-1	0
1	33	-1	0
33	77	-1	0
77	105	-1	0
105	74	-1	0
74	208	-1	0
208	5	-1	0
5	162	-1	0
162	71	-1	0
71	70	-1	0
70	68	-1	0
68	168	-1	0
168	226	-1	0
226	40	-1	0
40	102	-1	0
102	32	-1	0
32	202	-1	0
202	219	-1	0
219	30	-1	0
30	175	-1	0
175	43	-1	0
43	61	-1	0
61	178	-1	0
178	96	-1	0
96	153	-1	0
153	166	-1	0
166	216	-1	0
216	180	-1	0
180	97	-1	0
97	231	-1	0
231	218	-1	0
218	126	-1	0
126	172	-1	0
172	119	-1	0
119	72	-1	0
72	221	-1	0
221	171	-1	0
171	145	-1	0
145	99	-1	0
99	121	-1	0
121	25	-1	0
25	57	-1	0
57	92	-1	0
92	9	-1	0
9	88	-1	0
88	81	-1	0
81	173	-1	0
173	224	-1	0
224	197	-1	0
197	86	-1	0
86	11	-1	0
11	187	-1	0
187	51	-1	0
51	228	-1	0
228	169	-1	0
169	189	-1	0
189	248	-1	0
248	117	-1	0
117	183	-1	0
183	36	-1	0
36	209	-1	0
209	42	-1	0
42	49	-1	0
49	170	-1	0
170	227	-1	0
227	135	-1	0
135	211	-1	0
211	142	-1	0
142	112	-1	0
112	234	-1	0
234	38	-1	0
38	230	-1	0
230	220	-1	0
220	191	-1	0
191	215	-1	0
215	149	-1	0
149	109	-1	0
109	79	-1	0
79	236	-1	0
236	18	-1	0
18	239	-1	0
239	23	-1	0
23	16	-1	0
16	194	-1	0
194	6	-1	0
6	87	-1	0
87	144	-1	0
144	28	-1	0
28	205	-1	0
205	127	-1	0
127	132	-1	0
132	242	-1	0
242	14	-1	0
14	20	-1	0
20	56	-1	0
56	7	-1	0
7	114	-1	0
114	50	-1	0
50	29	-1	0
29	185	-1	0
185	69	-1	0
69	217	-1	0
217	237	-1	0
237	67	-1	0
67	133	-1	0
133	41	-1	0
41	58	-1	0
58	210	-1	0
210	46	-1	0
46	192	-1	0
192	182	-1	0
182	44	-1	0
44	141	-1	0
141	52	-1	0
52	4	-1	0
4	89	-1	0
89	64	-1	0
64	21	-1	0
21	165	-1	0
165	55	-1	0
55	176	-1	0
176	186	-1	0
186	10	-1	0
10	82	-1	0
82	131	-1	0
131	174	-1	0
174	181	-1	0
181	75	-1	0
75	39	-1	0
39	207	-1	0
207	13	-1	0
13	184	-1	0
184	3	-1	0
3	95	-1	0
95	24	-1	0
24	157	-1	0
157	155	-1	0
155	83	-1	0
83	244	-1	0
244	203	-1	0
203	177	-1	0
177	124	-1	0
124	110	-1	0
110	116	-1	0
116	156	-1	0
156	240	-1	0
240	60	-1	0
60	147	-1	0
147	26	-1	0
26	125	-1	0
125	76	-1	0
76	118	-1	0
118	150	-1	0
150	8	-1	0
8	233	-1	0
233	63	-1	0
63	140	-1	0
140	48	-1	0
48	22	-1	0
22	193	-1	0
193	35	-1	0
35	229	-1	0
229	45	-1	0
45	195	-1	0
195	130	-1	0
130	106	-1	0
106	138	-1	0
138	90	-1	0
90	159	-1	0
159	167	-1	0
167	34	-1	0
34	247	-1	0
247	158	-1	0
158	54	-1	0
54	190	-1	0
190	137	-1	0
137	66	-1	0
66	161	-1	0
161	31	-1	0
31	37	-1	0
37	148	-1	0
148	94	-1	0
94	120	-1	0
120	17	-1	0
17	206	-1	0
206	91	-1	0
91	243	-1	0
243	98	-1	0
98	225	-1	0
225	0	-1	0
