/* Number of Operations */
375
/* List of Operations. */
/* Start	End	Fly	#Internal	Locations...*/
0	211	-1	0
211	70	-1	0
70	282	-1	0
282	118	-1	0
118	7	-1	0
7	95	-1	0
95	14	-1	0
14	268	-1	0
268	206	-1	0
206	261	-1	0
261	65	-1	0
65	30	-1	0
30	38	-1	0
38	194	-1	0
194	115	-1	0
115	210	-1	0
210	62	-1	0
62	293	-1	0
293	242	-1	0
242	197	-1	0
197	331	-1	0
331	297	-1	0
297	22	-1	0
22	295	-1	0
295	317	-1	0
317	34	-1	0
34	133	-1	0
133	315	-1	0
315	92	-1	0
92	94	-1	0
94	90	-1	0
90	262	-1	0
262	196	-1	0
196	72	-1	0
72	166	-1	0
166	147	-1	0
147	155	-1	0
155	263	-1	0
263	135	-1	0
135	182	-1	0
182	150	-1	0
150	306	-1	0
306	335	-1	0
335	151	-1	0
151	214	-1	0
214	324	-1	0
324	141	-1	0
141	107	-1	0
107	177	-1	0
177	143	-1	0
143	371	-1	0
371	50	-1	0
50	373	-1	0
373	328	-1	0
328	56	-1	0
56	112	-1	0
112	159	-1	0
159	362	-1	0
362	109	-1	0
109	83	-1	0
83	45	-1	0
45	330	-1	0
330	139	-1	0
139	26	-1	0
26	215	-1	0
215	31	-1	0
31	327	-1	0
327	193	-1	0
193	319	-1	0
319	104	-1	0
104	108	-1	0
108	11	-1	0
11	353	-1	0
353	51	-1	0
51	103	-1	0
103	359	-1	0
359	136	-1	0
136	233	-1	0
233	63	-1	0
63	266	-1	0
266	273	-1	0
273	111	-1	0
111	355	-1	0
355	152	-1	0
152	360	-1	0
360	128	-1	0
128	283	-1	0
283	224	-1	0
224	178	-1	0
178	163	-1	0
163	231	-1	0
231	232	-1	0
232	105	-1	0
105	357	-1	0
357	96	-1	0
96	322	-1	0
322	117	-1	0
117	374	-1	0
374	241	-1	0
241	251	-1	0
251	187	-1	0
187	140	-1	0
140	74	-1	0
74	9	-1	0
9	129	-1	0
129	277	-1	0
277	203	-1	0
203	218	-1	0
218	252	-1	0
252	153	-1	0
153	270	-1	0
270	28	-1	0
28	217	-1	0
217	54	-1	0
54	369	-1	0
369	207	-1	0
207	333	-1	0
333	6	-1	0
6	358	-1	0
358	2	-1	0
2	184	-1	0
184	39	-1	0
39	372	-1	0
372	258	-1	0
258	275	-1	0
275	162	-1	0
162	157	-1	0
157	42	-1	0
42	100	-1	0
100	361	-1	0
361	33	-1	0
33	12	-1	0
12	77	-1	0
77	301	-1	0
301	311	-1	0
311	352	-1	0
352	304	-1	0
304	68	-1	0
68	225	-1	0
225	285	-1	0
285	93	-1	0
93	256	-1	0
256	78	-1	0
78	98	-1	0
98	146	-1	0
146	274	-1	0
274	3	-1	0
3	286	-1	0
286	347	-1	0
347	216	-1	0
216	284	-1	0
284	300	-1	0
300	10	-1	0
10	134	-1	0
134	124	-1	0
124	332	-1	0
332	116	-1	0
116	367	-1	0
367	43	-1	0
43	101	-1	0
101	57	-1	0
57	122	-1	0
122	195	-1	0
195	121	-1	0
121	350	-1	0
350	309	-1	0
309	314	-1	0
314	1	-1	0
1	364	-1	0
364	126	-1	0
126	49	-1	0
49	55	-1	0
55	87	-1	0
87	257	-1	0
257	269	-1	0
269	167	-1	0
167	348	-1	0
348	370	-1	0
370	4	-1	0
4	276	-1	0
276	305	-1	0
305	123	-1	0
123	79	-1	0
79	183	-1	0
183	254	-1	0
254	25	-1	0
25	189	-1	0
189	247	-1	0
247	237	-1	0
237	236	-1	0
236	248	-1	0
248	35	-1	0
35	138	-1	0
138	91	-1	0
91	337	-1	0
337	180	-1	0
180	102	-1	0
102	204	-1	0
204	290	-1	0
290	179	-1	0
179	341	-1	0
341	154	-1	0
154	16	-1	0
16	53	-1	0
53	73	-1	0
73	130	-1	0
130	99	-1	0
99	323	-1	0
323	209	-1	0
209	334	-1	0
334	212	-1	0
212	127	-1	0
127	339	-1	0
339	23	-1	0
23	243	-1	0
243	40	-1	0
40	338	-1	0
338	368	-1	0
368	24	-1	0
24	312	-1	0
312	137	-1	0
137	17	-1	0
17	281	-1	0
281	272	-1	0
272	278	-1	0
278	191	-1	0
191	250	-1	0
250	81	-1	0
81	198	-1	0
198	36	-1	0
36	181	-1	0
181	245	-1	0
245	170	-1	0
170	192	-1	0
192	298	-1	0
298	346	-1	0
346	174	-1	0
174	86	-1	0
86	66	-1	0
66	145	-1	0
145	144	-1	0
144	113	-1	0
113	125	-1	0
125	343	-1	0
343	199	-1	0
199	313	-1	0
313	97	-1	0
97	164	-1	0
164	320	-1	0
320	344	-1	0
344	336	-1	0
336	52	-1	0
52	318	-1	0
318	58	-1	0
58	201	-1	0
201	280	-1	0
280	158	-1	0
158	230	-1	0
230	160	-1	0
160	342	-1	0
342	44	-1	0
44	114	-1	0
114	303	-1	0
303	321	-1	0
321	60	-1	0
60	21	-1	0
21	267	-1	0
267	271	-1	0
271	307	-1	0
307	228	-1	0
228	110	-1	0
110	89	-1	0
89	288	-1	0
288	156	-1	0
156	222	-1	0
222	310	-1	0
310	259	-1	0
259	234	-1	0
234	41	-1	0
41	185	-1	0
185	289	-1	0
289	120	-1	0
120	329	-1	0
329	213	-1	0
213	253	-1	0
253	29	-1	0
29	246	-1	0
246	345	-1	0
345	354	-1	0
354	296	-1	0
296	171	-1	0
171	302	-1	0
302	61	-1	0
61	48	-1	0
48	308	-1	0
308	168	-1	0
168	131	-1	0
131	235	-1	0
235	249	-1	0
249	59	-1	0
59	366	-1	0
366	148	-1	0
148	149	-1	0
149	226	-1	0
226	351	-1	0
351	220	-1	0
220	202	-1	0
202	255	-1	0
255	32	-1	0
32	190	-1	0
190	219	-1	0
219	132	-1	0
132	172	-1	0
172	18	-1	0
18	325	-1	0
325	173	-1	0
173	299	-1	0
299	176	-1	0
176	221	-1	0
221	5	-1	0
5	265	-1	0
265	119	-1	0
119	340	-1	0
340	208	-1	0
208	175	-1	0
175	294	-1	0
294	75	-1	0
75	67	-1	0
67	240	-1	0
240	15	-1	0
15	260	-1	0
260	244	-1	0
244	8	-1	0
8	188	-1	0
188	200	-1	0
200	76	-1	0
76	169	-1	0
169	238	-1	0
238	106	-1	0
106	13	-1	0
13	165	-1	0
165	71	-1	0
71	356	-1	0
356	186	-1	0
186	85	-1	0
85	142	-1	0
142	47	-1	0
47	365	-1	0
365	279	-1	0
279	229	-1	0
229	27	-1	0
27	363	-1	0
363	69	-1	0
69	316	-1	0
316	80	-1	0
80	82	-1	0
82	264	-1	0
264	64	-1	0
64	88	-1	0
88	223	-1	0
223	46	-1	0
46	161	-1	0
161	349	-1	0
349	326	-1	0
326	239	-1	0
239	19	-1	0
19	292	-1	0
292	205	-1	0
205	20	-1	0
20	84	-1	0
84	227	-1	0
227	287	-1	0
287	37	-1	0
37	291	-1	0
291	0	-1	0
