/* Number of Operations */
250
/* List of Operations. */
/* Start	End	Fly	#Internal	Locations...*/
0	26	-1	0
26	194	-1	0
194	40	-1	0
40	8	-1	0
8	69	-1	0
69	211	-1	0
211	162	-1	0
162	58	-1	0
58	49	-1	0
49	171	-1	0
171	181	-1	0
181	53	-1	0
53	204	-1	0
204	242	-1	0
242	65	-1	0
65	133	-1	0
133	76	-1	0
76	144	-1	0
144	87	-1	0
87	27	-1	0
27	234	-1	0
234	192	-1	0
192	77	-1	0
77	86	-1	0
86	105	-1	0
105	191	-1	0
191	1	-1	0
1	226	-1	0
226	91	-1	0
91	20	-1	0
20	217	-1	0
217	18	-1	0
18	247	-1	0
247	83	-1	0
83	19	-1	0
19	175	-1	0
175	161	-1	0
161	189	-1	0
189	78	-1	0
78	160	-1	0
160	56	-1	0
56	51	-1	0
51	116	-1	0
116	121	-1	0
121	243	-1	0
243	148	-1	0
148	220	-1	0
220	173	-1	0
173	155	-1	0
155	80	-1	0
80	23	-1	0
23	246	-1	0
246	114	-1	0
114	196	-1	0
196	43	-1	0
43	231	-1	0
231	38	-1	0
38	216	-1	0
216	223	-1	0
223	186	-1	0
186	59	-1	0
59	93	-1	0
93	150	-1	0
150	119	-1	0
119	123	-1	0
123	156	-1	0
156	95	-1	0
95	81	-1	0
81	30	-1	0
30	225	-1	0
225	172	-1	0
172	208	-1	0
208	229	-1	0
229	84	-1	0
84	188	-1	0
188	168	-1	0
168	82	-1	0
82	131	-1	0
131	212	-1	0
212	71	-1	0
71	44	-1	0
44	36	-1	0
36	244	-1	0
244	5	-1	0
5	127	-1	0
127	63	-1	0
63	109	-1	0
109	184	-1	0
184	137	-1	0
137	185	-1	0
185	135	-1	0
135	198	-1	0
198	33	-1	0
33	111	-1	0
111	197	-1	0
197	241	-1	0
241	103	-1	0
103	158	-1	0
158	21	-1	0
21	11	-1	0
11	37	-1	0
37	206	-1	0
206	132	-1	0
132	210	-1	0
210	151	-1	0
151	92	-1	0
92	128	-1	0
128	183	-1	0
183	115	-1	0
115	29	-1	0
29	201	-1	0
201	232	-1	0
232	45	-1	0
45	9	-1	0
9	57	-1	0
57	66	-1	0
66	72	-1	0
72	89	-1	0
89	174	-1	0
174	117	-1	0
117	130	-1	0
130	46	-1	0
46	239	-1	0
239	17	-1	0
17	221	-1	0
221	152	-1	0
152	139	-1	0
139	142	-1	0
142	138	-1	0
138	67	-1	0
67	164	-1	0
164	113	-1	0
113	97	-1	0
97	15	-1	0
15	10	-1	0
10	94	-1	0
94	99	-1	0
99	214	-1	0
214	153	-1	0
153	25	-1	0
25	166	-1	0
166	106	-1	0
106	31	-1	0
31	230	-1	0
230	237	-1	0
237	199	-1	0
199	100	-1	0
100	209	-1	0
209	3	-1	0
3	85	-1	0
85	227	-1	0
227	215	-1	0
215	52	-1	0
52	70	-1	0
70	134	-1	0
134	62	-1	0
62	169	-1	0
169	125	-1	0
125	47	-1	0
47	218	-1	0
218	118	-1	0
118	41	-1	0
41	122	-1	0
122	13	-1	0
13	170	-1	0
170	50	-1	0
50	228	-1	0
228	190	-1	0
190	108	-1	0
108	96	-1	0
96	101	-1	0
101	222	-1	0
222	240	-1	0
240	120	-1	0
120	182	-1	0
182	4	-1	0
4	42	-1	0
42	187	-1	0
187	219	-1	0
219	224	-1	0
224	61	-1	0
61	195	-1	0
195	35	-1	0
35	205	-1	0
205	88	-1	0
88	235	-1	0
235	98	-1	0
98	233	-1	0
233	126	-1	0
126	60	-1	0
60	167	-1	0
167	149	-1	0
149	200	-1	0
200	165	-1	0
165	16	-1	0
16	213	-1	0
213	48	-1	0
48	179	-1	0
179	249	-1	0
249	68	-1	0
68	34	-1	0
34	146	-1	0
146	157	-1	0
157	141	-1	0
141	176	-1	0
176	178	-1	0
178	180	-1	0
180	2	-1	0
2	32	-1	0
32	14	-1	0
14	147	-1	0
147	136	-1	0
136	54	-1	0
54	28	-1	0
28	124	-1	0
124	154	-1	0
154	236	-1	0
236	143	-1	0
143	177	-1	0
177	202	-1	0
202	112	-1	0
112	12	-1	0
12	104	-1	0
104	145	-1	0
145	110	-1	0
110	248	-1	0
248	207	-1	0
207	203	-1	0
203	245	-1	0
245	55	-1	0
55	107	-1	0
107	238	-1	0
238	140	-1	0
140	24	-1	0
24	90	-1	0
90	7	-1	0
7	74	-1	0
74	129	-1	0
129	39	-1	0
39	159	-1	0
159	64	-1	0
64	79	-1	0
79	193	-1	0
193	73	-1	0
73	75	-1	0
75	102	-1	0
102	22	-1	0
22	163	-1	0
163	6	-1	0
6	0	-1	0
