/* Number of Operations */
175
/* List of Operations. */
/* Start	End	Fly	#Internal	Locations...*/
0	5	-1	0
5	132	-1	0
132	61	-1	0
61	4	-1	0
4	8	-1	0
8	116	-1	0
116	138	-1	0
138	55	-1	0
55	145	-1	0
145	117	-1	0
117	109	-1	0
109	98	-1	0
98	26	-1	0
26	75	-1	0
75	62	-1	0
62	130	-1	0
130	36	-1	0
36	78	-1	0
78	85	-1	0
85	39	-1	0
39	41	-1	0
41	164	-1	0
164	68	-1	0
68	91	-1	0
91	72	-1	0
72	76	-1	0
76	129	-1	0
129	149	-1	0
149	71	-1	0
71	96	-1	0
96	161	-1	0
161	50	-1	0
50	37	-1	0
37	154	-1	0
154	21	-1	0
21	23	-1	0
23	148	-1	0
148	120	-1	0
120	10	-1	0
10	101	-1	0
101	119	-1	0
119	126	-1	0
126	115	-1	0
115	159	-1	0
159	30	-1	0
30	57	-1	0
57	14	-1	0
14	20	-1	0
20	166	-1	0
166	100	-1	0
100	134	-1	0
134	1	-1	0
1	38	-1	0
38	3	-1	0
3	173	-1	0
173	105	-1	0
105	142	-1	0
142	150	-1	0
150	15	-1	0
15	43	-1	0
43	33	-1	0
33	17	-1	0
17	7	-1	0
7	9	-1	0
9	66	-1	0
66	90	-1	0
90	135	-1	0
135	35	-1	0
35	79	-1	0
79	32	-1	0
32	6	-1	0
6	69	-1	0
69	156	-1	0
156	73	-1	0
73	63	-1	0
63	74	-1	0
74	137	-1	0
137	28	-1	0
28	165	-1	0
165	11	-1	0
11	157	-1	0
157	52	-1	0
52	152	-1	0
152	16	-1	0
16	97	-1	0
97	103	-1	0
103	92	-1	0
92	18	-1	0
18	70	-1	0
70	49	-1	0
49	53	-1	0
53	163	-1	0
163	158	-1	0
158	47	-1	0
47	51	-1	0
51	144	-1	0
144	107	-1	0
107	153	-1	0
153	45	-1	0
45	113	-1	0
113	127	-1	0
127	94	-1	0
94	118	-1	0
118	77	-1	0
77	88	-1	0
88	143	-1	0
143	170	-1	0
170	136	-1	0
136	44	-1	0
44	146	-1	0
146	140	-1	0
140	172	-1	0
172	87	-1	0
87	169	-1	0
169	19	-1	0
19	48	-1	0
48	65	-1	0
65	112	-1	0
112	42	-1	0
42	114	-1	0
114	29	-1	0
29	147	-1	0
147	46	-1	0
46	95	-1	0
95	81	-1	0
81	22	-1	0
22	31	-1	0
31	122	-1	0
122	59	-1	0
59	167	-1	0
167	102	-1	0
102	125	-1	0
125	139	-1	0
139	93	-1	0
93	83	-1	0
83	99	-1	0
99	133	-1	0
133	124	-1	0
124	162	-1	0
162	128	-1	0
128	27	-1	0
27	58	-1	0
58	110	-1	0
110	151	-1	0
151	171	-1	0
171	141	-1	0
141	111	-1	0
111	174	-1	0
174	60	-1	0
60	108	-1	0
108	155	-1	0
155	80	-1	0
80	34	-1	0
34	168	-1	0
168	12	-1	0
12	56	-1	0
56	25	-1	0
25	160	-1	0
160	89	-1	0
89	82	-1	0
82	2	-1	0
2	64	-1	0
64	123	-1	0
123	131	-1	0
131	106	-1	0
106	121	-1	0
121	86	-1	0
86	13	-1	0
13	40	-1	0
40	24	-1	0
24	84	-1	0
84	54	-1	0
54	104	-1	0
104	67	-1	0
67	0	-1	0
