/* Number of Operations */
100
/* List of Operations. */
/* Start	End	Fly	#Internal	Locations...*/
0	55	-1	0
55	36	-1	0
36	72	-1	0
72	89	-1	0
89	33	-1	0
33	47	-1	0
47	19	-1	0
19	25	-1	0
25	31	-1	0
31	88	-1	0
88	78	-1	0
78	21	-1	0
21	62	-1	0
62	44	-1	0
44	43	-1	0
43	94	-1	0
94	37	-1	0
37	7	-1	0
7	60	-1	0
60	59	-1	0
59	3	-1	0
3	99	-1	0
99	12	-1	0
12	79	-1	0
79	32	-1	0
32	5	-1	0
5	26	-1	0
26	54	-1	0
54	40	-1	0
40	22	-1	0
22	16	-1	0
16	39	-1	0
39	2	-1	0
2	73	-1	0
73	71	-1	0
71	56	-1	0
56	10	-1	0
10	14	-1	0
14	65	-1	0
65	13	-1	0
13	85	-1	0
85	50	-1	0
50	97	-1	0
97	1	-1	0
1	84	-1	0
84	11	-1	0
11	90	-1	0
90	53	-1	0
53	29	-1	0
29	93	-1	0
93	80	-1	0
80	34	-1	0
34	95	-1	0
95	46	-1	0
46	96	-1	0
96	23	-1	0
23	61	-1	0
61	41	-1	0
41	67	-1	0
67	20	-1	0
20	49	-1	0
49	6	-1	0
6	91	-1	0
91	58	-1	0
58	86	-1	0
86	17	-1	0
17	18	-1	0
18	24	-1	0
24	92	-1	0
92	74	-1	0
74	66	-1	0
66	57	-1	0
57	64	-1	0
64	52	-1	0
52	75	-1	0
75	51	-1	0
51	35	-1	0
35	87	-1	0
87	27	-1	0
27	70	-1	0
70	28	-1	0
28	45	-1	0
45	69	-1	0
69	82	-1	0
82	98	-1	0
98	77	-1	0
77	38	-1	0
38	8	-1	0
8	76	-1	0
76	9	-1	0
9	81	-1	0
81	42	-1	0
42	30	-1	0
30	48	-1	0
48	83	-1	0
83	15	-1	0
15	63	-1	0
63	4	-1	0
4	68	-1	0
68	0	-1	0
