/* Number of Operations */
250
/* List of Operations. */
/* Start	End	Fly	#Internal	Locations...*/
0	126	-1	0
126	174	-1	0
174	101	-1	0
101	68	-1	0
68	98	-1	0
98	172	-1	0
172	238	-1	0
238	4	-1	0
4	2	-1	0
2	236	-1	0
236	40	-1	0
40	159	-1	0
159	15	-1	0
15	43	-1	0
43	192	-1	0
192	16	-1	0
16	241	-1	0
241	115	-1	0
115	59	-1	0
59	234	-1	0
234	63	-1	0
63	19	-1	0
19	221	-1	0
221	198	-1	0
198	171	-1	0
171	116	-1	0
116	229	-1	0
229	125	-1	0
125	84	-1	0
84	95	-1	0
95	91	-1	0
91	29	-1	0
29	175	-1	0
175	194	-1	0
194	132	-1	0
132	137	-1	0
137	11	-1	0
11	152	-1	0
152	245	-1	0
245	117	-1	0
117	80	-1	0
80	196	-1	0
196	99	-1	0
99	60	-1	0
60	34	-1	0
34	178	-1	0
178	30	-1	0
30	208	-1	0
208	209	-1	0
209	135	-1	0
135	164	-1	0
164	248	-1	0
248	193	-1	0
193	200	-1	0
200	142	-1	0
142	216	-1	0
216	94	-1	0
94	129	-1	0
129	48	-1	0
48	20	-1	0
20	8	-1	0
8	218	-1	0
218	64	-1	0
64	173	-1	0
173	158	-1	0
158	12	-1	0
12	74	-1	0
74	242	-1	0
242	71	-1	0
71	223	-1	0
223	154	-1	0
154	97	-1	0
97	160	-1	0
160	32	-1	0
32	131	-1	0
131	24	-1	0
24	72	-1	0
72	182	-1	0
182	139	-1	0
139	237	-1	0
237	81	-1	0
81	162	-1	0
162	170	-1	0
170	33	-1	0
33	92	-1	0
92	49	-1	0
49	161	-1	0
161	105	-1	0
105	136	-1	0
136	83	-1	0
83	79	-1	0
79	103	-1	0
103	153	-1	0
153	233	-1	0
233	249	-1	0
249	67	-1	0
67	138	-1	0
138	56	-1	0
56	10	-1	0
10	35	-1	0
35	165	-1	0
165	188	-1	0
188	76	-1	0
76	226	-1	0
226	13	-1	0
13	36	-1	0
36	133	-1	0
133	120	-1	0
120	227	-1	0
227	143	-1	0
143	75	-1	0
75	82	-1	0
82	113	-1	0
113	149	-1	0
149	110	-1	0
110	106	-1	0
106	46	-1	0
46	151	-1	0
151	47	-1	0
47	207	-1	0
207	66	-1	0
66	17	-1	0
17	53	-1	0
53	215	-1	0
215	122	-1	0
122	184	-1	0
184	197	-1	0
197	156	-1	0
156	163	-1	0
163	26	-1	0
26	100	-1	0
100	54	-1	0
54	213	-1	0
213	185	-1	0
185	112	-1	0
112	18	-1	0
18	187	-1	0
187	77	-1	0
77	228	-1	0
228	50	-1	0
50	180	-1	0
180	42	-1	0
42	214	-1	0
214	130	-1	0
130	27	-1	0
27	6	-1	0
6	150	-1	0
150	189	-1	0
189	65	-1	0
65	121	-1	0
121	169	-1	0
169	114	-1	0
114	127	-1	0
127	212	-1	0
212	88	-1	0
88	235	-1	0
235	220	-1	0
220	177	-1	0
177	37	-1	0
37	107	-1	0
107	167	-1	0
167	45	-1	0
45	1	-1	0
1	181	-1	0
181	78	-1	0
78	195	-1	0
195	44	-1	0
44	244	-1	0
244	199	-1	0
199	124	-1	0
124	61	-1	0
61	85	-1	0
85	21	-1	0
21	148	-1	0
148	246	-1	0
246	147	-1	0
147	183	-1	0
183	93	-1	0
93	243	-1	0
243	9	-1	0
9	104	-1	0
104	73	-1	0
73	70	-1	0
70	225	-1	0
225	58	-1	0
58	157	-1	0
157	203	-1	0
203	111	-1	0
111	146	-1	0
146	5	-1	0
5	217	-1	0
217	22	-1	0
22	123	-1	0
123	3	-1	0
3	210	-1	0
210	23	-1	0
23	141	-1	0
141	224	-1	0
224	128	-1	0
128	211	-1	0
211	222	-1	0
222	28	-1	0
28	89	-1	0
89	144	-1	0
144	191	-1	0
191	186	-1	0
186	206	-1	0
206	219	-1	0
219	38	-1	0
38	166	-1	0
166	52	-1	0
52	55	-1	0
55	119	-1	0
119	155	-1	0
155	41	-1	0
41	140	-1	0
140	240	-1	0
240	109	-1	0
109	87	-1	0
87	25	-1	0
25	14	-1	0
14	7	-1	0
7	202	-1	0
202	39	-1	0
39	201	-1	0
201	57	-1	0
57	118	-1	0
118	231	-1	0
231	96	-1	0
96	51	-1	0
51	168	-1	0
168	108	-1	0
108	176	-1	0
176	134	-1	0
134	230	-1	0
230	90	-1	0
90	31	-1	0
31	190	-1	0
190	145	-1	0
145	247	-1	0
247	205	-1	0
205	232	-1	0
232	239	-1	0
239	204	-1	0
204	86	-1	0
86	69	-1	0
69	179	-1	0
179	62	-1	0
62	102	-1	0
102	0	-1	0
