/* Number of Operations */
175
/* List of Operations. */
/* Start	End	Fly	#Internal	Locations...*/
0	17	-1	0
17	6	-1	0
6	72	-1	0
72	71	-1	0
71	133	-1	0
133	89	-1	0
89	97	-1	0
97	53	-1	0
53	47	-1	0
47	43	-1	0
43	78	-1	0
78	166	-1	0
166	123	-1	0
123	163	-1	0
163	142	-1	0
142	171	-1	0
171	143	-1	0
143	44	-1	0
44	99	-1	0
99	49	-1	0
49	7	-1	0
7	16	-1	0
16	164	-1	0
164	93	-1	0
93	146	-1	0
146	158	-1	0
158	165	-1	0
165	26	-1	0
26	155	-1	0
155	11	-1	0
11	59	-1	0
59	156	-1	0
156	2	-1	0
2	28	-1	0
28	65	-1	0
65	87	-1	0
87	23	-1	0
23	81	-1	0
81	131	-1	0
131	64	-1	0
64	135	-1	0
135	12	-1	0
12	39	-1	0
39	114	-1	0
114	140	-1	0
140	69	-1	0
69	122	-1	0
122	22	-1	0
22	107	-1	0
107	50	-1	0
50	73	-1	0
73	42	-1	0
42	96	-1	0
96	18	-1	0
18	152	-1	0
152	3	-1	0
3	138	-1	0
138	145	-1	0
145	30	-1	0
30	100	-1	0
100	32	-1	0
32	109	-1	0
109	82	-1	0
82	58	-1	0
58	38	-1	0
38	14	-1	0
14	77	-1	0
77	29	-1	0
29	118	-1	0
118	139	-1	0
139	24	-1	0
24	117	-1	0
117	144	-1	0
144	8	-1	0
8	79	-1	0
79	141	-1	0
141	104	-1	0
104	68	-1	0
68	119	-1	0
119	51	-1	0
51	83	-1	0
83	61	-1	0
61	149	-1	0
149	130	-1	0
130	102	-1	0
102	90	-1	0
90	92	-1	0
92	91	-1	0
91	60	-1	0
60	4	-1	0
4	31	-1	0
31	19	-1	0
19	162	-1	0
162	153	-1	0
153	5	-1	0
5	126	-1	0
126	115	-1	0
115	157	-1	0
157	137	-1	0
137	57	-1	0
57	113	-1	0
113	80	-1	0
80	112	-1	0
112	161	-1	0
161	160	-1	0
160	111	-1	0
111	120	-1	0
120	106	-1	0
106	132	-1	0
132	63	-1	0
63	147	-1	0
147	108	-1	0
108	110	-1	0
110	172	-1	0
172	27	-1	0
27	101	-1	0
101	103	-1	0
103	46	-1	0
46	25	-1	0
25	167	-1	0
167	150	-1	0
150	40	-1	0
40	37	-1	0
37	13	-1	0
13	20	-1	0
20	36	-1	0
36	62	-1	0
62	129	-1	0
129	170	-1	0
170	124	-1	0
124	148	-1	0
148	9	-1	0
9	33	-1	0
33	125	-1	0
125	75	-1	0
75	56	-1	0
56	174	-1	0
174	48	-1	0
48	154	-1	0
154	66	-1	0
66	105	-1	0
105	86	-1	0
86	95	-1	0
95	41	-1	0
41	52	-1	0
52	169	-1	0
169	67	-1	0
67	45	-1	0
45	136	-1	0
136	151	-1	0
151	159	-1	0
159	98	-1	0
98	76	-1	0
76	10	-1	0
10	15	-1	0
15	70	-1	0
70	34	-1	0
34	21	-1	0
21	88	-1	0
88	85	-1	0
85	128	-1	0
128	55	-1	0
55	168	-1	0
168	35	-1	0
35	1	-1	0
1	84	-1	0
84	94	-1	0
94	173	-1	0
173	127	-1	0
127	121	-1	0
121	54	-1	0
54	74	-1	0
74	134	-1	0
134	116	-1	0
116	0	-1	0
