/* Number of Operations */
250
/* List of Operations. */
/* Start	End	Fly	#Internal	Locations...*/
0	6	-1	0
6	163	-1	0
163	22	-1	0
22	102	-1	0
102	75	-1	0
75	73	-1	0
73	193	-1	0
193	79	-1	0
79	64	-1	0
64	159	-1	0
159	39	-1	0
39	129	-1	0
129	74	-1	0
74	7	-1	0
7	90	-1	0
90	24	-1	0
24	140	-1	0
140	238	-1	0
238	107	-1	0
107	55	-1	0
55	245	-1	0
245	203	-1	0
203	207	-1	0
207	248	-1	0
248	110	-1	0
110	145	-1	0
145	104	-1	0
104	12	-1	0
12	112	-1	0
112	177	-1	0
177	202	-1	0
202	143	-1	0
143	236	-1	0
236	154	-1	0
154	124	-1	0
124	28	-1	0
28	54	-1	0
54	136	-1	0
136	147	-1	0
147	14	-1	0
14	32	-1	0
32	2	-1	0
2	180	-1	0
180	178	-1	0
178	176	-1	0
176	141	-1	0
141	157	-1	0
157	146	-1	0
146	34	-1	0
34	68	-1	0
68	249	-1	0
249	179	-1	0
179	48	-1	0
48	213	-1	0
213	16	-1	0
16	200	-1	0
200	165	-1	0
165	149	-1	0
149	167	-1	0
167	60	-1	0
60	126	-1	0
126	233	-1	0
233	98	-1	0
98	235	-1	0
235	88	-1	0
88	205	-1	0
205	35	-1	0
35	195	-1	0
195	61	-1	0
61	224	-1	0
224	219	-1	0
219	187	-1	0
187	42	-1	0
42	4	-1	0
4	182	-1	0
182	120	-1	0
120	240	-1	0
240	222	-1	0
222	101	-1	0
101	96	-1	0
96	108	-1	0
108	190	-1	0
190	228	-1	0
228	50	-1	0
50	170	-1	0
170	13	-1	0
13	122	-1	0
122	118	-1	0
118	41	-1	0
41	218	-1	0
218	47	-1	0
47	125	-1	0
125	169	-1	0
169	62	-1	0
62	134	-1	0
134	70	-1	0
70	52	-1	0
52	215	-1	0
215	227	-1	0
227	85	-1	0
85	3	-1	0
3	209	-1	0
209	100	-1	0
100	199	-1	0
199	237	-1	0
237	230	-1	0
230	31	-1	0
31	106	-1	0
106	166	-1	0
166	153	-1	0
153	25	-1	0
25	214	-1	0
214	99	-1	0
99	94	-1	0
94	10	-1	0
10	15	-1	0
15	97	-1	0
97	113	-1	0
113	164	-1	0
164	67	-1	0
67	138	-1	0
138	142	-1	0
142	139	-1	0
139	152	-1	0
152	221	-1	0
221	17	-1	0
17	239	-1	0
239	130	-1	0
130	46	-1	0
46	117	-1	0
117	174	-1	0
174	89	-1	0
89	72	-1	0
72	66	-1	0
66	57	-1	0
57	9	-1	0
9	45	-1	0
45	232	-1	0
232	201	-1	0
201	29	-1	0
29	115	-1	0
115	183	-1	0
183	128	-1	0
128	92	-1	0
92	151	-1	0
151	210	-1	0
210	132	-1	0
132	206	-1	0
206	37	-1	0
37	11	-1	0
11	21	-1	0
21	158	-1	0
158	103	-1	0
103	241	-1	0
241	197	-1	0
197	111	-1	0
111	33	-1	0
33	198	-1	0
198	135	-1	0
135	185	-1	0
185	137	-1	0
137	184	-1	0
184	109	-1	0
109	63	-1	0
63	127	-1	0
127	5	-1	0
5	244	-1	0
244	36	-1	0
36	44	-1	0
44	71	-1	0
71	212	-1	0
212	131	-1	0
131	82	-1	0
82	168	-1	0
168	188	-1	0
188	84	-1	0
84	229	-1	0
229	208	-1	0
208	172	-1	0
172	225	-1	0
225	30	-1	0
30	81	-1	0
81	95	-1	0
95	156	-1	0
156	123	-1	0
123	119	-1	0
119	150	-1	0
150	93	-1	0
93	59	-1	0
59	186	-1	0
186	223	-1	0
223	216	-1	0
216	38	-1	0
38	231	-1	0
231	43	-1	0
43	196	-1	0
196	114	-1	0
114	246	-1	0
246	23	-1	0
23	80	-1	0
80	155	-1	0
155	173	-1	0
173	220	-1	0
220	148	-1	0
148	243	-1	0
243	121	-1	0
121	116	-1	0
116	51	-1	0
51	56	-1	0
56	160	-1	0
160	78	-1	0
78	189	-1	0
189	161	-1	0
161	175	-1	0
175	19	-1	0
19	83	-1	0
83	247	-1	0
247	18	-1	0
18	217	-1	0
217	20	-1	0
20	91	-1	0
91	226	-1	0
226	1	-1	0
1	191	-1	0
191	105	-1	0
105	86	-1	0
86	77	-1	0
77	192	-1	0
192	234	-1	0
234	27	-1	0
27	144	-1	0
144	87	-1	0
87	76	-1	0
76	133	-1	0
133	65	-1	0
65	242	-1	0
242	204	-1	0
204	53	-1	0
53	181	-1	0
181	171	-1	0
171	49	-1	0
49	58	-1	0
58	162	-1	0
162	211	-1	0
211	69	-1	0
69	8	-1	0
8	40	-1	0
40	194	-1	0
194	26	-1	0
26	0	-1	0
