/* Number of Operations */
75
/* List of Operations. */
/* Start	End	Fly	#Internal	Locations...*/
0	46	-1	0
46	21	-1	0
21	32	-1	0
32	43	-1	0
43	61	-1	0
61	56	-1	0
56	71	-1	0
71	35	-1	0
35	4	-1	0
4	64	-1	0
64	37	-1	0
37	11	-1	0
11	17	-1	0
17	40	-1	0
40	39	-1	0
39	66	-1	0
66	26	-1	0
26	49	-1	0
49	13	-1	0
13	53	-1	0
53	47	-1	0
47	5	-1	0
5	42	-1	0
42	38	-1	0
38	51	-1	0
51	63	-1	0
63	65	-1	0
65	1	-1	0
1	6	-1	0
6	8	-1	0
8	30	-1	0
30	54	-1	0
54	28	-1	0
28	14	-1	0
14	23	-1	0
23	9	-1	0
9	29	-1	0
29	45	-1	0
45	41	-1	0
41	73	-1	0
73	44	-1	0
44	68	-1	0
68	48	-1	0
48	18	-1	0
18	3	-1	0
3	58	-1	0
58	20	-1	0
20	60	-1	0
60	16	-1	0
16	15	-1	0
15	72	-1	0
72	25	-1	0
25	10	-1	0
10	27	-1	0
27	57	-1	0
57	55	-1	0
55	19	-1	0
19	2	-1	0
2	74	-1	0
74	69	-1	0
69	31	-1	0
31	7	-1	0
7	33	-1	0
33	24	-1	0
24	52	-1	0
52	62	-1	0
62	36	-1	0
36	22	-1	0
22	50	-1	0
50	70	-1	0
70	67	-1	0
67	59	-1	0
59	12	-1	0
12	34	-1	0
34	0	-1	0
