/* Number of Operations */
175
/* List of Operations. */
/* Start	End	Fly	#Internal	Locations...*/
0	22	-1	0
22	47	-1	0
47	70	-1	0
70	158	-1	0
158	16	-1	0
16	40	-1	0
40	34	-1	0
34	32	-1	0
32	17	-1	0
17	146	-1	0
146	67	-1	0
67	162	-1	0
162	21	-1	0
21	14	-1	0
14	149	-1	0
149	46	-1	0
46	85	-1	0
85	44	-1	0
44	42	-1	0
42	69	-1	0
69	139	-1	0
139	92	-1	0
92	26	-1	0
26	81	-1	0
81	155	-1	0
155	170	-1	0
170	105	-1	0
105	169	-1	0
169	6	-1	0
6	159	-1	0
159	136	-1	0
136	114	-1	0
114	109	-1	0
109	52	-1	0
52	29	-1	0
29	20	-1	0
20	45	-1	0
45	30	-1	0
30	50	-1	0
50	98	-1	0
98	132	-1	0
132	54	-1	0
54	156	-1	0
156	131	-1	0
131	106	-1	0
106	5	-1	0
5	25	-1	0
25	82	-1	0
82	51	-1	0
51	161	-1	0
161	164	-1	0
164	79	-1	0
79	89	-1	0
89	143	-1	0
143	150	-1	0
150	133	-1	0
133	33	-1	0
33	122	-1	0
122	144	-1	0
144	119	-1	0
119	39	-1	0
39	7	-1	0
7	78	-1	0
78	1	-1	0
1	126	-1	0
126	38	-1	0
38	18	-1	0
18	97	-1	0
97	96	-1	0
96	65	-1	0
65	77	-1	0
77	151	-1	0
151	49	-1	0
49	116	-1	0
116	4	-1	0
4	10	-1	0
10	153	-1	0
153	110	-1	0
110	112	-1	0
112	66	-1	0
66	12	-1	0
12	41	-1	0
41	62	-1	0
62	11	-1	0
11	101	-1	0
101	100	-1	0
100	172	-1	0
172	154	-1	0
154	120	-1	0
120	83	-1	0
83	108	-1	0
108	174	-1	0
174	165	-1	0
165	137	-1	0
137	72	-1	0
72	35	-1	0
35	61	-1	0
61	91	-1	0
91	167	-1	0
167	145	-1	0
145	56	-1	0
56	60	-1	0
60	3	-1	0
3	55	-1	0
55	88	-1	0
88	9	-1	0
9	53	-1	0
53	74	-1	0
74	147	-1	0
147	73	-1	0
73	75	-1	0
75	135	-1	0
135	31	-1	0
31	141	-1	0
141	90	-1	0
90	43	-1	0
43	68	-1	0
68	76	-1	0
76	86	-1	0
86	168	-1	0
168	57	-1	0
57	48	-1	0
48	115	-1	0
115	130	-1	0
130	63	-1	0
63	104	-1	0
104	80	-1	0
80	148	-1	0
148	24	-1	0
24	118	-1	0
118	99	-1	0
99	107	-1	0
107	87	-1	0
87	134	-1	0
134	102	-1	0
102	19	-1	0
19	103	-1	0
103	166	-1	0
166	93	-1	0
93	59	-1	0
59	129	-1	0
129	95	-1	0
95	15	-1	0
15	2	-1	0
2	8	-1	0
8	64	-1	0
64	111	-1	0
111	127	-1	0
127	27	-1	0
27	71	-1	0
71	160	-1	0
160	123	-1	0
123	13	-1	0
13	173	-1	0
173	128	-1	0
128	124	-1	0
124	84	-1	0
84	171	-1	0
171	142	-1	0
142	125	-1	0
125	140	-1	0
140	152	-1	0
152	121	-1	0
121	28	-1	0
28	58	-1	0
58	117	-1	0
117	23	-1	0
23	138	-1	0
138	94	-1	0
94	37	-1	0
37	113	-1	0
113	157	-1	0
157	36	-1	0
36	163	-1	0
163	0	-1	0
