/* Number of Operations */
50
/* List of Operations. */
/* Start	End	Fly	#Internal	Locations...*/
0	23	-1	0
23	34	-1	0
34	44	-1	0
44	25	-1	0
25	48	-1	0
48	42	-1	0
42	2	-1	0
2	45	-1	0
45	40	-1	0
40	33	-1	0
33	26	-1	0
26	12	-1	0
12	10	-1	0
10	27	-1	0
27	39	-1	0
39	3	-1	0
3	47	-1	0
47	32	-1	0
32	17	-1	0
17	36	-1	0
36	38	-1	0
38	46	-1	0
46	13	-1	0
13	31	-1	0
31	21	-1	0
21	24	-1	0
24	6	-1	0
6	11	-1	0
11	43	-1	0
43	49	-1	0
49	16	-1	0
16	41	-1	0
41	30	-1	0
30	29	-1	0
29	15	-1	0
15	8	-1	0
8	7	-1	0
7	20	-1	0
20	37	-1	0
37	1	-1	0
1	9	-1	0
9	22	-1	0
22	5	-1	0
5	28	-1	0
28	35	-1	0
35	19	-1	0
19	4	-1	0
4	14	-1	0
14	18	-1	0
18	0	-1	0
