/* Number of Operations */
375
/* List of Operations. */
/* Start	End	Fly	#Internal	Locations...*/
0	59	-1	0
59	84	-1	0
84	97	-1	0
97	293	-1	0
293	119	-1	0
119	44	-1	0
44	374	-1	0
374	268	-1	0
268	135	-1	0
135	176	-1	0
176	209	-1	0
209	14	-1	0
14	35	-1	0
35	88	-1	0
88	68	-1	0
68	230	-1	0
230	171	-1	0
171	118	-1	0
118	228	-1	0
228	24	-1	0
24	196	-1	0
196	337	-1	0
337	184	-1	0
184	358	-1	0
358	153	-1	0
153	325	-1	0
325	146	-1	0
146	322	-1	0
322	257	-1	0
257	312	-1	0
312	320	-1	0
320	218	-1	0
218	229	-1	0
229	307	-1	0
307	160	-1	0
160	95	-1	0
95	367	-1	0
367	81	-1	0
81	1	-1	0
1	132	-1	0
132	161	-1	0
161	243	-1	0
243	373	-1	0
373	89	-1	0
89	144	-1	0
144	127	-1	0
127	179	-1	0
179	13	-1	0
13	259	-1	0
259	301	-1	0
301	292	-1	0
292	214	-1	0
214	332	-1	0
332	169	-1	0
169	75	-1	0
75	63	-1	0
63	316	-1	0
316	170	-1	0
170	173	-1	0
173	48	-1	0
48	130	-1	0
130	4	-1	0
4	206	-1	0
206	309	-1	0
309	69	-1	0
69	105	-1	0
105	112	-1	0
112	67	-1	0
67	201	-1	0
201	354	-1	0
354	33	-1	0
33	295	-1	0
295	10	-1	0
10	356	-1	0
356	238	-1	0
238	363	-1	0
363	366	-1	0
366	175	-1	0
175	331	-1	0
331	150	-1	0
150	142	-1	0
142	140	-1	0
140	91	-1	0
91	306	-1	0
306	3	-1	0
3	92	-1	0
92	219	-1	0
219	200	-1	0
200	336	-1	0
336	271	-1	0
271	220	-1	0
220	55	-1	0
55	186	-1	0
186	278	-1	0
278	245	-1	0
245	298	-1	0
298	369	-1	0
369	265	-1	0
265	344	-1	0
344	167	-1	0
167	334	-1	0
334	208	-1	0
208	51	-1	0
51	204	-1	0
204	164	-1	0
164	328	-1	0
328	202	-1	0
202	155	-1	0
155	100	-1	0
100	26	-1	0
26	351	-1	0
351	195	-1	0
195	355	-1	0
355	249	-1	0
249	110	-1	0
110	101	-1	0
101	49	-1	0
49	166	-1	0
166	152	-1	0
152	323	-1	0
323	192	-1	0
192	287	-1	0
287	235	-1	0
235	260	-1	0
260	62	-1	0
62	353	-1	0
353	256	-1	0
256	128	-1	0
128	330	-1	0
330	359	-1	0
359	284	-1	0
284	347	-1	0
347	115	-1	0
115	216	-1	0
216	157	-1	0
157	231	-1	0
231	174	-1	0
174	338	-1	0
338	289	-1	0
289	54	-1	0
54	252	-1	0
252	246	-1	0
246	225	-1	0
225	299	-1	0
299	198	-1	0
198	120	-1	0
120	9	-1	0
9	113	-1	0
113	5	-1	0
5	50	-1	0
50	240	-1	0
240	318	-1	0
318	57	-1	0
57	65	-1	0
65	11	-1	0
11	107	-1	0
107	83	-1	0
83	102	-1	0
102	285	-1	0
285	106	-1	0
106	183	-1	0
183	185	-1	0
185	133	-1	0
133	30	-1	0
30	34	-1	0
34	143	-1	0
143	178	-1	0
178	98	-1	0
98	99	-1	0
99	6	-1	0
6	73	-1	0
73	362	-1	0
362	12	-1	0
12	335	-1	0
335	346	-1	0
346	319	-1	0
319	116	-1	0
116	263	-1	0
263	242	-1	0
242	286	-1	0
286	262	-1	0
262	300	-1	0
300	279	-1	0
279	77	-1	0
77	147	-1	0
147	305	-1	0
305	149	-1	0
149	277	-1	0
277	165	-1	0
165	237	-1	0
237	79	-1	0
79	168	-1	0
168	270	-1	0
270	22	-1	0
22	60	-1	0
60	2	-1	0
2	326	-1	0
326	78	-1	0
78	145	-1	0
145	136	-1	0
136	317	-1	0
317	109	-1	0
109	56	-1	0
56	197	-1	0
197	148	-1	0
148	266	-1	0
266	41	-1	0
41	255	-1	0
255	90	-1	0
90	283	-1	0
283	241	-1	0
241	16	-1	0
16	368	-1	0
368	38	-1	0
38	233	-1	0
233	193	-1	0
193	269	-1	0
269	227	-1	0
227	282	-1	0
282	291	-1	0
291	190	-1	0
190	156	-1	0
156	253	-1	0
253	310	-1	0
310	341	-1	0
341	7	-1	0
7	121	-1	0
121	315	-1	0
315	47	-1	0
47	172	-1	0
172	64	-1	0
64	215	-1	0
215	244	-1	0
244	154	-1	0
154	131	-1	0
131	199	-1	0
199	247	-1	0
247	189	-1	0
189	248	-1	0
248	349	-1	0
349	42	-1	0
42	226	-1	0
226	313	-1	0
313	181	-1	0
181	194	-1	0
194	342	-1	0
342	236	-1	0
236	71	-1	0
71	20	-1	0
20	365	-1	0
365	288	-1	0
288	103	-1	0
103	40	-1	0
40	340	-1	0
340	72	-1	0
72	280	-1	0
280	108	-1	0
108	37	-1	0
37	163	-1	0
163	159	-1	0
159	66	-1	0
66	76	-1	0
76	348	-1	0
348	86	-1	0
86	222	-1	0
222	294	-1	0
294	19	-1	0
19	124	-1	0
124	96	-1	0
96	85	-1	0
85	17	-1	0
17	303	-1	0
303	162	-1	0
162	111	-1	0
111	158	-1	0
158	180	-1	0
180	58	-1	0
58	345	-1	0
345	29	-1	0
29	188	-1	0
188	182	-1	0
182	31	-1	0
31	254	-1	0
254	261	-1	0
261	364	-1	0
364	114	-1	0
114	39	-1	0
39	343	-1	0
343	36	-1	0
36	117	-1	0
117	61	-1	0
61	137	-1	0
137	177	-1	0
177	213	-1	0
213	314	-1	0
314	321	-1	0
321	267	-1	0
267	15	-1	0
15	224	-1	0
224	138	-1	0
138	46	-1	0
46	27	-1	0
27	207	-1	0
207	211	-1	0
211	250	-1	0
250	70	-1	0
70	290	-1	0
290	32	-1	0
32	212	-1	0
212	234	-1	0
234	372	-1	0
372	360	-1	0
360	125	-1	0
125	281	-1	0
281	134	-1	0
134	339	-1	0
339	217	-1	0
217	187	-1	0
187	80	-1	0
80	43	-1	0
43	239	-1	0
239	53	-1	0
53	324	-1	0
324	93	-1	0
93	327	-1	0
327	329	-1	0
329	371	-1	0
371	370	-1	0
370	203	-1	0
203	223	-1	0
223	52	-1	0
52	104	-1	0
104	276	-1	0
276	25	-1	0
25	28	-1	0
28	191	-1	0
191	45	-1	0
45	205	-1	0
205	232	-1	0
232	296	-1	0
296	221	-1	0
221	74	-1	0
74	141	-1	0
141	122	-1	0
122	352	-1	0
352	275	-1	0
275	21	-1	0
21	333	-1	0
333	350	-1	0
350	139	-1	0
139	274	-1	0
274	273	-1	0
273	311	-1	0
311	123	-1	0
123	94	-1	0
94	302	-1	0
302	87	-1	0
87	23	-1	0
23	304	-1	0
304	151	-1	0
151	126	-1	0
126	361	-1	0
361	8	-1	0
8	264	-1	0
264	18	-1	0
18	297	-1	0
297	258	-1	0
258	251	-1	0
251	308	-1	0
308	357	-1	0
357	129	-1	0
129	82	-1	0
82	210	-1	0
210	272	-1	0
272	0	-1	0
