/* Number of Operations */
375
/* List of Operations. */
/* Start	End	Fly	#Internal	Locations...*/
0	201	-1	0
201	134	-1	0
134	284	-1	0
284	339	-1	0
339	353	-1	0
353	236	-1	0
236	49	-1	0
49	43	-1	0
43	10	-1	0
10	58	-1	0
58	348	-1	0
348	254	-1	0
254	62	-1	0
62	141	-1	0
141	100	-1	0
100	241	-1	0
241	97	-1	0
97	300	-1	0
300	354	-1	0
354	194	-1	0
194	204	-1	0
204	6	-1	0
6	163	-1	0
163	215	-1	0
215	155	-1	0
155	301	-1	0
301	264	-1	0
264	158	-1	0
158	69	-1	0
69	152	-1	0
152	118	-1	0
118	30	-1	0
30	103	-1	0
103	265	-1	0
265	2	-1	0
2	41	-1	0
41	99	-1	0
99	364	-1	0
364	72	-1	0
72	68	-1	0
68	46	-1	0
46	296	-1	0
296	83	-1	0
83	76	-1	0
76	60	-1	0
60	197	-1	0
197	142	-1	0
142	331	-1	0
331	29	-1	0
29	51	-1	0
51	271	-1	0
271	180	-1	0
180	17	-1	0
17	324	-1	0
324	310	-1	0
310	262	-1	0
262	184	-1	0
184	320	-1	0
320	276	-1	0
276	56	-1	0
56	369	-1	0
369	67	-1	0
67	235	-1	0
235	28	-1	0
28	59	-1	0
59	160	-1	0
160	144	-1	0
144	285	-1	0
285	243	-1	0
243	143	-1	0
143	159	-1	0
159	237	-1	0
237	179	-1	0
179	340	-1	0
340	44	-1	0
44	154	-1	0
154	82	-1	0
82	342	-1	0
342	9	-1	0
9	213	-1	0
213	337	-1	0
337	23	-1	0
23	244	-1	0
244	288	-1	0
288	168	-1	0
168	169	-1	0
169	106	-1	0
106	84	-1	0
84	217	-1	0
217	110	-1	0
110	314	-1	0
314	20	-1	0
20	230	-1	0
230	252	-1	0
252	138	-1	0
138	19	-1	0
19	73	-1	0
73	173	-1	0
173	130	-1	0
130	119	-1	0
119	278	-1	0
278	182	-1	0
182	240	-1	0
240	79	-1	0
79	268	-1	0
268	260	-1	0
260	367	-1	0
367	176	-1	0
176	150	-1	0
150	335	-1	0
335	187	-1	0
187	54	-1	0
54	193	-1	0
193	48	-1	0
48	203	-1	0
203	25	-1	0
25	89	-1	0
89	327	-1	0
327	249	-1	0
249	361	-1	0
361	166	-1	0
166	140	-1	0
140	223	-1	0
223	258	-1	0
258	356	-1	0
356	251	-1	0
251	90	-1	0
90	185	-1	0
185	42	-1	0
42	81	-1	0
81	32	-1	0
32	35	-1	0
35	297	-1	0
297	206	-1	0
206	53	-1	0
53	303	-1	0
303	65	-1	0
65	218	-1	0
218	273	-1	0
273	226	-1	0
226	374	-1	0
374	167	-1	0
167	220	-1	0
220	207	-1	0
207	219	-1	0
219	247	-1	0
247	136	-1	0
136	124	-1	0
124	12	-1	0
12	330	-1	0
330	21	-1	0
21	333	-1	0
333	36	-1	0
36	47	-1	0
47	186	-1	0
186	39	-1	0
39	77	-1	0
77	120	-1	0
120	334	-1	0
334	208	-1	0
208	345	-1	0
345	238	-1	0
238	5	-1	0
5	91	-1	0
91	114	-1	0
114	283	-1	0
283	131	-1	0
131	33	-1	0
33	4	-1	0
4	14	-1	0
14	55	-1	0
55	133	-1	0
133	372	-1	0
372	198	-1	0
198	101	-1	0
101	316	-1	0
316	365	-1	0
365	248	-1	0
248	212	-1	0
212	289	-1	0
289	221	-1	0
221	147	-1	0
147	319	-1	0
319	205	-1	0
205	63	-1	0
63	16	-1	0
16	86	-1	0
86	355	-1	0
355	85	-1	0
85	209	-1	0
209	61	-1	0
61	263	-1	0
263	214	-1	0
214	317	-1	0
317	306	-1	0
306	146	-1	0
146	71	-1	0
71	313	-1	0
313	151	-1	0
151	312	-1	0
312	293	-1	0
293	191	-1	0
191	75	-1	0
75	359	-1	0
359	234	-1	0
234	156	-1	0
156	344	-1	0
344	307	-1	0
307	347	-1	0
347	183	-1	0
183	256	-1	0
256	224	-1	0
224	128	-1	0
128	109	-1	0
109	270	-1	0
270	216	-1	0
216	95	-1	0
95	78	-1	0
78	8	-1	0
8	170	-1	0
170	257	-1	0
257	11	-1	0
11	298	-1	0
298	287	-1	0
287	13	-1	0
13	318	-1	0
318	31	-1	0
31	108	-1	0
108	200	-1	0
200	250	-1	0
250	122	-1	0
122	302	-1	0
302	294	-1	0
294	280	-1	0
280	98	-1	0
98	165	-1	0
165	50	-1	0
50	227	-1	0
227	175	-1	0
175	135	-1	0
135	104	-1	0
104	277	-1	0
277	96	-1	0
96	210	-1	0
210	315	-1	0
315	57	-1	0
57	121	-1	0
121	325	-1	0
325	338	-1	0
338	322	-1	0
322	70	-1	0
70	225	-1	0
225	190	-1	0
190	282	-1	0
282	15	-1	0
15	137	-1	0
137	113	-1	0
113	153	-1	0
153	351	-1	0
351	373	-1	0
373	40	-1	0
40	52	-1	0
52	328	-1	0
328	161	-1	0
161	123	-1	0
123	357	-1	0
357	102	-1	0
102	157	-1	0
157	228	-1	0
228	368	-1	0
368	211	-1	0
211	26	-1	0
26	362	-1	0
362	360	-1	0
360	93	-1	0
93	242	-1	0
242	3	-1	0
3	1	-1	0
1	279	-1	0
279	233	-1	0
233	332	-1	0
332	343	-1	0
343	80	-1	0
80	162	-1	0
162	309	-1	0
309	275	-1	0
275	34	-1	0
34	199	-1	0
199	321	-1	0
321	125	-1	0
125	305	-1	0
305	189	-1	0
189	174	-1	0
174	267	-1	0
267	164	-1	0
164	299	-1	0
299	255	-1	0
255	37	-1	0
37	292	-1	0
292	266	-1	0
266	261	-1	0
261	246	-1	0
246	171	-1	0
171	326	-1	0
326	126	-1	0
126	371	-1	0
371	295	-1	0
295	239	-1	0
239	352	-1	0
352	349	-1	0
349	195	-1	0
195	145	-1	0
145	231	-1	0
231	132	-1	0
132	350	-1	0
350	18	-1	0
18	38	-1	0
38	115	-1	0
115	181	-1	0
181	22	-1	0
22	329	-1	0
329	111	-1	0
111	341	-1	0
341	259	-1	0
259	27	-1	0
27	107	-1	0
107	286	-1	0
286	177	-1	0
177	129	-1	0
129	311	-1	0
311	139	-1	0
139	281	-1	0
281	105	-1	0
105	188	-1	0
188	272	-1	0
272	24	-1	0
24	336	-1	0
336	112	-1	0
112	74	-1	0
74	346	-1	0
346	304	-1	0
304	366	-1	0
366	178	-1	0
178	87	-1	0
87	290	-1	0
290	202	-1	0
202	172	-1	0
172	229	-1	0
229	116	-1	0
116	232	-1	0
232	192	-1	0
192	64	-1	0
64	149	-1	0
149	269	-1	0
269	92	-1	0
92	94	-1	0
94	222	-1	0
222	274	-1	0
274	127	-1	0
127	117	-1	0
117	363	-1	0
363	323	-1	0
323	358	-1	0
358	370	-1	0
370	245	-1	0
245	7	-1	0
7	66	-1	0
66	196	-1	0
196	291	-1	0
291	308	-1	0
308	148	-1	0
148	88	-1	0
88	253	-1	0
253	45	-1	0
45	0	-1	0
