/* Number of Operations */
500
/* List of Operations. */
/* Start	End	Fly	#Internal	Locations...*/
0	350	-1	0
350	166	-1	0
166	416	-1	0
416	397	-1	0
397	314	-1	0
314	255	-1	0
255	258	-1	0
258	37	-1	0
37	365	-1	0
365	429	-1	0
429	424	-1	0
424	361	-1	0
361	475	-1	0
475	42	-1	0
42	12	-1	0
12	444	-1	0
444	376	-1	0
376	205	-1	0
205	43	-1	0
43	491	-1	0
491	67	-1	0
67	348	-1	0
348	409	-1	0
409	138	-1	0
138	117	-1	0
117	391	-1	0
391	247	-1	0
247	126	-1	0
126	345	-1	0
345	296	-1	0
296	468	-1	0
468	360	-1	0
360	75	-1	0
75	5	-1	0
5	177	-1	0
177	403	-1	0
403	122	-1	0
122	471	-1	0
471	470	-1	0
470	20	-1	0
20	370	-1	0
370	245	-1	0
245	84	-1	0
84	115	-1	0
115	442	-1	0
442	234	-1	0
234	198	-1	0
198	127	-1	0
127	338	-1	0
338	214	-1	0
214	308	-1	0
308	188	-1	0
188	130	-1	0
130	86	-1	0
86	448	-1	0
448	176	-1	0
176	53	-1	0
53	196	-1	0
196	399	-1	0
399	183	-1	0
183	438	-1	0
438	213	-1	0
213	104	-1	0
104	92	-1	0
92	359	-1	0
359	388	-1	0
388	406	-1	0
406	389	-1	0
389	431	-1	0
431	200	-1	0
200	119	-1	0
119	269	-1	0
269	231	-1	0
231	396	-1	0
396	284	-1	0
284	412	-1	0
412	297	-1	0
297	489	-1	0
489	77	-1	0
77	209	-1	0
209	229	-1	0
229	347	-1	0
347	436	-1	0
436	112	-1	0
112	342	-1	0
342	413	-1	0
413	134	-1	0
134	132	-1	0
132	164	-1	0
164	469	-1	0
469	158	-1	0
158	353	-1	0
353	124	-1	0
124	321	-1	0
321	467	-1	0
467	4	-1	0
4	299	-1	0
299	46	-1	0
46	425	-1	0
425	95	-1	0
95	484	-1	0
484	333	-1	0
333	175	-1	0
175	430	-1	0
430	27	-1	0
27	495	-1	0
495	443	-1	0
443	172	-1	0
172	457	-1	0
457	335	-1	0
335	228	-1	0
228	384	-1	0
384	422	-1	0
422	165	-1	0
165	108	-1	0
108	16	-1	0
16	427	-1	0
427	31	-1	0
31	418	-1	0
418	194	-1	0
194	72	-1	0
72	216	-1	0
216	327	-1	0
327	38	-1	0
38	262	-1	0
262	259	-1	0
259	261	-1	0
261	322	-1	0
322	435	-1	0
435	99	-1	0
99	279	-1	0
279	291	-1	0
291	30	-1	0
30	479	-1	0
479	385	-1	0
385	44	-1	0
44	305	-1	0
305	182	-1	0
182	453	-1	0
453	428	-1	0
428	250	-1	0
250	76	-1	0
76	402	-1	0
402	381	-1	0
381	81	-1	0
81	332	-1	0
332	293	-1	0
293	145	-1	0
145	367	-1	0
367	114	-1	0
114	476	-1	0
476	499	-1	0
499	254	-1	0
254	210	-1	0
210	288	-1	0
288	378	-1	0
378	379	-1	0
379	6	-1	0
6	341	-1	0
341	246	-1	0
246	447	-1	0
447	45	-1	0
45	125	-1	0
125	180	-1	0
180	419	-1	0
419	334	-1	0
334	33	-1	0
33	161	-1	0
161	199	-1	0
199	74	-1	0
74	263	-1	0
263	64	-1	0
64	149	-1	0
149	357	-1	0
357	65	-1	0
65	452	-1	0
452	152	-1	0
152	19	-1	0
19	490	-1	0
490	492	-1	0
492	239	-1	0
239	61	-1	0
61	22	-1	0
22	190	-1	0
190	446	-1	0
446	56	-1	0
56	244	-1	0
244	121	-1	0
121	240	-1	0
240	107	-1	0
107	102	-1	0
102	116	-1	0
116	21	-1	0
21	211	-1	0
211	289	-1	0
289	339	-1	0
339	128	-1	0
128	410	-1	0
410	36	-1	0
36	94	-1	0
94	497	-1	0
497	118	-1	0
118	184	-1	0
184	407	-1	0
407	456	-1	0
456	142	-1	0
142	298	-1	0
298	40	-1	0
40	280	-1	0
280	101	-1	0
101	230	-1	0
230	156	-1	0
156	197	-1	0
197	320	-1	0
320	390	-1	0
390	222	-1	0
222	191	-1	0
191	135	-1	0
135	477	-1	0
477	395	-1	0
395	441	-1	0
441	454	-1	0
454	146	-1	0
146	451	-1	0
451	253	-1	0
253	498	-1	0
498	372	-1	0
372	57	-1	0
57	445	-1	0
445	221	-1	0
221	483	-1	0
483	355	-1	0
355	69	-1	0
69	362	-1	0
362	26	-1	0
26	458	-1	0
458	411	-1	0
411	329	-1	0
329	324	-1	0
324	163	-1	0
163	63	-1	0
63	223	-1	0
223	301	-1	0
301	473	-1	0
473	54	-1	0
54	374	-1	0
374	217	-1	0
217	426	-1	0
426	154	-1	0
154	275	-1	0
275	375	-1	0
375	461	-1	0
461	73	-1	0
73	168	-1	0
168	325	-1	0
325	371	-1	0
371	147	-1	0
147	96	-1	0
96	243	-1	0
243	97	-1	0
97	70	-1	0
70	34	-1	0
34	472	-1	0
472	464	-1	0
464	267	-1	0
267	212	-1	0
212	268	-1	0
268	417	-1	0
417	195	-1	0
195	141	-1	0
141	178	-1	0
178	29	-1	0
29	493	-1	0
493	316	-1	0
316	39	-1	0
39	351	-1	0
351	272	-1	0
272	18	-1	0
18	480	-1	0
480	219	-1	0
219	343	-1	0
343	120	-1	0
120	225	-1	0
225	204	-1	0
204	414	-1	0
414	151	-1	0
151	169	-1	0
169	485	-1	0
485	48	-1	0
48	233	-1	0
233	306	-1	0
306	465	-1	0
465	83	-1	0
83	266	-1	0
266	274	-1	0
274	440	-1	0
440	373	-1	0
373	171	-1	0
171	286	-1	0
286	366	-1	0
366	346	-1	0
346	285	-1	0
285	393	-1	0
393	71	-1	0
71	80	-1	0
80	11	-1	0
11	202	-1	0
202	60	-1	0
60	251	-1	0
251	10	-1	0
10	236	-1	0
236	432	-1	0
432	150	-1	0
150	358	-1	0
358	434	-1	0
434	25	-1	0
25	133	-1	0
133	232	-1	0
232	123	-1	0
123	187	-1	0
187	363	-1	0
363	400	-1	0
400	328	-1	0
328	326	-1	0
326	100	-1	0
100	186	-1	0
186	271	-1	0
271	401	-1	0
401	278	-1	0
278	383	-1	0
383	377	-1	0
377	192	-1	0
192	226	-1	0
226	106	-1	0
106	482	-1	0
482	103	-1	0
103	481	-1	0
481	415	-1	0
415	9	-1	0
9	310	-1	0
310	340	-1	0
340	387	-1	0
387	91	-1	0
91	90	-1	0
90	330	-1	0
330	49	-1	0
49	35	-1	0
35	349	-1	0
349	32	-1	0
32	248	-1	0
248	460	-1	0
460	364	-1	0
364	160	-1	0
160	300	-1	0
300	462	-1	0
462	303	-1	0
303	270	-1	0
270	420	-1	0
420	88	-1	0
88	136	-1	0
136	224	-1	0
224	287	-1	0
287	153	-1	0
153	336	-1	0
336	337	-1	0
337	478	-1	0
478	143	-1	0
143	294	-1	0
294	382	-1	0
382	185	-1	0
185	167	-1	0
167	93	-1	0
93	52	-1	0
52	277	-1	0
277	110	-1	0
110	352	-1	0
352	313	-1	0
313	439	-1	0
439	494	-1	0
494	386	-1	0
386	173	-1	0
173	131	-1	0
131	449	-1	0
449	392	-1	0
392	208	-1	0
208	496	-1	0
496	51	-1	0
51	179	-1	0
179	323	-1	0
323	488	-1	0
488	252	-1	0
252	463	-1	0
463	58	-1	0
58	319	-1	0
319	201	-1	0
201	459	-1	0
459	66	-1	0
66	137	-1	0
137	369	-1	0
369	109	-1	0
109	41	-1	0
41	238	-1	0
238	241	-1	0
241	276	-1	0
276	437	-1	0
437	82	-1	0
82	85	-1	0
85	218	-1	0
218	55	-1	0
55	318	-1	0
318	487	-1	0
487	8	-1	0
8	189	-1	0
189	68	-1	0
68	7	-1	0
7	24	-1	0
24	257	-1	0
257	292	-1	0
292	380	-1	0
380	466	-1	0
466	13	-1	0
13	129	-1	0
129	405	-1	0
405	295	-1	0
295	281	-1	0
281	404	-1	0
404	283	-1	0
283	193	-1	0
193	15	-1	0
15	47	-1	0
47	354	-1	0
354	23	-1	0
23	423	-1	0
423	220	-1	0
220	237	-1	0
237	331	-1	0
331	62	-1	0
62	474	-1	0
474	455	-1	0
455	162	-1	0
162	235	-1	0
235	486	-1	0
486	155	-1	0
155	421	-1	0
421	368	-1	0
368	260	-1	0
260	157	-1	0
157	315	-1	0
315	206	-1	0
206	170	-1	0
170	17	-1	0
17	307	-1	0
307	356	-1	0
356	398	-1	0
398	111	-1	0
111	148	-1	0
148	89	-1	0
89	139	-1	0
139	264	-1	0
264	14	-1	0
14	140	-1	0
140	59	-1	0
59	304	-1	0
304	28	-1	0
28	317	-1	0
317	207	-1	0
207	242	-1	0
242	87	-1	0
87	105	-1	0
105	215	-1	0
215	79	-1	0
79	256	-1	0
256	50	-1	0
50	98	-1	0
98	3	-1	0
3	144	-1	0
144	1	-1	0
1	159	-1	0
159	203	-1	0
203	311	-1	0
311	282	-1	0
282	408	-1	0
408	174	-1	0
174	394	-1	0
394	273	-1	0
273	302	-1	0
302	181	-1	0
181	450	-1	0
450	265	-1	0
265	433	-1	0
433	78	-1	0
78	312	-1	0
312	290	-1	0
290	2	-1	0
2	113	-1	0
113	249	-1	0
249	309	-1	0
309	227	-1	0
227	344	-1	0
344	0	-1	0
