/* Number of Operations */
75
/* List of Operations. */
/* Start	End	Fly	#Internal	Locations...*/
0	63	-1	0
63	32	-1	0
32	44	-1	0
44	42	-1	0
42	26	-1	0
26	51	-1	0
51	52	-1	0
52	22	-1	0
22	74	-1	0
74	37	-1	0
37	49	-1	0
49	13	-1	0
13	66	-1	0
66	2	-1	0
2	40	-1	0
40	58	-1	0
58	19	-1	0
19	64	-1	0
64	17	-1	0
17	15	-1	0
15	56	-1	0
56	46	-1	0
46	65	-1	0
65	47	-1	0
47	29	-1	0
29	28	-1	0
28	39	-1	0
39	54	-1	0
54	4	-1	0
4	7	-1	0
7	30	-1	0
30	53	-1	0
53	34	-1	0
34	48	-1	0
48	20	-1	0
20	43	-1	0
43	71	-1	0
71	38	-1	0
38	67	-1	0
67	31	-1	0
31	6	-1	0
6	70	-1	0
70	61	-1	0
61	60	-1	0
60	23	-1	0
23	3	-1	0
3	5	-1	0
5	11	-1	0
11	25	-1	0
25	12	-1	0
12	72	-1	0
72	69	-1	0
69	50	-1	0
50	73	-1	0
73	18	-1	0
18	41	-1	0
41	45	-1	0
45	62	-1	0
62	57	-1	0
57	59	-1	0
59	21	-1	0
21	14	-1	0
14	36	-1	0
36	55	-1	0
55	16	-1	0
16	9	-1	0
9	35	-1	0
35	10	-1	0
10	8	-1	0
8	24	-1	0
24	68	-1	0
68	27	-1	0
27	1	-1	0
1	33	-1	0
33	0	-1	0
