/* Number of Operations */
375
/* List of Operations. */
/* Start	End	Fly	#Internal	Locations...*/
0	37	-1	0
37	173	-1	0
173	332	-1	0
332	65	-1	0
65	91	-1	0
91	175	-1	0
175	29	-1	0
29	365	-1	0
365	367	-1	0
367	235	-1	0
235	295	-1	0
295	252	-1	0
252	95	-1	0
95	78	-1	0
78	35	-1	0
35	33	-1	0
33	129	-1	0
129	238	-1	0
238	275	-1	0
275	290	-1	0
290	187	-1	0
187	326	-1	0
326	317	-1	0
317	253	-1	0
253	24	-1	0
24	327	-1	0
327	200	-1	0
200	43	-1	0
43	335	-1	0
335	53	-1	0
53	272	-1	0
272	26	-1	0
26	131	-1	0
131	330	-1	0
330	77	-1	0
77	269	-1	0
269	86	-1	0
86	249	-1	0
249	15	-1	0
15	127	-1	0
127	27	-1	0
27	207	-1	0
207	124	-1	0
124	306	-1	0
306	356	-1	0
356	305	-1	0
305	255	-1	0
255	138	-1	0
138	313	-1	0
313	97	-1	0
97	116	-1	0
116	216	-1	0
216	296	-1	0
296	340	-1	0
340	154	-1	0
154	74	-1	0
74	373	-1	0
373	210	-1	0
210	2	-1	0
2	18	-1	0
18	181	-1	0
181	283	-1	0
283	195	-1	0
195	31	-1	0
31	194	-1	0
194	250	-1	0
250	16	-1	0
16	10	-1	0
10	258	-1	0
258	44	-1	0
44	265	-1	0
265	366	-1	0
366	245	-1	0
245	112	-1	0
112	133	-1	0
133	64	-1	0
64	145	-1	0
145	300	-1	0
300	312	-1	0
312	336	-1	0
336	67	-1	0
67	5	-1	0
5	293	-1	0
293	125	-1	0
125	266	-1	0
266	191	-1	0
191	354	-1	0
354	130	-1	0
130	121	-1	0
121	231	-1	0
231	364	-1	0
364	59	-1	0
59	118	-1	0
118	80	-1	0
80	348	-1	0
348	357	-1	0
357	218	-1	0
218	21	-1	0
21	25	-1	0
25	360	-1	0
360	102	-1	0
102	42	-1	0
42	46	-1	0
46	9	-1	0
9	70	-1	0
70	56	-1	0
56	260	-1	0
260	222	-1	0
222	101	-1	0
101	352	-1	0
352	287	-1	0
287	344	-1	0
344	90	-1	0
90	183	-1	0
183	186	-1	0
186	298	-1	0
298	343	-1	0
343	160	-1	0
160	75	-1	0
75	223	-1	0
223	202	-1	0
202	84	-1	0
84	136	-1	0
136	351	-1	0
351	248	-1	0
248	270	-1	0
270	4	-1	0
4	369	-1	0
369	259	-1	0
259	147	-1	0
147	162	-1	0
162	38	-1	0
38	304	-1	0
304	150	-1	0
150	156	-1	0
156	225	-1	0
225	318	-1	0
318	279	-1	0
279	204	-1	0
204	227	-1	0
227	157	-1	0
157	359	-1	0
359	163	-1	0
163	333	-1	0
333	158	-1	0
158	254	-1	0
254	57	-1	0
57	174	-1	0
174	355	-1	0
355	247	-1	0
247	17	-1	0
17	99	-1	0
99	268	-1	0
268	48	-1	0
48	328	-1	0
328	107	-1	0
107	139	-1	0
139	71	-1	0
71	212	-1	0
212	179	-1	0
179	358	-1	0
358	371	-1	0
371	297	-1	0
297	52	-1	0
52	20	-1	0
20	193	-1	0
193	321	-1	0
321	230	-1	0
230	234	-1	0
234	39	-1	0
39	122	-1	0
122	153	-1	0
153	232	-1	0
232	237	-1	0
237	201	-1	0
201	82	-1	0
82	299	-1	0
299	342	-1	0
342	347	-1	0
347	60	-1	0
60	76	-1	0
76	185	-1	0
185	110	-1	0
110	289	-1	0
289	13	-1	0
13	177	-1	0
177	322	-1	0
322	302	-1	0
302	151	-1	0
151	103	-1	0
103	1	-1	0
1	264	-1	0
264	262	-1	0
262	169	-1	0
169	94	-1	0
94	241	-1	0
241	240	-1	0
240	370	-1	0
370	171	-1	0
171	7	-1	0
7	51	-1	0
51	277	-1	0
277	281	-1	0
281	368	-1	0
368	47	-1	0
47	349	-1	0
349	198	-1	0
198	23	-1	0
23	19	-1	0
19	217	-1	0
217	123	-1	0
123	40	-1	0
40	100	-1	0
100	219	-1	0
219	132	-1	0
132	66	-1	0
66	54	-1	0
54	117	-1	0
117	314	-1	0
314	55	-1	0
55	58	-1	0
58	246	-1	0
246	165	-1	0
165	280	-1	0
280	68	-1	0
68	209	-1	0
209	137	-1	0
137	30	-1	0
30	134	-1	0
134	337	-1	0
337	205	-1	0
205	36	-1	0
36	73	-1	0
73	143	-1	0
143	140	-1	0
140	11	-1	0
11	276	-1	0
276	182	-1	0
182	104	-1	0
104	303	-1	0
303	115	-1	0
115	361	-1	0
361	192	-1	0
192	180	-1	0
180	320	-1	0
320	167	-1	0
167	114	-1	0
114	256	-1	0
256	224	-1	0
224	142	-1	0
142	106	-1	0
106	12	-1	0
12	319	-1	0
319	325	-1	0
325	178	-1	0
178	14	-1	0
14	309	-1	0
309	239	-1	0
239	362	-1	0
362	108	-1	0
108	331	-1	0
331	189	-1	0
189	242	-1	0
242	41	-1	0
41	294	-1	0
294	22	-1	0
22	307	-1	0
307	88	-1	0
88	96	-1	0
96	62	-1	0
62	282	-1	0
282	111	-1	0
111	149	-1	0
149	338	-1	0
338	109	-1	0
109	105	-1	0
105	197	-1	0
197	329	-1	0
329	346	-1	0
346	144	-1	0
144	208	-1	0
208	206	-1	0
206	168	-1	0
168	236	-1	0
236	374	-1	0
374	85	-1	0
85	34	-1	0
34	126	-1	0
126	286	-1	0
286	170	-1	0
170	196	-1	0
196	152	-1	0
152	49	-1	0
49	164	-1	0
164	221	-1	0
221	146	-1	0
146	288	-1	0
288	310	-1	0
310	89	-1	0
89	244	-1	0
244	119	-1	0
119	274	-1	0
274	316	-1	0
316	220	-1	0
220	188	-1	0
188	229	-1	0
229	72	-1	0
72	155	-1	0
155	350	-1	0
350	278	-1	0
278	50	-1	0
50	284	-1	0
284	135	-1	0
135	63	-1	0
63	128	-1	0
128	176	-1	0
176	199	-1	0
199	98	-1	0
98	273	-1	0
273	159	-1	0
159	243	-1	0
243	341	-1	0
341	93	-1	0
93	81	-1	0
81	324	-1	0
324	215	-1	0
215	45	-1	0
45	263	-1	0
263	271	-1	0
271	315	-1	0
315	214	-1	0
214	3	-1	0
3	172	-1	0
172	372	-1	0
372	148	-1	0
148	166	-1	0
166	184	-1	0
184	267	-1	0
267	6	-1	0
6	69	-1	0
69	251	-1	0
251	87	-1	0
87	291	-1	0
291	79	-1	0
79	190	-1	0
190	113	-1	0
113	32	-1	0
32	92	-1	0
92	261	-1	0
261	203	-1	0
203	8	-1	0
8	28	-1	0
28	292	-1	0
292	339	-1	0
339	285	-1	0
285	233	-1	0
233	345	-1	0
345	257	-1	0
257	334	-1	0
334	311	-1	0
311	226	-1	0
226	83	-1	0
83	308	-1	0
308	228	-1	0
228	323	-1	0
323	61	-1	0
61	353	-1	0
353	120	-1	0
120	301	-1	0
301	211	-1	0
211	161	-1	0
161	363	-1	0
363	213	-1	0
213	141	-1	0
141	0	-1	0
