/* Number of Operations */
500
/* List of Operations. */
/* Start	End	Fly	#Internal	Locations...*/
0	281	-1	0
281	55	-1	0
55	245	-1	0
245	464	-1	0
464	262	-1	0
262	345	-1	0
345	9	-1	0
9	84	-1	0
84	81	-1	0
81	34	-1	0
34	438	-1	0
438	290	-1	0
290	30	-1	0
30	361	-1	0
361	54	-1	0
54	168	-1	0
168	368	-1	0
368	284	-1	0
284	255	-1	0
255	427	-1	0
427	465	-1	0
465	197	-1	0
197	108	-1	0
108	205	-1	0
205	104	-1	0
104	347	-1	0
347	356	-1	0
356	392	-1	0
392	100	-1	0
100	46	-1	0
46	43	-1	0
43	403	-1	0
403	454	-1	0
454	169	-1	0
169	331	-1	0
331	222	-1	0
222	175	-1	0
175	188	-1	0
188	342	-1	0
342	127	-1	0
127	49	-1	0
49	288	-1	0
288	36	-1	0
36	73	-1	0
73	109	-1	0
109	139	-1	0
139	47	-1	0
47	250	-1	0
250	470	-1	0
470	69	-1	0
69	214	-1	0
214	218	-1	0
218	437	-1	0
437	386	-1	0
386	400	-1	0
400	16	-1	0
16	215	-1	0
215	70	-1	0
70	196	-1	0
196	186	-1	0
186	416	-1	0
416	479	-1	0
479	98	-1	0
98	310	-1	0
310	6	-1	0
6	326	-1	0
326	273	-1	0
273	286	-1	0
286	115	-1	0
115	60	-1	0
60	201	-1	0
201	498	-1	0
498	471	-1	0
471	242	-1	0
242	480	-1	0
480	350	-1	0
350	202	-1	0
202	488	-1	0
488	253	-1	0
253	145	-1	0
145	114	-1	0
114	384	-1	0
384	369	-1	0
369	248	-1	0
248	162	-1	0
162	20	-1	0
20	324	-1	0
324	190	-1	0
190	17	-1	0
17	382	-1	0
382	185	-1	0
185	319	-1	0
319	335	-1	0
335	404	-1	0
404	64	-1	0
64	23	-1	0
23	128	-1	0
128	151	-1	0
151	26	-1	0
26	433	-1	0
433	484	-1	0
484	10	-1	0
10	65	-1	0
65	267	-1	0
267	405	-1	0
405	56	-1	0
56	354	-1	0
354	395	-1	0
395	302	-1	0
302	453	-1	0
453	424	-1	0
424	238	-1	0
238	466	-1	0
466	89	-1	0
89	181	-1	0
181	199	-1	0
199	272	-1	0
272	144	-1	0
144	391	-1	0
391	148	-1	0
148	338	-1	0
338	462	-1	0
462	184	-1	0
184	33	-1	0
33	341	-1	0
341	119	-1	0
119	293	-1	0
293	29	-1	0
29	93	-1	0
93	460	-1	0
460	233	-1	0
233	132	-1	0
132	45	-1	0
45	268	-1	0
268	321	-1	0
321	53	-1	0
53	393	-1	0
393	44	-1	0
44	497	-1	0
497	102	-1	0
102	8	-1	0
8	61	-1	0
61	76	-1	0
76	481	-1	0
481	412	-1	0
412	125	-1	0
125	172	-1	0
172	147	-1	0
147	360	-1	0
360	278	-1	0
278	291	-1	0
291	270	-1	0
270	92	-1	0
92	71	-1	0
71	414	-1	0
414	394	-1	0
394	129	-1	0
129	141	-1	0
141	308	-1	0
308	402	-1	0
402	164	-1	0
164	494	-1	0
494	432	-1	0
432	435	-1	0
435	446	-1	0
446	171	-1	0
171	257	-1	0
257	366	-1	0
366	371	-1	0
371	179	-1	0
179	66	-1	0
66	117	-1	0
117	37	-1	0
37	146	-1	0
146	358	-1	0
358	365	-1	0
365	323	-1	0
323	353	-1	0
353	419	-1	0
419	387	-1	0
387	251	-1	0
251	96	-1	0
96	486	-1	0
486	314	-1	0
314	78	-1	0
78	318	-1	0
318	177	-1	0
177	216	-1	0
216	445	-1	0
445	279	-1	0
279	352	-1	0
352	325	-1	0
325	406	-1	0
406	131	-1	0
131	442	-1	0
442	271	-1	0
271	490	-1	0
490	456	-1	0
456	19	-1	0
19	232	-1	0
232	473	-1	0
473	408	-1	0
408	276	-1	0
276	24	-1	0
24	209	-1	0
209	355	-1	0
355	86	-1	0
86	42	-1	0
42	373	-1	0
373	312	-1	0
312	450	-1	0
450	52	-1	0
52	107	-1	0
107	309	-1	0
309	285	-1	0
285	374	-1	0
374	224	-1	0
224	240	-1	0
240	455	-1	0
455	140	-1	0
140	194	-1	0
194	82	-1	0
82	340	-1	0
340	431	-1	0
431	420	-1	0
420	339	-1	0
339	300	-1	0
300	226	-1	0
226	193	-1	0
193	297	-1	0
297	57	-1	0
57	349	-1	0
349	39	-1	0
39	429	-1	0
429	492	-1	0
492	80	-1	0
80	68	-1	0
68	154	-1	0
154	363	-1	0
363	90	-1	0
90	211	-1	0
211	258	-1	0
258	385	-1	0
385	263	-1	0
263	231	-1	0
231	155	-1	0
155	388	-1	0
388	499	-1	0
499	301	-1	0
301	14	-1	0
14	12	-1	0
12	298	-1	0
298	91	-1	0
91	58	-1	0
58	236	-1	0
236	401	-1	0
401	260	-1	0
260	334	-1	0
334	63	-1	0
63	485	-1	0
485	72	-1	0
72	399	-1	0
399	247	-1	0
247	217	-1	0
217	311	-1	0
311	422	-1	0
422	299	-1	0
299	383	-1	0
383	367	-1	0
367	418	-1	0
418	74	-1	0
74	50	-1	0
50	174	-1	0
174	113	-1	0
113	362	-1	0
362	283	-1	0
283	328	-1	0
328	428	-1	0
428	244	-1	0
244	28	-1	0
28	377	-1	0
377	116	-1	0
116	221	-1	0
221	316	-1	0
316	135	-1	0
135	351	-1	0
351	459	-1	0
459	161	-1	0
161	407	-1	0
407	5	-1	0
5	463	-1	0
463	332	-1	0
332	160	-1	0
160	95	-1	0
95	204	-1	0
204	476	-1	0
476	25	-1	0
25	150	-1	0
150	397	-1	0
397	249	-1	0
249	417	-1	0
417	225	-1	0
225	344	-1	0
344	88	-1	0
88	330	-1	0
330	130	-1	0
130	478	-1	0
478	317	-1	0
317	467	-1	0
467	31	-1	0
31	409	-1	0
409	430	-1	0
430	343	-1	0
343	444	-1	0
444	198	-1	0
198	443	-1	0
443	15	-1	0
15	329	-1	0
329	122	-1	0
122	264	-1	0
264	235	-1	0
235	337	-1	0
337	474	-1	0
474	274	-1	0
274	243	-1	0
243	163	-1	0
163	228	-1	0
228	189	-1	0
189	22	-1	0
22	223	-1	0
223	212	-1	0
212	11	-1	0
11	134	-1	0
134	51	-1	0
51	1	-1	0
1	295	-1	0
295	421	-1	0
421	265	-1	0
265	182	-1	0
182	292	-1	0
292	483	-1	0
483	436	-1	0
436	261	-1	0
261	320	-1	0
320	425	-1	0
425	313	-1	0
313	493	-1	0
493	18	-1	0
18	101	-1	0
101	207	-1	0
207	370	-1	0
370	495	-1	0
495	166	-1	0
166	277	-1	0
277	195	-1	0
195	306	-1	0
306	103	-1	0
103	378	-1	0
378	153	-1	0
153	434	-1	0
434	266	-1	0
266	280	-1	0
280	269	-1	0
269	152	-1	0
152	307	-1	0
307	241	-1	0
241	2	-1	0
2	120	-1	0
120	379	-1	0
379	191	-1	0
191	110	-1	0
110	237	-1	0
237	491	-1	0
491	246	-1	0
246	389	-1	0
389	254	-1	0
254	133	-1	0
133	75	-1	0
75	372	-1	0
372	230	-1	0
230	411	-1	0
411	118	-1	0
118	322	-1	0
322	489	-1	0
489	227	-1	0
227	3	-1	0
3	333	-1	0
333	287	-1	0
287	413	-1	0
413	439	-1	0
439	487	-1	0
487	472	-1	0
472	289	-1	0
289	97	-1	0
97	187	-1	0
187	124	-1	0
124	448	-1	0
448	468	-1	0
468	136	-1	0
136	256	-1	0
256	142	-1	0
142	149	-1	0
149	4	-1	0
4	461	-1	0
461	304	-1	0
304	327	-1	0
327	305	-1	0
305	62	-1	0
62	59	-1	0
59	200	-1	0
200	208	-1	0
208	482	-1	0
482	121	-1	0
121	252	-1	0
252	440	-1	0
440	390	-1	0
390	449	-1	0
449	410	-1	0
410	138	-1	0
138	315	-1	0
315	137	-1	0
137	165	-1	0
165	275	-1	0
275	357	-1	0
357	203	-1	0
203	206	-1	0
206	496	-1	0
496	477	-1	0
477	32	-1	0
32	447	-1	0
447	159	-1	0
159	210	-1	0
210	21	-1	0
21	178	-1	0
178	83	-1	0
83	111	-1	0
111	157	-1	0
157	259	-1	0
259	35	-1	0
35	239	-1	0
239	426	-1	0
426	180	-1	0
180	219	-1	0
219	77	-1	0
77	48	-1	0
48	376	-1	0
376	158	-1	0
158	183	-1	0
183	38	-1	0
38	423	-1	0
423	143	-1	0
143	381	-1	0
381	452	-1	0
452	380	-1	0
380	475	-1	0
475	294	-1	0
294	375	-1	0
375	441	-1	0
441	67	-1	0
67	359	-1	0
359	167	-1	0
167	192	-1	0
192	469	-1	0
469	234	-1	0
234	229	-1	0
229	336	-1	0
336	94	-1	0
94	156	-1	0
156	105	-1	0
105	415	-1	0
415	79	-1	0
79	303	-1	0
303	296	-1	0
296	87	-1	0
87	364	-1	0
364	457	-1	0
457	170	-1	0
170	85	-1	0
85	7	-1	0
7	398	-1	0
398	451	-1	0
451	213	-1	0
213	348	-1	0
348	282	-1	0
282	40	-1	0
40	41	-1	0
41	99	-1	0
99	126	-1	0
126	13	-1	0
13	123	-1	0
123	458	-1	0
458	346	-1	0
346	176	-1	0
176	27	-1	0
27	396	-1	0
396	220	-1	0
220	173	-1	0
173	112	-1	0
112	106	-1	0
106	0	-1	0
