/* Number of Operations */
50
/* List of Operations. */
/* Start	End	Fly	#Internal	Locations...*/
0	27	-1	0
27	17	-1	0
17	33	-1	0
33	32	-1	0
32	34	-1	0
34	37	-1	0
37	30	-1	0
30	41	-1	0
41	24	-1	0
24	36	-1	0
36	8	-1	0
8	10	-1	0
10	13	-1	0
13	22	-1	0
22	9	-1	0
9	38	-1	0
38	40	-1	0
40	45	-1	0
45	48	-1	0
48	1	-1	0
1	26	-1	0
26	28	-1	0
28	46	-1	0
46	49	-1	0
49	29	-1	0
29	16	-1	0
16	47	-1	0
47	6	-1	0
6	25	-1	0
25	15	-1	0
15	21	-1	0
21	11	-1	0
11	31	-1	0
31	7	-1	0
7	39	-1	0
39	43	-1	0
43	20	-1	0
20	14	-1	0
14	18	-1	0
18	5	-1	0
5	3	-1	0
3	4	-1	0
4	35	-1	0
35	12	-1	0
12	42	-1	0
42	2	-1	0
2	19	-1	0
19	44	-1	0
44	23	-1	0
23	0	-1	0
