/* Number of Operations */
250
/* List of Operations. */
/* Start	End	Fly	#Internal	Locations...*/
0	82	-1	0
82	47	-1	0
47	28	-1	0
28	2	-1	0
2	55	-1	0
55	42	-1	0
42	136	-1	0
136	94	-1	0
94	45	-1	0
45	248	-1	0
248	243	-1	0
243	87	-1	0
87	106	-1	0
106	53	-1	0
53	159	-1	0
159	224	-1	0
224	200	-1	0
200	38	-1	0
38	198	-1	0
198	102	-1	0
102	44	-1	0
44	203	-1	0
203	4	-1	0
4	12	-1	0
12	178	-1	0
178	111	-1	0
111	24	-1	0
24	131	-1	0
131	23	-1	0
23	84	-1	0
84	104	-1	0
104	125	-1	0
125	68	-1	0
68	249	-1	0
249	78	-1	0
78	48	-1	0
48	244	-1	0
244	153	-1	0
153	219	-1	0
219	139	-1	0
139	9	-1	0
9	16	-1	0
16	121	-1	0
121	115	-1	0
115	220	-1	0
220	64	-1	0
64	66	-1	0
66	138	-1	0
138	101	-1	0
101	172	-1	0
172	96	-1	0
96	170	-1	0
170	155	-1	0
155	6	-1	0
6	210	-1	0
210	202	-1	0
202	5	-1	0
5	236	-1	0
236	110	-1	0
110	63	-1	0
63	109	-1	0
109	199	-1	0
199	113	-1	0
113	13	-1	0
13	164	-1	0
164	39	-1	0
39	211	-1	0
211	112	-1	0
112	184	-1	0
184	62	-1	0
62	67	-1	0
67	149	-1	0
149	196	-1	0
196	100	-1	0
100	183	-1	0
183	221	-1	0
221	93	-1	0
93	215	-1	0
215	133	-1	0
133	179	-1	0
179	192	-1	0
192	58	-1	0
58	128	-1	0
128	18	-1	0
18	246	-1	0
246	36	-1	0
36	194	-1	0
194	145	-1	0
145	27	-1	0
27	77	-1	0
77	148	-1	0
148	235	-1	0
235	119	-1	0
119	140	-1	0
140	166	-1	0
166	191	-1	0
191	43	-1	0
43	70	-1	0
70	31	-1	0
31	105	-1	0
105	214	-1	0
214	237	-1	0
237	228	-1	0
228	230	-1	0
230	1	-1	0
1	242	-1	0
242	95	-1	0
95	190	-1	0
190	72	-1	0
72	157	-1	0
157	26	-1	0
26	116	-1	0
116	117	-1	0
117	79	-1	0
79	185	-1	0
185	123	-1	0
123	217	-1	0
217	17	-1	0
17	29	-1	0
29	173	-1	0
173	60	-1	0
60	241	-1	0
241	65	-1	0
65	156	-1	0
156	165	-1	0
165	222	-1	0
222	71	-1	0
71	37	-1	0
37	163	-1	0
163	205	-1	0
205	59	-1	0
59	91	-1	0
91	207	-1	0
207	151	-1	0
151	80	-1	0
80	174	-1	0
174	85	-1	0
85	227	-1	0
227	35	-1	0
35	150	-1	0
150	22	-1	0
22	134	-1	0
134	7	-1	0
7	97	-1	0
97	126	-1	0
126	169	-1	0
169	127	-1	0
127	144	-1	0
144	168	-1	0
168	233	-1	0
233	181	-1	0
181	160	-1	0
160	73	-1	0
73	122	-1	0
122	195	-1	0
195	201	-1	0
201	57	-1	0
57	197	-1	0
197	238	-1	0
238	226	-1	0
226	61	-1	0
61	187	-1	0
187	130	-1	0
130	234	-1	0
234	175	-1	0
175	14	-1	0
14	107	-1	0
107	137	-1	0
137	176	-1	0
176	186	-1	0
186	46	-1	0
46	76	-1	0
76	180	-1	0
180	108	-1	0
108	209	-1	0
209	208	-1	0
208	141	-1	0
141	129	-1	0
129	240	-1	0
240	147	-1	0
147	86	-1	0
86	229	-1	0
229	182	-1	0
182	213	-1	0
213	99	-1	0
99	167	-1	0
167	103	-1	0
103	162	-1	0
162	114	-1	0
114	206	-1	0
206	34	-1	0
34	83	-1	0
83	239	-1	0
239	98	-1	0
98	30	-1	0
30	118	-1	0
118	225	-1	0
225	56	-1	0
56	247	-1	0
247	124	-1	0
124	204	-1	0
204	232	-1	0
232	177	-1	0
177	51	-1	0
51	90	-1	0
90	15	-1	0
15	32	-1	0
32	120	-1	0
120	216	-1	0
216	75	-1	0
75	74	-1	0
74	218	-1	0
218	10	-1	0
10	189	-1	0
189	89	-1	0
89	54	-1	0
54	231	-1	0
231	223	-1	0
223	152	-1	0
152	81	-1	0
81	25	-1	0
25	158	-1	0
158	41	-1	0
41	8	-1	0
8	193	-1	0
193	212	-1	0
212	92	-1	0
92	69	-1	0
69	161	-1	0
161	19	-1	0
19	33	-1	0
33	143	-1	0
143	142	-1	0
142	21	-1	0
21	49	-1	0
49	20	-1	0
20	146	-1	0
146	40	-1	0
40	132	-1	0
132	11	-1	0
11	188	-1	0
188	3	-1	0
3	171	-1	0
171	245	-1	0
245	50	-1	0
50	52	-1	0
52	135	-1	0
135	154	-1	0
154	88	-1	0
88	0	-1	0
