/* Number of Operations */
250
/* List of Operations. */
/* Start	End	Fly	#Internal	Locations...*/
0	220	-1	0
220	214	-1	0
214	55	-1	0
55	198	-1	0
198	120	-1	0
120	241	-1	0
241	176	-1	0
176	30	-1	0
30	216	-1	0
216	85	-1	0
85	203	-1	0
203	41	-1	0
41	87	-1	0
87	52	-1	0
52	88	-1	0
88	206	-1	0
206	70	-1	0
70	123	-1	0
123	101	-1	0
101	210	-1	0
210	193	-1	0
193	227	-1	0
227	197	-1	0
197	222	-1	0
222	249	-1	0
249	194	-1	0
194	114	-1	0
114	155	-1	0
155	200	-1	0
200	217	-1	0
217	79	-1	0
79	59	-1	0
59	97	-1	0
97	31	-1	0
31	122	-1	0
122	65	-1	0
65	2	-1	0
2	96	-1	0
96	103	-1	0
103	232	-1	0
232	142	-1	0
142	165	-1	0
165	215	-1	0
215	223	-1	0
223	199	-1	0
199	211	-1	0
211	1	-1	0
1	164	-1	0
164	108	-1	0
108	239	-1	0
239	146	-1	0
146	187	-1	0
187	196	-1	0
196	248	-1	0
248	20	-1	0
20	46	-1	0
46	73	-1	0
73	13	-1	0
13	44	-1	0
44	80	-1	0
80	240	-1	0
240	186	-1	0
186	105	-1	0
105	49	-1	0
49	205	-1	0
205	228	-1	0
228	144	-1	0
144	26	-1	0
26	149	-1	0
149	172	-1	0
172	128	-1	0
128	162	-1	0
162	132	-1	0
132	174	-1	0
174	207	-1	0
207	48	-1	0
48	75	-1	0
75	110	-1	0
110	204	-1	0
204	147	-1	0
147	9	-1	0
9	35	-1	0
35	58	-1	0
58	4	-1	0
4	22	-1	0
22	148	-1	0
148	178	-1	0
178	225	-1	0
225	62	-1	0
62	157	-1	0
157	168	-1	0
168	56	-1	0
56	14	-1	0
14	219	-1	0
219	47	-1	0
47	201	-1	0
201	180	-1	0
180	60	-1	0
60	72	-1	0
72	171	-1	0
171	230	-1	0
230	125	-1	0
125	86	-1	0
86	158	-1	0
158	7	-1	0
7	130	-1	0
130	15	-1	0
15	10	-1	0
10	107	-1	0
107	74	-1	0
74	195	-1	0
195	237	-1	0
237	17	-1	0
17	135	-1	0
135	39	-1	0
39	121	-1	0
121	63	-1	0
63	117	-1	0
117	140	-1	0
140	37	-1	0
37	23	-1	0
23	163	-1	0
163	151	-1	0
151	104	-1	0
104	106	-1	0
106	3	-1	0
3	189	-1	0
189	169	-1	0
169	40	-1	0
40	192	-1	0
192	16	-1	0
16	154	-1	0
154	84	-1	0
84	51	-1	0
51	93	-1	0
93	191	-1	0
191	182	-1	0
182	90	-1	0
90	92	-1	0
92	98	-1	0
98	112	-1	0
112	99	-1	0
99	244	-1	0
244	118	-1	0
118	236	-1	0
236	159	-1	0
159	42	-1	0
42	167	-1	0
167	78	-1	0
78	5	-1	0
5	224	-1	0
224	33	-1	0
33	156	-1	0
156	61	-1	0
61	235	-1	0
235	137	-1	0
137	160	-1	0
160	231	-1	0
231	188	-1	0
188	221	-1	0
221	45	-1	0
45	71	-1	0
71	95	-1	0
95	183	-1	0
183	111	-1	0
111	243	-1	0
243	34	-1	0
34	247	-1	0
247	81	-1	0
81	131	-1	0
131	245	-1	0
245	119	-1	0
119	76	-1	0
76	218	-1	0
218	238	-1	0
238	24	-1	0
24	113	-1	0
113	129	-1	0
129	8	-1	0
8	181	-1	0
181	19	-1	0
19	209	-1	0
209	202	-1	0
202	100	-1	0
100	6	-1	0
6	36	-1	0
36	66	-1	0
66	153	-1	0
153	64	-1	0
64	136	-1	0
136	89	-1	0
89	127	-1	0
127	83	-1	0
83	11	-1	0
11	190	-1	0
190	145	-1	0
145	28	-1	0
28	124	-1	0
124	233	-1	0
233	161	-1	0
161	109	-1	0
109	170	-1	0
170	166	-1	0
166	152	-1	0
152	133	-1	0
133	143	-1	0
143	102	-1	0
102	234	-1	0
234	12	-1	0
12	229	-1	0
229	126	-1	0
126	185	-1	0
185	177	-1	0
177	32	-1	0
32	38	-1	0
38	18	-1	0
18	94	-1	0
94	54	-1	0
54	208	-1	0
208	141	-1	0
141	91	-1	0
91	82	-1	0
82	173	-1	0
173	53	-1	0
53	50	-1	0
50	77	-1	0
77	57	-1	0
57	27	-1	0
27	115	-1	0
115	116	-1	0
116	67	-1	0
67	226	-1	0
226	29	-1	0
29	134	-1	0
134	242	-1	0
242	179	-1	0
179	138	-1	0
138	139	-1	0
139	69	-1	0
69	212	-1	0
212	25	-1	0
25	175	-1	0
175	213	-1	0
213	68	-1	0
68	21	-1	0
21	150	-1	0
150	246	-1	0
246	184	-1	0
184	43	-1	0
43	0	-1	0
