/* Number of Operations */
100
/* List of Operations. */
/* Start	End	Fly	#Internal	Locations...*/
0	23	-1	0
23	98	-1	0
98	14	-1	0
14	3	-1	0
3	79	-1	0
79	7	-1	0
7	32	-1	0
32	96	-1	0
96	29	-1	0
29	94	-1	0
94	37	-1	0
37	69	-1	0
69	31	-1	0
31	78	-1	0
78	46	-1	0
46	10	-1	0
10	1	-1	0
1	97	-1	0
97	93	-1	0
93	15	-1	0
15	83	-1	0
83	80	-1	0
80	36	-1	0
36	60	-1	0
60	51	-1	0
51	65	-1	0
65	35	-1	0
35	58	-1	0
58	95	-1	0
95	9	-1	0
9	91	-1	0
91	71	-1	0
71	50	-1	0
50	27	-1	0
27	82	-1	0
82	8	-1	0
8	40	-1	0
40	42	-1	0
42	26	-1	0
26	48	-1	0
48	61	-1	0
61	62	-1	0
62	24	-1	0
24	13	-1	0
13	34	-1	0
34	76	-1	0
76	67	-1	0
67	64	-1	0
64	17	-1	0
17	11	-1	0
11	16	-1	0
16	85	-1	0
85	68	-1	0
68	63	-1	0
63	43	-1	0
43	86	-1	0
86	20	-1	0
20	5	-1	0
5	57	-1	0
57	75	-1	0
75	77	-1	0
77	6	-1	0
6	41	-1	0
41	70	-1	0
70	45	-1	0
45	25	-1	0
25	18	-1	0
18	87	-1	0
87	49	-1	0
49	2	-1	0
2	39	-1	0
39	4	-1	0
4	66	-1	0
66	30	-1	0
30	90	-1	0
90	38	-1	0
38	72	-1	0
72	54	-1	0
54	74	-1	0
74	84	-1	0
84	88	-1	0
88	59	-1	0
59	47	-1	0
47	81	-1	0
81	56	-1	0
56	33	-1	0
33	99	-1	0
99	28	-1	0
28	52	-1	0
52	53	-1	0
53	55	-1	0
55	19	-1	0
19	12	-1	0
12	73	-1	0
73	89	-1	0
89	21	-1	0
21	44	-1	0
44	92	-1	0
92	22	-1	0
22	0	-1	0
