/* Number of Operations */
100
/* List of Operations. */
/* Start	End	Fly	#Internal	Locations...*/
0	68	-1	0
68	4	-1	0
4	63	-1	0
63	15	-1	0
15	83	-1	0
83	48	-1	0
48	30	-1	0
30	42	-1	0
42	81	-1	0
81	9	-1	0
9	76	-1	0
76	8	-1	0
8	38	-1	0
38	77	-1	0
77	98	-1	0
98	82	-1	0
82	69	-1	0
69	45	-1	0
45	28	-1	0
28	70	-1	0
70	27	-1	0
27	87	-1	0
87	35	-1	0
35	51	-1	0
51	75	-1	0
75	52	-1	0
52	64	-1	0
64	57	-1	0
57	66	-1	0
66	74	-1	0
74	92	-1	0
92	24	-1	0
24	18	-1	0
18	17	-1	0
17	86	-1	0
86	58	-1	0
58	91	-1	0
91	6	-1	0
6	49	-1	0
49	20	-1	0
20	67	-1	0
67	41	-1	0
41	61	-1	0
61	23	-1	0
23	96	-1	0
96	46	-1	0
46	95	-1	0
95	34	-1	0
34	80	-1	0
80	93	-1	0
93	29	-1	0
29	53	-1	0
53	90	-1	0
90	11	-1	0
11	84	-1	0
84	1	-1	0
1	97	-1	0
97	50	-1	0
50	85	-1	0
85	13	-1	0
13	65	-1	0
65	14	-1	0
14	10	-1	0
10	56	-1	0
56	71	-1	0
71	73	-1	0
73	2	-1	0
2	39	-1	0
39	16	-1	0
16	22	-1	0
22	40	-1	0
40	54	-1	0
54	26	-1	0
26	5	-1	0
5	32	-1	0
32	79	-1	0
79	12	-1	0
12	99	-1	0
99	3	-1	0
3	59	-1	0
59	60	-1	0
60	7	-1	0
7	37	-1	0
37	94	-1	0
94	43	-1	0
43	44	-1	0
44	62	-1	0
62	21	-1	0
21	78	-1	0
78	88	-1	0
88	31	-1	0
31	25	-1	0
25	19	-1	0
19	47	-1	0
47	33	-1	0
33	89	-1	0
89	72	-1	0
72	36	-1	0
36	55	-1	0
55	0	-1	0
