/* Number of Operations */
175
/* List of Operations. */
/* Start	End	Fly	#Internal	Locations...*/
0	100	-1	0
100	167	-1	0
167	150	-1	0
150	20	-1	0
20	52	-1	0
52	149	-1	0
149	72	-1	0
72	111	-1	0
111	143	-1	0
143	91	-1	0
91	145	-1	0
145	66	-1	0
66	35	-1	0
35	105	-1	0
105	83	-1	0
83	40	-1	0
40	138	-1	0
138	148	-1	0
148	162	-1	0
162	93	-1	0
93	43	-1	0
43	79	-1	0
79	8	-1	0
8	159	-1	0
159	58	-1	0
58	104	-1	0
104	87	-1	0
87	135	-1	0
135	62	-1	0
62	82	-1	0
82	71	-1	0
71	156	-1	0
156	161	-1	0
161	65	-1	0
65	120	-1	0
120	119	-1	0
119	106	-1	0
106	64	-1	0
64	171	-1	0
171	68	-1	0
68	46	-1	0
46	63	-1	0
63	48	-1	0
48	115	-1	0
115	151	-1	0
151	37	-1	0
37	75	-1	0
75	174	-1	0
174	88	-1	0
88	127	-1	0
127	26	-1	0
26	125	-1	0
125	67	-1	0
67	55	-1	0
55	69	-1	0
69	166	-1	0
166	5	-1	0
5	9	-1	0
9	3	-1	0
3	76	-1	0
76	134	-1	0
134	147	-1	0
147	99	-1	0
99	153	-1	0
153	81	-1	0
81	124	-1	0
124	170	-1	0
170	11	-1	0
11	18	-1	0
18	154	-1	0
154	56	-1	0
56	19	-1	0
19	84	-1	0
84	94	-1	0
94	146	-1	0
146	107	-1	0
107	165	-1	0
165	155	-1	0
155	22	-1	0
22	131	-1	0
131	74	-1	0
74	96	-1	0
96	78	-1	0
78	97	-1	0
97	15	-1	0
15	21	-1	0
21	141	-1	0
141	14	-1	0
14	109	-1	0
109	112	-1	0
112	4	-1	0
4	117	-1	0
117	85	-1	0
85	70	-1	0
70	123	-1	0
123	116	-1	0
116	140	-1	0
140	47	-1	0
47	44	-1	0
44	173	-1	0
173	32	-1	0
32	41	-1	0
41	133	-1	0
133	102	-1	0
102	27	-1	0
27	113	-1	0
113	16	-1	0
16	36	-1	0
36	2	-1	0
2	142	-1	0
142	163	-1	0
163	77	-1	0
77	172	-1	0
172	114	-1	0
114	86	-1	0
86	169	-1	0
169	101	-1	0
101	45	-1	0
45	158	-1	0
158	108	-1	0
108	139	-1	0
139	25	-1	0
25	132	-1	0
132	136	-1	0
136	89	-1	0
89	31	-1	0
31	38	-1	0
38	90	-1	0
90	24	-1	0
24	10	-1	0
10	29	-1	0
29	53	-1	0
53	42	-1	0
42	92	-1	0
92	128	-1	0
128	33	-1	0
33	39	-1	0
39	1	-1	0
1	98	-1	0
98	73	-1	0
73	103	-1	0
103	110	-1	0
110	121	-1	0
121	122	-1	0
122	6	-1	0
6	60	-1	0
60	80	-1	0
80	129	-1	0
129	57	-1	0
57	126	-1	0
126	130	-1	0
130	17	-1	0
17	61	-1	0
61	164	-1	0
164	152	-1	0
152	12	-1	0
12	59	-1	0
59	13	-1	0
13	50	-1	0
50	7	-1	0
7	23	-1	0
23	168	-1	0
168	28	-1	0
28	160	-1	0
160	157	-1	0
157	54	-1	0
54	118	-1	0
118	95	-1	0
95	34	-1	0
34	51	-1	0
51	30	-1	0
30	49	-1	0
49	144	-1	0
144	137	-1	0
137	0	-1	0
