/* Number of Operations */
500
/* List of Operations. */
/* Start	End	Fly	#Internal	Locations...*/
0	345	-1	0
345	38	-1	0
38	99	-1	0
99	321	-1	0
321	363	-1	0
363	442	-1	0
442	155	-1	0
155	177	-1	0
177	416	-1	0
416	351	-1	0
351	125	-1	0
125	411	-1	0
411	127	-1	0
127	395	-1	0
395	160	-1	0
160	243	-1	0
243	194	-1	0
194	343	-1	0
343	438	-1	0
438	236	-1	0
236	401	-1	0
401	192	-1	0
192	72	-1	0
72	181	-1	0
181	117	-1	0
117	110	-1	0
110	371	-1	0
371	369	-1	0
369	58	-1	0
58	52	-1	0
52	175	-1	0
175	29	-1	0
29	242	-1	0
242	400	-1	0
400	221	-1	0
221	447	-1	0
447	94	-1	0
94	291	-1	0
291	214	-1	0
214	259	-1	0
259	261	-1	0
261	249	-1	0
249	250	-1	0
250	77	-1	0
77	161	-1	0
161	299	-1	0
299	405	-1	0
405	449	-1	0
449	40	-1	0
40	445	-1	0
445	254	-1	0
254	184	-1	0
184	76	-1	0
76	65	-1	0
65	151	-1	0
151	270	-1	0
270	364	-1	0
364	18	-1	0
18	468	-1	0
468	448	-1	0
448	199	-1	0
199	394	-1	0
394	224	-1	0
224	376	-1	0
376	196	-1	0
196	47	-1	0
47	218	-1	0
218	430	-1	0
430	239	-1	0
239	30	-1	0
30	86	-1	0
86	3	-1	0
3	362	-1	0
362	379	-1	0
379	480	-1	0
480	132	-1	0
132	31	-1	0
31	75	-1	0
75	54	-1	0
54	5	-1	0
5	341	-1	0
341	300	-1	0
300	461	-1	0
461	348	-1	0
348	205	-1	0
205	275	-1	0
275	262	-1	0
262	324	-1	0
324	491	-1	0
491	498	-1	0
498	217	-1	0
217	186	-1	0
186	93	-1	0
93	163	-1	0
163	80	-1	0
80	483	-1	0
483	422	-1	0
422	139	-1	0
139	60	-1	0
60	454	-1	0
454	28	-1	0
28	423	-1	0
423	149	-1	0
149	342	-1	0
342	319	-1	0
319	49	-1	0
49	113	-1	0
113	256	-1	0
256	450	-1	0
450	69	-1	0
69	187	-1	0
187	340	-1	0
340	327	-1	0
327	61	-1	0
61	427	-1	0
427	389	-1	0
389	284	-1	0
284	33	-1	0
33	274	-1	0
274	25	-1	0
25	231	-1	0
231	486	-1	0
486	339	-1	0
339	253	-1	0
253	287	-1	0
287	16	-1	0
16	421	-1	0
421	71	-1	0
71	392	-1	0
392	473	-1	0
473	458	-1	0
458	100	-1	0
100	322	-1	0
322	372	-1	0
372	360	-1	0
360	67	-1	0
67	219	-1	0
219	15	-1	0
15	79	-1	0
79	246	-1	0
246	441	-1	0
441	118	-1	0
118	328	-1	0
328	247	-1	0
247	367	-1	0
367	66	-1	0
66	136	-1	0
136	50	-1	0
50	8	-1	0
8	2	-1	0
2	331	-1	0
331	417	-1	0
417	398	-1	0
398	36	-1	0
36	183	-1	0
183	27	-1	0
27	43	-1	0
43	424	-1	0
424	378	-1	0
378	126	-1	0
126	412	-1	0
412	120	-1	0
120	478	-1	0
478	115	-1	0
115	294	-1	0
294	426	-1	0
426	386	-1	0
386	140	-1	0
140	298	-1	0
298	271	-1	0
271	114	-1	0
114	13	-1	0
13	496	-1	0
496	32	-1	0
32	260	-1	0
260	278	-1	0
278	225	-1	0
225	179	-1	0
179	433	-1	0
433	20	-1	0
20	489	-1	0
489	320	-1	0
320	130	-1	0
130	314	-1	0
314	354	-1	0
354	413	-1	0
413	387	-1	0
387	419	-1	0
419	276	-1	0
276	176	-1	0
176	385	-1	0
385	383	-1	0
383	477	-1	0
477	63	-1	0
63	46	-1	0
46	223	-1	0
223	390	-1	0
390	64	-1	0
64	375	-1	0
375	188	-1	0
188	465	-1	0
465	116	-1	0
116	474	-1	0
474	325	-1	0
325	162	-1	0
162	388	-1	0
388	152	-1	0
152	222	-1	0
222	289	-1	0
289	167	-1	0
167	490	-1	0
490	415	-1	0
415	145	-1	0
145	204	-1	0
204	62	-1	0
62	404	-1	0
404	111	-1	0
111	41	-1	0
41	87	-1	0
87	257	-1	0
257	4	-1	0
4	53	-1	0
53	180	-1	0
180	333	-1	0
333	97	-1	0
97	104	-1	0
104	228	-1	0
228	292	-1	0
292	200	-1	0
200	142	-1	0
142	85	-1	0
85	429	-1	0
429	34	-1	0
34	420	-1	0
420	182	-1	0
182	307	-1	0
307	17	-1	0
17	432	-1	0
432	230	-1	0
230	435	-1	0
435	122	-1	0
122	12	-1	0
12	359	-1	0
359	129	-1	0
129	168	-1	0
168	381	-1	0
381	374	-1	0
374	35	-1	0
35	81	-1	0
81	84	-1	0
84	279	-1	0
279	357	-1	0
357	306	-1	0
306	495	-1	0
495	377	-1	0
377	318	-1	0
318	316	-1	0
316	143	-1	0
143	165	-1	0
165	59	-1	0
59	285	-1	0
285	406	-1	0
406	201	-1	0
201	42	-1	0
42	232	-1	0
232	399	-1	0
399	229	-1	0
229	283	-1	0
283	159	-1	0
159	265	-1	0
265	238	-1	0
238	487	-1	0
487	469	-1	0
469	335	-1	0
335	280	-1	0
280	10	-1	0
10	147	-1	0
147	281	-1	0
281	334	-1	0
334	407	-1	0
407	444	-1	0
444	189	-1	0
189	88	-1	0
88	472	-1	0
472	482	-1	0
482	202	-1	0
202	235	-1	0
235	55	-1	0
55	269	-1	0
269	346	-1	0
346	410	-1	0
410	98	-1	0
98	156	-1	0
156	464	-1	0
464	233	-1	0
233	244	-1	0
244	209	-1	0
209	273	-1	0
273	89	-1	0
89	258	-1	0
258	393	-1	0
393	397	-1	0
397	358	-1	0
358	457	-1	0
457	443	-1	0
443	19	-1	0
19	191	-1	0
191	45	-1	0
45	455	-1	0
455	123	-1	0
123	312	-1	0
312	6	-1	0
6	391	-1	0
391	131	-1	0
131	311	-1	0
311	7	-1	0
7	462	-1	0
462	484	-1	0
484	466	-1	0
466	485	-1	0
485	11	-1	0
11	172	-1	0
172	220	-1	0
220	138	-1	0
138	106	-1	0
106	403	-1	0
403	158	-1	0
158	409	-1	0
409	234	-1	0
234	352	-1	0
352	197	-1	0
197	101	-1	0
101	313	-1	0
313	245	-1	0
245	216	-1	0
216	402	-1	0
402	82	-1	0
82	497	-1	0
497	48	-1	0
48	211	-1	0
211	21	-1	0
21	303	-1	0
303	212	-1	0
212	96	-1	0
96	310	-1	0
310	344	-1	0
344	215	-1	0
215	263	-1	0
263	1	-1	0
1	470	-1	0
470	459	-1	0
459	251	-1	0
251	141	-1	0
141	154	-1	0
154	112	-1	0
112	382	-1	0
382	453	-1	0
453	105	-1	0
105	134	-1	0
134	70	-1	0
70	150	-1	0
150	133	-1	0
133	240	-1	0
240	296	-1	0
296	380	-1	0
380	305	-1	0
305	384	-1	0
384	241	-1	0
241	347	-1	0
347	95	-1	0
95	293	-1	0
293	148	-1	0
148	297	-1	0
297	452	-1	0
452	494	-1	0
494	166	-1	0
166	353	-1	0
353	128	-1	0
128	373	-1	0
373	277	-1	0
277	171	-1	0
171	37	-1	0
37	332	-1	0
332	203	-1	0
203	264	-1	0
264	414	-1	0
414	476	-1	0
476	226	-1	0
226	146	-1	0
146	173	-1	0
173	195	-1	0
195	309	-1	0
309	463	-1	0
463	119	-1	0
119	268	-1	0
268	190	-1	0
190	349	-1	0
349	124	-1	0
124	206	-1	0
206	425	-1	0
425	295	-1	0
295	51	-1	0
51	185	-1	0
185	109	-1	0
109	282	-1	0
282	26	-1	0
26	57	-1	0
57	436	-1	0
436	451	-1	0
451	68	-1	0
68	157	-1	0
157	317	-1	0
317	170	-1	0
170	350	-1	0
350	431	-1	0
431	83	-1	0
83	153	-1	0
153	467	-1	0
467	396	-1	0
396	255	-1	0
255	323	-1	0
323	336	-1	0
336	356	-1	0
356	23	-1	0
23	248	-1	0
248	329	-1	0
329	252	-1	0
252	91	-1	0
91	198	-1	0
198	137	-1	0
137	213	-1	0
213	39	-1	0
39	174	-1	0
174	315	-1	0
315	24	-1	0
24	227	-1	0
227	288	-1	0
288	434	-1	0
434	103	-1	0
103	73	-1	0
73	456	-1	0
456	144	-1	0
144	169	-1	0
169	267	-1	0
267	337	-1	0
337	193	-1	0
193	301	-1	0
301	135	-1	0
135	492	-1	0
492	338	-1	0
338	475	-1	0
475	9	-1	0
9	446	-1	0
446	368	-1	0
368	302	-1	0
302	164	-1	0
164	481	-1	0
481	22	-1	0
22	74	-1	0
74	56	-1	0
56	308	-1	0
308	355	-1	0
355	178	-1	0
178	326	-1	0
326	428	-1	0
428	44	-1	0
44	493	-1	0
493	471	-1	0
471	290	-1	0
290	266	-1	0
266	479	-1	0
479	207	-1	0
207	286	-1	0
286	107	-1	0
107	499	-1	0
499	108	-1	0
108	361	-1	0
361	102	-1	0
102	121	-1	0
121	210	-1	0
210	272	-1	0
272	304	-1	0
304	92	-1	0
92	208	-1	0
208	14	-1	0
14	370	-1	0
370	237	-1	0
237	366	-1	0
366	440	-1	0
440	460	-1	0
460	365	-1	0
365	78	-1	0
78	439	-1	0
439	330	-1	0
330	418	-1	0
418	437	-1	0
437	408	-1	0
408	90	-1	0
90	488	-1	0
488	0	-1	0
