/* Number of Operations */
50
/* List of Operations. */
/* Start	End	Fly	#Internal	Locations...*/
0	26	-1	0
26	21	-1	0
21	46	-1	0
46	34	-1	0
34	3	-1	0
3	1	-1	0
1	41	-1	0
41	37	-1	0
37	10	-1	0
10	11	-1	0
11	20	-1	0
20	23	-1	0
23	19	-1	0
19	29	-1	0
29	4	-1	0
4	49	-1	0
49	39	-1	0
39	22	-1	0
22	44	-1	0
44	31	-1	0
31	12	-1	0
12	8	-1	0
8	30	-1	0
30	32	-1	0
32	38	-1	0
38	27	-1	0
27	9	-1	0
9	13	-1	0
13	6	-1	0
6	40	-1	0
40	43	-1	0
43	33	-1	0
33	35	-1	0
35	28	-1	0
28	47	-1	0
47	18	-1	0
18	15	-1	0
15	24	-1	0
24	7	-1	0
7	48	-1	0
48	17	-1	0
17	36	-1	0
36	14	-1	0
14	5	-1	0
5	42	-1	0
42	16	-1	0
16	2	-1	0
2	45	-1	0
45	25	-1	0
25	0	-1	0
