/* Number of Operations */
175
/* List of Operations. */
/* Start	End	Fly	#Internal	Locations...*/
0	116	-1	0
116	134	-1	0
134	74	-1	0
74	54	-1	0
54	121	-1	0
121	127	-1	0
127	173	-1	0
173	94	-1	0
94	84	-1	0
84	1	-1	0
1	35	-1	0
35	168	-1	0
168	55	-1	0
55	128	-1	0
128	85	-1	0
85	88	-1	0
88	21	-1	0
21	34	-1	0
34	70	-1	0
70	15	-1	0
15	10	-1	0
10	76	-1	0
76	98	-1	0
98	159	-1	0
159	151	-1	0
151	136	-1	0
136	45	-1	0
45	67	-1	0
67	169	-1	0
169	52	-1	0
52	41	-1	0
41	95	-1	0
95	86	-1	0
86	105	-1	0
105	66	-1	0
66	154	-1	0
154	48	-1	0
48	174	-1	0
174	56	-1	0
56	75	-1	0
75	125	-1	0
125	33	-1	0
33	9	-1	0
9	148	-1	0
148	124	-1	0
124	170	-1	0
170	129	-1	0
129	62	-1	0
62	36	-1	0
36	20	-1	0
20	13	-1	0
13	37	-1	0
37	40	-1	0
40	150	-1	0
150	167	-1	0
167	103	-1	0
103	25	-1	0
25	46	-1	0
46	101	-1	0
101	27	-1	0
27	172	-1	0
172	110	-1	0
110	108	-1	0
108	147	-1	0
147	63	-1	0
63	132	-1	0
132	106	-1	0
106	120	-1	0
120	111	-1	0
111	160	-1	0
160	161	-1	0
161	112	-1	0
112	80	-1	0
80	113	-1	0
113	57	-1	0
57	157	-1	0
157	137	-1	0
137	115	-1	0
115	126	-1	0
126	5	-1	0
5	153	-1	0
153	162	-1	0
162	4	-1	0
4	31	-1	0
31	19	-1	0
19	60	-1	0
60	91	-1	0
91	92	-1	0
92	90	-1	0
90	102	-1	0
102	130	-1	0
130	149	-1	0
149	61	-1	0
61	83	-1	0
83	51	-1	0
51	119	-1	0
119	68	-1	0
68	104	-1	0
104	141	-1	0
141	79	-1	0
79	8	-1	0
8	117	-1	0
117	24	-1	0
24	144	-1	0
144	139	-1	0
139	118	-1	0
118	29	-1	0
29	77	-1	0
77	14	-1	0
14	38	-1	0
38	58	-1	0
58	82	-1	0
82	109	-1	0
109	32	-1	0
32	100	-1	0
100	30	-1	0
30	145	-1	0
145	138	-1	0
138	3	-1	0
3	152	-1	0
152	18	-1	0
18	96	-1	0
96	42	-1	0
42	73	-1	0
73	50	-1	0
50	107	-1	0
107	22	-1	0
22	122	-1	0
122	69	-1	0
69	140	-1	0
140	114	-1	0
114	39	-1	0
39	12	-1	0
12	135	-1	0
135	64	-1	0
64	131	-1	0
131	81	-1	0
81	23	-1	0
23	87	-1	0
87	65	-1	0
65	28	-1	0
28	2	-1	0
2	156	-1	0
156	59	-1	0
59	11	-1	0
11	155	-1	0
155	26	-1	0
26	165	-1	0
165	158	-1	0
158	146	-1	0
146	93	-1	0
93	164	-1	0
164	16	-1	0
16	7	-1	0
7	49	-1	0
49	99	-1	0
99	44	-1	0
44	143	-1	0
143	171	-1	0
171	142	-1	0
142	163	-1	0
163	123	-1	0
123	166	-1	0
166	78	-1	0
78	43	-1	0
43	47	-1	0
47	53	-1	0
53	97	-1	0
97	89	-1	0
89	133	-1	0
133	71	-1	0
71	72	-1	0
72	6	-1	0
6	17	-1	0
17	0	-1	0
