/* Number of Operations */
175
/* List of Operations. */
/* Start	End	Fly	#Internal	Locations...*/
0	67	-1	0
67	104	-1	0
104	54	-1	0
54	84	-1	0
84	24	-1	0
24	40	-1	0
40	13	-1	0
13	86	-1	0
86	121	-1	0
121	106	-1	0
106	131	-1	0
131	123	-1	0
123	64	-1	0
64	2	-1	0
2	82	-1	0
82	89	-1	0
89	160	-1	0
160	25	-1	0
25	56	-1	0
56	12	-1	0
12	168	-1	0
168	34	-1	0
34	80	-1	0
80	155	-1	0
155	108	-1	0
108	60	-1	0
60	174	-1	0
174	111	-1	0
111	141	-1	0
141	171	-1	0
171	151	-1	0
151	110	-1	0
110	58	-1	0
58	27	-1	0
27	128	-1	0
128	162	-1	0
162	124	-1	0
124	133	-1	0
133	83	-1	0
83	99	-1	0
99	93	-1	0
93	139	-1	0
139	125	-1	0
125	102	-1	0
102	167	-1	0
167	59	-1	0
59	122	-1	0
122	31	-1	0
31	22	-1	0
22	81	-1	0
81	95	-1	0
95	46	-1	0
46	147	-1	0
147	29	-1	0
29	114	-1	0
114	42	-1	0
42	112	-1	0
112	65	-1	0
65	48	-1	0
48	19	-1	0
19	169	-1	0
169	87	-1	0
87	172	-1	0
172	140	-1	0
140	146	-1	0
146	44	-1	0
44	136	-1	0
136	170	-1	0
170	143	-1	0
143	88	-1	0
88	77	-1	0
77	118	-1	0
118	94	-1	0
94	127	-1	0
127	113	-1	0
113	45	-1	0
45	153	-1	0
153	107	-1	0
107	144	-1	0
144	51	-1	0
51	47	-1	0
47	158	-1	0
158	163	-1	0
163	53	-1	0
53	49	-1	0
49	70	-1	0
70	18	-1	0
18	92	-1	0
92	103	-1	0
103	97	-1	0
97	16	-1	0
16	152	-1	0
152	52	-1	0
52	157	-1	0
157	11	-1	0
11	165	-1	0
165	28	-1	0
28	137	-1	0
137	74	-1	0
74	63	-1	0
63	73	-1	0
73	156	-1	0
156	69	-1	0
69	6	-1	0
6	32	-1	0
32	79	-1	0
79	35	-1	0
35	135	-1	0
135	90	-1	0
90	66	-1	0
66	9	-1	0
9	7	-1	0
7	17	-1	0
17	33	-1	0
33	43	-1	0
43	15	-1	0
15	150	-1	0
150	142	-1	0
142	105	-1	0
105	173	-1	0
173	3	-1	0
3	38	-1	0
38	1	-1	0
1	134	-1	0
134	100	-1	0
100	166	-1	0
166	20	-1	0
20	14	-1	0
14	57	-1	0
57	30	-1	0
30	159	-1	0
159	115	-1	0
115	126	-1	0
126	119	-1	0
119	101	-1	0
101	10	-1	0
10	120	-1	0
120	148	-1	0
148	23	-1	0
23	21	-1	0
21	154	-1	0
154	37	-1	0
37	50	-1	0
50	161	-1	0
161	96	-1	0
96	149	-1	0
149	71	-1	0
71	129	-1	0
129	76	-1	0
76	72	-1	0
72	91	-1	0
91	68	-1	0
68	164	-1	0
164	41	-1	0
41	39	-1	0
39	85	-1	0
85	78	-1	0
78	36	-1	0
36	130	-1	0
130	62	-1	0
62	75	-1	0
75	26	-1	0
26	98	-1	0
98	109	-1	0
109	117	-1	0
117	145	-1	0
145	55	-1	0
55	138	-1	0
138	116	-1	0
116	8	-1	0
8	4	-1	0
4	61	-1	0
61	132	-1	0
132	5	-1	0
5	0	-1	0
