/* Number of Operations */
175
/* List of Operations. */
/* Start	End	Fly	#Internal	Locations...*/
0	163	-1	0
163	36	-1	0
36	157	-1	0
157	113	-1	0
113	37	-1	0
37	94	-1	0
94	138	-1	0
138	23	-1	0
23	117	-1	0
117	58	-1	0
58	121	-1	0
121	28	-1	0
28	152	-1	0
152	140	-1	0
140	125	-1	0
125	142	-1	0
142	171	-1	0
171	84	-1	0
84	124	-1	0
124	128	-1	0
128	173	-1	0
173	71	-1	0
71	13	-1	0
13	123	-1	0
123	160	-1	0
160	127	-1	0
127	27	-1	0
27	19	-1	0
19	102	-1	0
102	134	-1	0
134	87	-1	0
87	166	-1	0
166	103	-1	0
103	93	-1	0
93	59	-1	0
59	129	-1	0
129	95	-1	0
95	111	-1	0
111	64	-1	0
64	8	-1	0
8	2	-1	0
2	15	-1	0
15	63	-1	0
63	104	-1	0
104	99	-1	0
99	107	-1	0
107	118	-1	0
118	24	-1	0
24	148	-1	0
148	80	-1	0
80	130	-1	0
130	115	-1	0
115	48	-1	0
48	57	-1	0
57	168	-1	0
168	86	-1	0
86	76	-1	0
76	68	-1	0
68	43	-1	0
43	90	-1	0
90	141	-1	0
141	31	-1	0
31	135	-1	0
135	75	-1	0
75	73	-1	0
73	147	-1	0
147	74	-1	0
74	53	-1	0
53	9	-1	0
9	88	-1	0
88	55	-1	0
55	3	-1	0
3	60	-1	0
60	56	-1	0
56	145	-1	0
145	167	-1	0
167	91	-1	0
91	61	-1	0
61	35	-1	0
35	72	-1	0
72	137	-1	0
137	165	-1	0
165	174	-1	0
174	108	-1	0
108	83	-1	0
83	120	-1	0
120	154	-1	0
154	172	-1	0
172	101	-1	0
101	100	-1	0
100	11	-1	0
11	62	-1	0
62	41	-1	0
41	12	-1	0
12	66	-1	0
66	112	-1	0
112	110	-1	0
110	153	-1	0
153	10	-1	0
10	4	-1	0
4	116	-1	0
116	49	-1	0
49	151	-1	0
151	77	-1	0
77	65	-1	0
65	96	-1	0
96	97	-1	0
97	18	-1	0
18	38	-1	0
38	126	-1	0
126	1	-1	0
1	78	-1	0
78	7	-1	0
7	39	-1	0
39	119	-1	0
119	144	-1	0
144	122	-1	0
122	133	-1	0
133	33	-1	0
33	150	-1	0
150	143	-1	0
143	89	-1	0
89	79	-1	0
79	164	-1	0
164	161	-1	0
161	51	-1	0
51	82	-1	0
82	25	-1	0
25	5	-1	0
5	106	-1	0
106	131	-1	0
131	156	-1	0
156	54	-1	0
54	132	-1	0
132	98	-1	0
98	50	-1	0
50	30	-1	0
30	45	-1	0
45	20	-1	0
20	29	-1	0
29	52	-1	0
52	109	-1	0
109	114	-1	0
114	136	-1	0
136	159	-1	0
159	6	-1	0
6	169	-1	0
169	105	-1	0
105	170	-1	0
170	155	-1	0
155	81	-1	0
81	26	-1	0
26	92	-1	0
92	139	-1	0
139	69	-1	0
69	42	-1	0
42	44	-1	0
44	85	-1	0
85	46	-1	0
46	149	-1	0
149	14	-1	0
14	21	-1	0
21	162	-1	0
162	67	-1	0
67	146	-1	0
146	17	-1	0
17	32	-1	0
32	34	-1	0
34	40	-1	0
40	16	-1	0
16	158	-1	0
158	70	-1	0
70	47	-1	0
47	22	-1	0
22	0	-1	0
