/* Number of Operations */
175
/* List of Operations. */
/* Start	End	Fly	#Internal	Locations...*/
0	137	-1	0
137	144	-1	0
144	49	-1	0
49	30	-1	0
30	51	-1	0
51	34	-1	0
34	95	-1	0
95	118	-1	0
118	54	-1	0
54	157	-1	0
157	160	-1	0
160	28	-1	0
28	168	-1	0
168	23	-1	0
23	7	-1	0
7	50	-1	0
50	13	-1	0
13	59	-1	0
59	12	-1	0
12	152	-1	0
152	164	-1	0
164	61	-1	0
61	17	-1	0
17	130	-1	0
130	126	-1	0
126	57	-1	0
57	129	-1	0
129	80	-1	0
80	60	-1	0
60	6	-1	0
6	122	-1	0
122	121	-1	0
121	110	-1	0
110	103	-1	0
103	73	-1	0
73	98	-1	0
98	1	-1	0
1	39	-1	0
39	33	-1	0
33	128	-1	0
128	92	-1	0
92	42	-1	0
42	53	-1	0
53	29	-1	0
29	10	-1	0
10	24	-1	0
24	90	-1	0
90	38	-1	0
38	31	-1	0
31	89	-1	0
89	136	-1	0
136	132	-1	0
132	25	-1	0
25	139	-1	0
139	108	-1	0
108	158	-1	0
158	45	-1	0
45	101	-1	0
101	169	-1	0
169	86	-1	0
86	114	-1	0
114	172	-1	0
172	77	-1	0
77	163	-1	0
163	142	-1	0
142	2	-1	0
2	36	-1	0
36	16	-1	0
16	113	-1	0
113	27	-1	0
27	102	-1	0
102	133	-1	0
133	41	-1	0
41	32	-1	0
32	173	-1	0
173	44	-1	0
44	47	-1	0
47	140	-1	0
140	116	-1	0
116	123	-1	0
123	70	-1	0
70	85	-1	0
85	117	-1	0
117	4	-1	0
4	112	-1	0
112	109	-1	0
109	14	-1	0
14	141	-1	0
141	21	-1	0
21	15	-1	0
15	97	-1	0
97	78	-1	0
78	96	-1	0
96	74	-1	0
74	131	-1	0
131	22	-1	0
22	155	-1	0
155	165	-1	0
165	107	-1	0
107	146	-1	0
146	94	-1	0
94	84	-1	0
84	19	-1	0
19	154	-1	0
154	56	-1	0
56	18	-1	0
18	11	-1	0
11	170	-1	0
170	124	-1	0
124	153	-1	0
153	81	-1	0
81	99	-1	0
99	147	-1	0
147	134	-1	0
134	76	-1	0
76	3	-1	0
3	9	-1	0
9	5	-1	0
5	166	-1	0
166	69	-1	0
69	55	-1	0
55	67	-1	0
67	125	-1	0
125	26	-1	0
26	127	-1	0
127	88	-1	0
88	174	-1	0
174	75	-1	0
75	37	-1	0
37	151	-1	0
151	115	-1	0
115	48	-1	0
48	63	-1	0
63	46	-1	0
46	68	-1	0
68	171	-1	0
171	64	-1	0
64	106	-1	0
106	120	-1	0
120	119	-1	0
119	161	-1	0
161	65	-1	0
65	156	-1	0
156	71	-1	0
71	82	-1	0
82	62	-1	0
62	135	-1	0
135	87	-1	0
87	104	-1	0
104	58	-1	0
58	159	-1	0
159	8	-1	0
8	79	-1	0
79	43	-1	0
43	93	-1	0
93	162	-1	0
162	148	-1	0
148	138	-1	0
138	40	-1	0
40	83	-1	0
83	105	-1	0
105	35	-1	0
35	66	-1	0
66	145	-1	0
145	91	-1	0
91	143	-1	0
143	111	-1	0
111	72	-1	0
72	149	-1	0
149	52	-1	0
52	20	-1	0
20	150	-1	0
150	167	-1	0
167	100	-1	0
100	0	-1	0
