/* Number of Operations */
250
/* List of Operations. */
/* Start	End	Fly	#Internal	Locations...*/
0	79	-1	0
79	120	-1	0
120	127	-1	0
127	166	-1	0
166	133	-1	0
133	230	-1	0
230	97	-1	0
97	40	-1	0
40	99	-1	0
99	164	-1	0
164	107	-1	0
107	225	-1	0
225	232	-1	0
232	235	-1	0
235	44	-1	0
44	200	-1	0
200	11	-1	0
11	19	-1	0
19	64	-1	0
64	220	-1	0
220	24	-1	0
24	71	-1	0
71	9	-1	0
9	223	-1	0
223	70	-1	0
70	175	-1	0
175	248	-1	0
248	69	-1	0
69	205	-1	0
205	88	-1	0
88	140	-1	0
140	89	-1	0
89	55	-1	0
55	147	-1	0
147	114	-1	0
114	167	-1	0
167	238	-1	0
238	134	-1	0
134	213	-1	0
213	36	-1	0
36	109	-1	0
109	187	-1	0
187	155	-1	0
155	111	-1	0
111	132	-1	0
132	169	-1	0
169	131	-1	0
131	18	-1	0
18	174	-1	0
174	16	-1	0
16	148	-1	0
148	204	-1	0
204	215	-1	0
215	188	-1	0
188	246	-1	0
246	231	-1	0
231	47	-1	0
47	12	-1	0
12	2	-1	0
2	54	-1	0
54	52	-1	0
52	154	-1	0
154	184	-1	0
184	41	-1	0
41	84	-1	0
84	23	-1	0
23	113	-1	0
113	13	-1	0
13	1	-1	0
1	30	-1	0
30	87	-1	0
87	189	-1	0
189	112	-1	0
112	242	-1	0
242	48	-1	0
48	128	-1	0
128	249	-1	0
249	170	-1	0
170	161	-1	0
161	83	-1	0
83	201	-1	0
201	38	-1	0
38	185	-1	0
185	42	-1	0
42	39	-1	0
39	178	-1	0
178	75	-1	0
75	181	-1	0
181	126	-1	0
126	191	-1	0
191	194	-1	0
194	15	-1	0
15	206	-1	0
206	65	-1	0
65	53	-1	0
53	227	-1	0
227	22	-1	0
22	20	-1	0
20	173	-1	0
173	171	-1	0
171	180	-1	0
180	142	-1	0
142	143	-1	0
143	8	-1	0
8	219	-1	0
219	202	-1	0
202	144	-1	0
144	221	-1	0
221	10	-1	0
10	90	-1	0
90	165	-1	0
165	101	-1	0
101	74	-1	0
74	244	-1	0
244	56	-1	0
56	60	-1	0
60	145	-1	0
145	92	-1	0
92	72	-1	0
72	239	-1	0
239	240	-1	0
240	198	-1	0
198	196	-1	0
196	98	-1	0
98	176	-1	0
176	29	-1	0
29	236	-1	0
236	76	-1	0
76	80	-1	0
80	7	-1	0
7	93	-1	0
93	119	-1	0
119	247	-1	0
247	193	-1	0
193	108	-1	0
108	86	-1	0
86	208	-1	0
208	3	-1	0
3	150	-1	0
150	229	-1	0
229	241	-1	0
241	103	-1	0
103	81	-1	0
81	159	-1	0
159	136	-1	0
136	190	-1	0
190	183	-1	0
183	82	-1	0
82	46	-1	0
46	6	-1	0
6	212	-1	0
212	233	-1	0
233	130	-1	0
130	123	-1	0
123	51	-1	0
51	57	-1	0
57	214	-1	0
214	49	-1	0
49	27	-1	0
27	172	-1	0
172	31	-1	0
31	68	-1	0
68	116	-1	0
116	58	-1	0
58	117	-1	0
117	218	-1	0
218	95	-1	0
95	182	-1	0
182	50	-1	0
50	63	-1	0
63	211	-1	0
211	163	-1	0
163	91	-1	0
91	217	-1	0
217	28	-1	0
28	32	-1	0
32	149	-1	0
149	209	-1	0
209	105	-1	0
105	234	-1	0
234	157	-1	0
157	210	-1	0
210	179	-1	0
179	122	-1	0
122	25	-1	0
25	59	-1	0
59	160	-1	0
160	62	-1	0
62	102	-1	0
102	138	-1	0
138	151	-1	0
151	96	-1	0
96	237	-1	0
237	110	-1	0
110	152	-1	0
152	124	-1	0
124	135	-1	0
135	17	-1	0
17	66	-1	0
66	186	-1	0
186	5	-1	0
5	14	-1	0
14	195	-1	0
195	37	-1	0
37	139	-1	0
139	245	-1	0
245	106	-1	0
106	34	-1	0
34	146	-1	0
146	115	-1	0
115	121	-1	0
121	158	-1	0
158	207	-1	0
207	43	-1	0
43	26	-1	0
26	100	-1	0
100	85	-1	0
85	94	-1	0
94	168	-1	0
168	67	-1	0
67	203	-1	0
203	77	-1	0
77	73	-1	0
73	197	-1	0
197	33	-1	0
33	153	-1	0
153	216	-1	0
216	228	-1	0
228	199	-1	0
199	125	-1	0
125	222	-1	0
222	129	-1	0
129	35	-1	0
35	61	-1	0
61	104	-1	0
104	156	-1	0
156	192	-1	0
192	21	-1	0
21	118	-1	0
118	224	-1	0
224	162	-1	0
162	243	-1	0
243	137	-1	0
137	4	-1	0
4	45	-1	0
45	78	-1	0
78	226	-1	0
226	177	-1	0
177	141	-1	0
141	0	-1	0
