/* Number of Operations */
100
/* List of Operations. */
/* Start	End	Fly	#Internal	Locations...*/
0	22	-1	0
22	92	-1	0
92	44	-1	0
44	21	-1	0
21	89	-1	0
89	73	-1	0
73	8	-1	0
8	40	-1	0
40	42	-1	0
42	12	-1	0
12	55	-1	0
55	19	-1	0
19	53	-1	0
53	62	-1	0
62	26	-1	0
26	48	-1	0
48	61	-1	0
61	24	-1	0
24	52	-1	0
52	28	-1	0
28	99	-1	0
99	33	-1	0
33	56	-1	0
56	81	-1	0
81	47	-1	0
47	59	-1	0
59	88	-1	0
88	84	-1	0
84	74	-1	0
74	54	-1	0
54	72	-1	0
72	38	-1	0
38	90	-1	0
90	30	-1	0
30	66	-1	0
66	4	-1	0
4	39	-1	0
39	2	-1	0
2	49	-1	0
49	87	-1	0
87	18	-1	0
18	25	-1	0
25	45	-1	0
45	70	-1	0
70	41	-1	0
41	6	-1	0
6	77	-1	0
77	75	-1	0
75	57	-1	0
57	5	-1	0
5	20	-1	0
20	86	-1	0
86	43	-1	0
43	63	-1	0
63	68	-1	0
68	85	-1	0
85	16	-1	0
16	11	-1	0
11	17	-1	0
17	64	-1	0
64	67	-1	0
67	76	-1	0
76	34	-1	0
34	13	-1	0
13	91	-1	0
91	9	-1	0
9	71	-1	0
71	50	-1	0
50	27	-1	0
27	82	-1	0
82	95	-1	0
95	58	-1	0
58	35	-1	0
35	65	-1	0
65	51	-1	0
51	60	-1	0
60	36	-1	0
36	80	-1	0
80	83	-1	0
83	15	-1	0
15	93	-1	0
93	97	-1	0
97	1	-1	0
1	10	-1	0
10	46	-1	0
46	78	-1	0
78	31	-1	0
31	69	-1	0
69	37	-1	0
37	94	-1	0
94	29	-1	0
29	96	-1	0
96	32	-1	0
32	7	-1	0
7	79	-1	0
79	3	-1	0
3	14	-1	0
14	98	-1	0
98	23	-1	0
23	0	-1	0
