/* Number of Operations */
175
/* List of Operations. */
/* Start	End	Fly	#Internal	Locations...*/
0	56	-1	0
56	42	-1	0
42	35	-1	0
35	38	-1	0
38	90	-1	0
90	137	-1	0
137	53	-1	0
53	3	-1	0
3	67	-1	0
67	16	-1	0
16	105	-1	0
105	36	-1	0
36	71	-1	0
71	69	-1	0
69	91	-1	0
91	174	-1	0
174	89	-1	0
89	149	-1	0
149	169	-1	0
169	26	-1	0
26	44	-1	0
44	51	-1	0
51	107	-1	0
107	143	-1	0
143	32	-1	0
32	146	-1	0
146	49	-1	0
49	132	-1	0
132	163	-1	0
163	75	-1	0
75	135	-1	0
135	30	-1	0
30	59	-1	0
59	85	-1	0
85	126	-1	0
126	78	-1	0
78	158	-1	0
158	25	-1	0
25	15	-1	0
15	157	-1	0
157	148	-1	0
148	96	-1	0
96	57	-1	0
57	134	-1	0
134	129	-1	0
129	47	-1	0
47	5	-1	0
5	6	-1	0
6	170	-1	0
170	161	-1	0
161	131	-1	0
131	74	-1	0
74	58	-1	0
58	106	-1	0
106	141	-1	0
141	121	-1	0
121	60	-1	0
60	48	-1	0
48	162	-1	0
162	111	-1	0
111	64	-1	0
64	115	-1	0
115	22	-1	0
22	10	-1	0
10	11	-1	0
11	21	-1	0
21	28	-1	0
28	167	-1	0
167	86	-1	0
86	142	-1	0
142	97	-1	0
97	108	-1	0
108	112	-1	0
112	113	-1	0
113	17	-1	0
17	55	-1	0
55	173	-1	0
173	52	-1	0
52	46	-1	0
46	24	-1	0
24	19	-1	0
19	72	-1	0
72	120	-1	0
120	31	-1	0
31	43	-1	0
43	122	-1	0
122	144	-1	0
144	164	-1	0
164	50	-1	0
50	79	-1	0
79	124	-1	0
124	83	-1	0
83	88	-1	0
88	138	-1	0
138	165	-1	0
165	159	-1	0
159	151	-1	0
151	127	-1	0
127	153	-1	0
153	93	-1	0
93	101	-1	0
101	104	-1	0
104	136	-1	0
136	102	-1	0
102	147	-1	0
147	133	-1	0
133	7	-1	0
7	40	-1	0
40	145	-1	0
145	68	-1	0
68	160	-1	0
160	14	-1	0
14	155	-1	0
155	80	-1	0
80	109	-1	0
109	98	-1	0
98	37	-1	0
37	139	-1	0
139	130	-1	0
130	154	-1	0
154	34	-1	0
34	39	-1	0
39	114	-1	0
114	76	-1	0
76	70	-1	0
70	128	-1	0
128	150	-1	0
150	82	-1	0
82	119	-1	0
119	20	-1	0
20	27	-1	0
27	103	-1	0
103	63	-1	0
63	8	-1	0
8	117	-1	0
117	87	-1	0
87	118	-1	0
118	94	-1	0
94	166	-1	0
166	110	-1	0
110	92	-1	0
92	54	-1	0
54	4	-1	0
4	116	-1	0
116	156	-1	0
156	33	-1	0
33	84	-1	0
84	168	-1	0
168	77	-1	0
77	95	-1	0
95	152	-1	0
152	62	-1	0
62	9	-1	0
9	23	-1	0
23	2	-1	0
2	41	-1	0
41	45	-1	0
45	81	-1	0
81	140	-1	0
140	125	-1	0
125	29	-1	0
29	99	-1	0
99	171	-1	0
171	73	-1	0
73	18	-1	0
18	12	-1	0
12	172	-1	0
172	13	-1	0
13	123	-1	0
123	100	-1	0
100	66	-1	0
66	1	-1	0
1	61	-1	0
61	65	-1	0
65	0	-1	0
