/* Number of Operations */
375
/* List of Operations. */
/* Start	End	Fly	#Internal	Locations...*/
0	164	-1	0
164	304	-1	0
304	18	-1	0
18	224	-1	0
224	127	-1	0
127	83	-1	0
83	92	-1	0
92	326	-1	0
326	65	-1	0
65	148	-1	0
148	330	-1	0
330	112	-1	0
112	257	-1	0
257	269	-1	0
269	211	-1	0
211	305	-1	0
305	70	-1	0
70	173	-1	0
173	154	-1	0
154	288	-1	0
288	99	-1	0
99	283	-1	0
283	68	-1	0
68	12	-1	0
12	147	-1	0
147	172	-1	0
172	348	-1	0
348	96	-1	0
96	281	-1	0
281	223	-1	0
223	190	-1	0
190	159	-1	0
159	262	-1	0
262	264	-1	0
264	282	-1	0
282	187	-1	0
187	276	-1	0
276	51	-1	0
51	320	-1	0
320	80	-1	0
80	203	-1	0
203	369	-1	0
369	271	-1	0
271	343	-1	0
343	94	-1	0
94	307	-1	0
307	129	-1	0
129	93	-1	0
93	115	-1	0
115	85	-1	0
85	174	-1	0
174	185	-1	0
185	157	-1	0
157	29	-1	0
29	188	-1	0
188	72	-1	0
72	131	-1	0
131	248	-1	0
248	9	-1	0
9	41	-1	0
41	337	-1	0
337	82	-1	0
82	234	-1	0
234	59	-1	0
59	150	-1	0
150	189	-1	0
189	5	-1	0
5	91	-1	0
91	231	-1	0
231	102	-1	0
102	139	-1	0
139	60	-1	0
60	117	-1	0
117	344	-1	0
344	165	-1	0
165	167	-1	0
167	251	-1	0
251	340	-1	0
340	16	-1	0
16	373	-1	0
373	151	-1	0
151	246	-1	0
246	191	-1	0
191	58	-1	0
58	328	-1	0
328	195	-1	0
195	61	-1	0
61	145	-1	0
145	21	-1	0
21	286	-1	0
286	53	-1	0
53	110	-1	0
110	36	-1	0
36	252	-1	0
252	202	-1	0
202	2	-1	0
2	19	-1	0
19	198	-1	0
198	353	-1	0
353	132	-1	0
132	297	-1	0
297	285	-1	0
285	354	-1	0
354	267	-1	0
267	241	-1	0
241	351	-1	0
351	10	-1	0
10	118	-1	0
118	291	-1	0
291	14	-1	0
14	135	-1	0
135	104	-1	0
104	24	-1	0
24	359	-1	0
359	341	-1	0
341	181	-1	0
181	332	-1	0
332	366	-1	0
366	3	-1	0
3	88	-1	0
88	261	-1	0
261	290	-1	0
290	272	-1	0
272	265	-1	0
265	178	-1	0
178	186	-1	0
186	27	-1	0
27	125	-1	0
125	103	-1	0
103	273	-1	0
273	345	-1	0
345	109	-1	0
109	57	-1	0
57	335	-1	0
335	87	-1	0
87	342	-1	0
342	30	-1	0
30	206	-1	0
206	355	-1	0
355	372	-1	0
372	177	-1	0
177	357	-1	0
357	4	-1	0
4	81	-1	0
81	184	-1	0
184	256	-1	0
256	160	-1	0
160	292	-1	0
292	86	-1	0
86	108	-1	0
108	62	-1	0
62	240	-1	0
240	360	-1	0
360	316	-1	0
316	255	-1	0
255	217	-1	0
217	17	-1	0
17	210	-1	0
210	300	-1	0
300	258	-1	0
258	349	-1	0
349	34	-1	0
34	66	-1	0
66	327	-1	0
327	44	-1	0
44	259	-1	0
259	122	-1	0
122	113	-1	0
113	239	-1	0
239	338	-1	0
338	13	-1	0
13	314	-1	0
314	26	-1	0
26	236	-1	0
236	278	-1	0
278	228	-1	0
228	105	-1	0
105	156	-1	0
156	235	-1	0
235	32	-1	0
32	119	-1	0
119	114	-1	0
114	141	-1	0
141	317	-1	0
317	284	-1	0
284	42	-1	0
42	207	-1	0
207	253	-1	0
253	49	-1	0
49	193	-1	0
193	101	-1	0
101	28	-1	0
28	194	-1	0
194	130	-1	0
130	126	-1	0
126	213	-1	0
213	196	-1	0
196	296	-1	0
296	1	-1	0
1	232	-1	0
232	55	-1	0
55	106	-1	0
106	77	-1	0
77	39	-1	0
39	128	-1	0
128	225	-1	0
225	358	-1	0
358	298	-1	0
298	166	-1	0
166	368	-1	0
368	347	-1	0
347	374	-1	0
374	319	-1	0
319	331	-1	0
331	78	-1	0
78	260	-1	0
260	107	-1	0
107	121	-1	0
121	325	-1	0
325	279	-1	0
279	64	-1	0
64	350	-1	0
350	76	-1	0
76	249	-1	0
249	79	-1	0
79	230	-1	0
230	334	-1	0
334	152	-1	0
152	371	-1	0
371	303	-1	0
303	254	-1	0
254	74	-1	0
74	293	-1	0
293	227	-1	0
227	11	-1	0
11	45	-1	0
45	312	-1	0
312	138	-1	0
138	275	-1	0
275	75	-1	0
75	294	-1	0
294	142	-1	0
142	216	-1	0
216	299	-1	0
299	171	-1	0
171	137	-1	0
137	361	-1	0
361	324	-1	0
324	170	-1	0
170	302	-1	0
302	162	-1	0
162	222	-1	0
222	352	-1	0
352	134	-1	0
134	339	-1	0
339	20	-1	0
20	243	-1	0
243	35	-1	0
35	176	-1	0
176	37	-1	0
37	321	-1	0
321	242	-1	0
242	315	-1	0
315	308	-1	0
308	63	-1	0
63	226	-1	0
226	365	-1	0
365	219	-1	0
219	322	-1	0
322	136	-1	0
136	98	-1	0
98	155	-1	0
155	183	-1	0
183	199	-1	0
199	250	-1	0
250	329	-1	0
329	367	-1	0
367	277	-1	0
277	370	-1	0
370	208	-1	0
208	218	-1	0
218	168	-1	0
168	133	-1	0
133	323	-1	0
323	229	-1	0
229	362	-1	0
362	209	-1	0
209	163	-1	0
163	48	-1	0
48	31	-1	0
31	67	-1	0
67	23	-1	0
23	212	-1	0
212	179	-1	0
179	306	-1	0
306	295	-1	0
295	146	-1	0
146	301	-1	0
301	43	-1	0
43	263	-1	0
263	214	-1	0
214	69	-1	0
69	346	-1	0
346	266	-1	0
266	54	-1	0
54	97	-1	0
97	25	-1	0
25	153	-1	0
153	270	-1	0
270	33	-1	0
33	50	-1	0
50	15	-1	0
15	7	-1	0
7	311	-1	0
311	71	-1	0
71	8	-1	0
8	6	-1	0
6	89	-1	0
89	309	-1	0
309	197	-1	0
197	313	-1	0
313	289	-1	0
289	274	-1	0
274	38	-1	0
38	336	-1	0
336	220	-1	0
220	124	-1	0
124	287	-1	0
287	22	-1	0
22	233	-1	0
233	140	-1	0
140	52	-1	0
52	182	-1	0
182	237	-1	0
237	244	-1	0
244	280	-1	0
280	90	-1	0
90	201	-1	0
201	158	-1	0
158	46	-1	0
46	100	-1	0
100	116	-1	0
116	238	-1	0
238	95	-1	0
95	215	-1	0
215	245	-1	0
245	180	-1	0
180	204	-1	0
204	120	-1	0
120	143	-1	0
143	200	-1	0
200	47	-1	0
47	318	-1	0
318	161	-1	0
161	333	-1	0
333	84	-1	0
84	40	-1	0
40	144	-1	0
144	310	-1	0
310	73	-1	0
73	192	-1	0
192	205	-1	0
205	268	-1	0
268	111	-1	0
111	169	-1	0
169	123	-1	0
123	149	-1	0
149	56	-1	0
56	364	-1	0
364	175	-1	0
175	247	-1	0
247	363	-1	0
363	221	-1	0
221	356	-1	0
356	0	-1	0
