/* Number of Operations */
175
/* List of Operations. */
/* Start	End	Fly	#Internal	Locations...*/
0	40	-1	0
40	168	-1	0
168	150	-1	0
150	3	-1	0
3	140	-1	0
140	75	-1	0
75	73	-1	0
73	111	-1	0
111	14	-1	0
14	64	-1	0
64	13	-1	0
13	152	-1	0
152	21	-1	0
21	139	-1	0
139	130	-1	0
130	86	-1	0
86	4	-1	0
4	48	-1	0
48	99	-1	0
99	81	-1	0
81	102	-1	0
102	74	-1	0
74	170	-1	0
170	8	-1	0
8	169	-1	0
169	20	-1	0
20	117	-1	0
117	44	-1	0
44	107	-1	0
107	1	-1	0
1	172	-1	0
172	57	-1	0
57	160	-1	0
160	62	-1	0
62	72	-1	0
72	171	-1	0
171	161	-1	0
161	76	-1	0
76	153	-1	0
153	113	-1	0
113	101	-1	0
101	173	-1	0
173	22	-1	0
22	121	-1	0
121	157	-1	0
157	28	-1	0
28	158	-1	0
158	69	-1	0
69	11	-1	0
11	78	-1	0
78	165	-1	0
165	84	-1	0
84	55	-1	0
55	50	-1	0
50	7	-1	0
7	59	-1	0
59	87	-1	0
87	144	-1	0
144	90	-1	0
90	123	-1	0
123	115	-1	0
115	60	-1	0
60	92	-1	0
92	132	-1	0
132	136	-1	0
136	51	-1	0
51	6	-1	0
6	91	-1	0
91	52	-1	0
52	112	-1	0
112	56	-1	0
56	65	-1	0
65	105	-1	0
105	94	-1	0
94	114	-1	0
114	68	-1	0
68	100	-1	0
100	77	-1	0
77	12	-1	0
12	26	-1	0
26	116	-1	0
116	127	-1	0
127	67	-1	0
67	41	-1	0
41	151	-1	0
151	96	-1	0
96	163	-1	0
163	164	-1	0
164	118	-1	0
118	137	-1	0
137	29	-1	0
29	133	-1	0
133	63	-1	0
63	103	-1	0
103	66	-1	0
66	79	-1	0
79	5	-1	0
5	58	-1	0
58	120	-1	0
120	119	-1	0
119	24	-1	0
24	18	-1	0
18	143	-1	0
143	122	-1	0
122	106	-1	0
106	129	-1	0
129	36	-1	0
36	104	-1	0
104	23	-1	0
23	148	-1	0
148	32	-1	0
32	125	-1	0
125	174	-1	0
174	80	-1	0
80	85	-1	0
85	83	-1	0
83	49	-1	0
49	98	-1	0
98	82	-1	0
82	131	-1	0
131	141	-1	0
141	54	-1	0
54	37	-1	0
37	135	-1	0
135	154	-1	0
154	47	-1	0
47	46	-1	0
46	93	-1	0
93	138	-1	0
138	15	-1	0
15	159	-1	0
159	2	-1	0
2	95	-1	0
95	110	-1	0
110	166	-1	0
166	39	-1	0
39	108	-1	0
108	70	-1	0
70	10	-1	0
10	30	-1	0
30	147	-1	0
147	145	-1	0
145	97	-1	0
97	17	-1	0
17	89	-1	0
89	146	-1	0
146	134	-1	0
134	27	-1	0
27	33	-1	0
33	155	-1	0
155	128	-1	0
128	88	-1	0
88	109	-1	0
109	156	-1	0
156	45	-1	0
45	38	-1	0
38	43	-1	0
43	35	-1	0
35	25	-1	0
25	34	-1	0
34	142	-1	0
142	124	-1	0
124	162	-1	0
162	19	-1	0
19	126	-1	0
126	53	-1	0
53	42	-1	0
42	167	-1	0
167	31	-1	0
31	16	-1	0
16	61	-1	0
61	9	-1	0
9	71	-1	0
71	149	-1	0
149	0	-1	0
