/* Number of Operations */
100
/* List of Operations. */
/* Start	End	Fly	#Internal	Locations...*/
0	11	-1	0
11	50	-1	0
50	22	-1	0
22	92	-1	0
92	90	-1	0
90	43	-1	0
43	79	-1	0
79	33	-1	0
33	59	-1	0
59	21	-1	0
21	76	-1	0
76	54	-1	0
54	74	-1	0
74	9	-1	0
9	3	-1	0
3	45	-1	0
45	20	-1	0
20	39	-1	0
39	61	-1	0
61	10	-1	0
10	95	-1	0
95	27	-1	0
27	91	-1	0
91	25	-1	0
25	55	-1	0
55	99	-1	0
99	6	-1	0
6	44	-1	0
44	84	-1	0
84	62	-1	0
62	68	-1	0
68	8	-1	0
8	35	-1	0
35	89	-1	0
89	85	-1	0
85	56	-1	0
56	29	-1	0
29	73	-1	0
73	17	-1	0
17	97	-1	0
97	46	-1	0
46	58	-1	0
58	28	-1	0
28	41	-1	0
41	83	-1	0
83	86	-1	0
86	34	-1	0
34	63	-1	0
63	53	-1	0
53	24	-1	0
24	18	-1	0
18	12	-1	0
12	30	-1	0
30	65	-1	0
65	82	-1	0
82	69	-1	0
69	5	-1	0
5	78	-1	0
78	14	-1	0
14	70	-1	0
70	49	-1	0
49	64	-1	0
64	75	-1	0
75	1	-1	0
1	42	-1	0
42	67	-1	0
67	36	-1	0
36	66	-1	0
66	98	-1	0
98	13	-1	0
13	88	-1	0
88	57	-1	0
57	40	-1	0
40	23	-1	0
23	47	-1	0
47	96	-1	0
96	81	-1	0
81	32	-1	0
32	77	-1	0
77	71	-1	0
71	37	-1	0
37	31	-1	0
31	16	-1	0
16	93	-1	0
93	2	-1	0
2	15	-1	0
15	51	-1	0
51	80	-1	0
80	7	-1	0
7	38	-1	0
38	4	-1	0
4	48	-1	0
48	19	-1	0
19	26	-1	0
26	60	-1	0
60	52	-1	0
52	87	-1	0
87	94	-1	0
94	72	-1	0
72	0	-1	0
