/* Number of Operations */
100
/* List of Operations. */
/* Start	End	Fly	#Internal	Locations...*/
0	55	-1	0
55	75	-1	0
75	34	-1	0
34	9	-1	0
9	43	-1	0
43	2	-1	0
2	10	-1	0
10	25	-1	0
25	63	-1	0
63	23	-1	0
23	19	-1	0
19	6	-1	0
6	27	-1	0
27	1	-1	0
1	98	-1	0
98	80	-1	0
80	62	-1	0
62	86	-1	0
86	7	-1	0
7	73	-1	0
73	12	-1	0
12	40	-1	0
40	58	-1	0
58	82	-1	0
82	84	-1	0
84	66	-1	0
66	60	-1	0
60	78	-1	0
78	3	-1	0
3	33	-1	0
33	69	-1	0
69	49	-1	0
49	42	-1	0
42	90	-1	0
90	53	-1	0
53	21	-1	0
21	93	-1	0
93	13	-1	0
13	88	-1	0
88	72	-1	0
72	77	-1	0
77	71	-1	0
71	36	-1	0
36	67	-1	0
67	50	-1	0
50	70	-1	0
70	64	-1	0
64	76	-1	0
76	61	-1	0
61	16	-1	0
16	15	-1	0
15	32	-1	0
32	44	-1	0
44	35	-1	0
35	39	-1	0
39	37	-1	0
37	14	-1	0
14	46	-1	0
46	96	-1	0
96	18	-1	0
18	29	-1	0
29	85	-1	0
85	97	-1	0
97	4	-1	0
4	74	-1	0
74	8	-1	0
8	83	-1	0
83	99	-1	0
99	24	-1	0
24	91	-1	0
91	17	-1	0
17	65	-1	0
65	22	-1	0
22	92	-1	0
92	20	-1	0
20	56	-1	0
56	94	-1	0
94	28	-1	0
28	81	-1	0
81	57	-1	0
57	54	-1	0
54	79	-1	0
79	31	-1	0
31	26	-1	0
26	59	-1	0
59	47	-1	0
47	68	-1	0
68	95	-1	0
95	30	-1	0
30	11	-1	0
11	52	-1	0
52	51	-1	0
51	48	-1	0
48	45	-1	0
45	41	-1	0
41	38	-1	0
38	89	-1	0
89	5	-1	0
5	87	-1	0
87	0	-1	0
